0 0.8391304347826086 0.1219336709486166 0.3217391304347826 0.18853137351778657
0 0.7628458498023716 0.2533596837944664 0.38102766798418974 0.23320158102766805
0 0.1968379446640316 0.6316205533596838 0.11383399209486166 0.1391304347826087
1 0.23883711386528556 0.13022302984684136 0.04017519005913189 0.028261168179527268
1 0.2730552283686606 0.11900170932540037 0.017178357128732287 0.03075480066595616
1 0.2330186380636182 0.11082811050795009 0.026875816798177913 0.010528670498255273
1 0.25947884357321366 0.16444120383267313 0.0387898386777825 0.03186308177103565
1 0.29134180786069536 0.14116731431533106 0.03491085481000423 0.04904143889976791
1 0.28122918627726073 0.19962908613979904 0.04904143889976791 0.03241722232357538
1 0.31045926629050036 0.23149236811724855 0.07092999072508802 0.026875816798177913
1 0.36324155923817225 0.19131705827650156 0.046270736137069154 0.0662197960285002
1 0.3197415434863349 0.16194756792391246 0.029092379008336913 0.0324172223235754
1 0.26003317209943944 0.09988395266573918 0.01828663823381179 0.022442692377859886
1 0.2456253209484533 0.08187427861590962 0.01828663823381179 0.022442692377859886
1 0.23232596824712115 0.06843637363915255 0.013853513813493826 0.020503200443970762
1 0.22332117839417256 0.05527552011584011 0.010805740774525126 0.015793005747382887
1 0.20960619971881375 0.04308442795996559 0.019949059891431 0.023550973482939393
1 0.21764123773064015 0.08021184498012886 0.022165622101590052 0.014130584089763634
1 0.22456799463738697 0.09932969404275026 0.03324843315238498 0.020780270720240638
1 0.5386941015582709 0.5282271737138412 0.00972085530017759 0.00897309720016389
1 0.5409907871511698 0.5162630441136224 0.005768419628676786 0.0053411292858118395
1 0.5327654480510197 0.5163164554064807 0.011323194085921098 0.010575435985907487
1 0.5280652542795052 0.5267850688066719 0.005768419628676786 0.008652629443015133
1 0.5870313215948681 0.5582977315929619 0.032687711229168456 0.03557192104350689
1 0.6167280004239819 0.5828669263076963 0.024355549543301987 0.034076404843479485
1 0.6843466971823596 0.7355698125890566 0.013032355457380884 0.02200545265754478
1 0.6830114148609067 0.7200271263673443 0.024035081786153233 0.012711887700232223
1 0.6723291562892831 0.7400029498962806 0.009507210128745029 0.029162565900532688
1 0.6645845188248559 0.7254750782388723 0.012177774771650994 0.031512662786289815
1 0.6585490427318885 0.7091312226242882 0.012925532871664695 0.01548927492885429
1 0.671421164310695 0.7030423352384626 0.021150871971814884 0.019121242843206338
1 0.6377720498100805 0.7194396021459051 0.007050290657271628 0.01730525888603036
1 0.6276239041670381 0.7140984728600931 0.004700193771514418 0.016450678200300464
1 0.620840669974057 0.7100926258957343 0.008011693928717806 0.01848030732890901
1 0.6090367742524126 0.707315238667112 0.007904871343001522 0.01762572664317912
1 0.6587092766104629 0.6725978983093353 0.005554774457244313 0.018266662157476445
1 0.6697120029392352 0.672971777359342 0.0064093551429742065 0.02157816231467983
1 0.6546500183532459 0.6502719778946416 0.012818710285948413 0.011216371500204818
1 0.6675755512249105 0.652194784437534 0.005768419628676786 0.018266662157476535
1 0.6307217591528087 0.7553854022394186 0.011323194085921098 0.015061984585989341
1 0.6231373555669559 0.7569877410251621 0.008332161685866469 0.01570292010028676
1 0.6163007100811168 0.7570411523180204 0.007477581000136573 0.016237033028867986
1 0.5819037797293691 0.7416052893417526 0.030764904686276198 0.03899024378642638
1 0.6387868643743846 0.7846013794328094 0.018907597671773867 0.026064710914761768
1 0.604603636945189 0.6841881488595469 0.00672982290012287 0.021791807486112303
1 0.5899689427020645 0.6609008251734072 0.00972085530017759 0.017732549228895306
1 0.6086094839095478 0.6602598896591099 0.016664323371732938 0.025851065743329304
1 0.5920519831235311 0.6862177779881553 0.008545806857298941 0.02286003334327467
1 0.5781116356875624 0.6666692448020839 0.014848339414556868 0.009827677885893784
1 0.5778445792232717 0.6834938020523913 0.01474151682884068 0.016557500786016744
1 0.647920195453123 0.5831339827719868 0.022432743000409726 0.02948303365768136
1 0.5522605699442331 0.5523690780857106 0.005447951871528031 0.0185871299146252
1 0.5616075461944037 0.5505530941285346 0.006195709971541733 0.020082646114652512
1 0.5375724644082504 0.599050548043706 0.00897309720016389 0.031405840200573604
1 0.5471330858298535 0.5975016205508207 0.008652629443015133 0.025316952814748155
1 0.5688714820231077 0.5969675076222394 0.017091613714597883 0.027453404529072807
1 0.5244866976580113 0.5956856365936448 0.015275629757421905 0.02873527555766765
1 0.5363974159653717 0.66848522875926 0.02286003334327467 0.030764904686276198
1 0.5187716893221926 0.7297479816675216 0.015809742686003044 0.03770837275783163
1 0.5399225612940076 0.7015468190384353 0.024141904371869513 0.023607791443288374
1 0.5172227618293073 0.6597257767305286 0.0137801135573945 0.054052228372415814
1 0.5197865038864972 0.7823581051327683 0.03065808210056 0.007904871343001522
0 0.5375723455088864 0.7860434843399784 0.01559609751457057 0.01848030732890892
0 0.5263560929080456 0.7666017737396235 0.03439687260062824 0.015702920100286847
0 0.5551981910514295 0.7771772097255308 0.01751890405746283 0.0419812761864811
1 0.5147124310649757 0.5246486170923471 0.021364517143247358 0.008652629443015133
1 0.5161011246792868 0.5617160543358812 0.010895903743056152 0.01442104907169192
1 0.5290266575509516 0.5569624492715088 0.009614032714461313 0.020082646114652512
1 0.5274777300580661 0.5607546510644352 0.04646782478656304 0.04005846964358884
1 0.5355428352796419 0.5987834915794154 0.049779324943766336 0.03834930827212905
1 0.6516745044310653 0.5275040793211603 0.02720326348831497 0.02317315037893505
1 0.6215745971453831 0.7471452437823705 0.0370266641924287 0.04080489523247259
1 0.6859304658607952 0.5900967735512186 0.03526348970707499 0.05919228629401884
1 0.5098648993947563 0.504079046872889 0.02669949934964247 0.01813550899221004
1 0.6137662529959594 0.505086575150234 0.02997396625101377 0.018639273130882546
