1 0.6660714285714285 0.28035714285714286 0.19642857142857142 0.2714285714285714
1 0.7848214285714286 0.4955357142857143 0.40535714285714286 0.12678571428571425
1 0.7928571428571429 0.5910714285714285 0.31785714285714284 0.10714285714285714
1 0.6848214285714286 0.6446428571428571 0.18035714285714285 0.21785714285714286
1 0.6571428571428571 0.7589285714285714 0.17857142857142858 0.34285714285714286
1 0.49464285714285716 0.7464285714285712 0.17857142857142858 0.35
1 0.46875 0.7767857142857144 0.22321428571428573 0.25714285714285706
1 0.3580357142857142 0.7830357142857144 0.17321428571428568 0.23392857142857143
1 0.2625 0.6598214285714286 0.21785714285714286 0.14821428571428572
1 0.17767857142857146 0.5160714285714285 0.2589285714285715 0.12857142857142853
1 0.25178571428571433 0.4044642857142857 0.28928571428571437 0.13750000000000004
1 0.2 0.2785714285714286 0.25 0.18928571428571428
1 0.3428571428571429 0.25803571428571426 0.20714285714285716 0.20535714285714285
1 0.35535714285714287 0.22678571428571428 0.18571428571428572 0.23214285714285715
1 0.4973214285714286 0.29642857142857143 0.14821428571428572 0.29642857142857143
1 0.4419642857142857 0.5285714285714286 0.2375 0.23214285714285715
