1 0.7971887550200801 0.325 0.09504685408299869 0.16785714285714284
1 0.7235609103078983 0.3294642857142857 0.1111111111111111 0.19107142857142853
1 0.6231593038821956 0.2955357142857143 0.15127175368139223 0.23392857142857143
1 0.5301204819277109 0.3669642857142857 0.16599732262382866 0.1982142857142857
1 0.430388219544846 0.3964285714285714 0.14056224899598393 0.15714285714285714
1 0.4042838018741633 0.4973214285714286 0.1499330655957162 0.16964285714285715
1 0.33668005354752345 0.4276785714285714 0.10040160642570281 0.12321428571428575
1 0.5401606425702811 0.6366071428571429 0.10040160642570281 0.14464285714285718
1 0.6713520749665328 0.5616071428571429 0.07362784471218206 0.13035714285714287
1 0.14457831325301204 0.4857142857142857 0.06157965194109773 0.10714285714285714
1 0.0682730923694779 0.7071428571428572 0.07228915662650601 0.10714285714285714
1 0.2898259705488621 0.6580357142857144 0.07898259705488621 0.09821428571428571
1 0.34939759036144574 0.6883928571428571 0.28915662650602403 0.5982142857142857
1 0.11713520749665328 0.7098214285714286 0.23427041499330656 0.580357142857143
