0 0.6329386437029062 0.7206673842841763 0.15931108719052745 0.2981700753498384
2 0.2432723358449946 0.7405812701829927 0.05597416576964478 0.0688912809472551
2 0.2890204520990312 0.7249730893433799 0.06566200215285253 0.059203444564047365
2 0.22335844994617868 0.7023681377825619 0.059203444564047365 0.0527448869752422
2 0.12917115177610333 0.7007534983853606 0.062432723358449946 0.05382131324004305
2 0.06727664155005382 0.6840688912809475 0.0721205597416577 0.04413347685683532
2 0.08288482238966631 0.7271259418729816 0.07319698600645858 0.061356297093649086
2 0.147470398277718 0.7486544671689986 0.06458557588805167 0.06996770721205597
2 0.0898815931108719 0.7868675995694295 0.0721205597416577 0.05166846071044134
2 0.19321851453175462 0.8885898815931108 0.0527448869752422 0.0527448869752422
2 0.2508073196986007 0.8606027987082885 0.06673842841765339 0.06350914962325081
2 0.25134553283100103 0.8083961248654468 0.0742734122712594 0.05597416576964478
2 0.31001076426264795 0.8261571582346608 0.06673842841765339 0.06996770721205597
2 0.2868675995694295 0.7777179763186222 0.07642626480086114 0.04628632938643703
2 0.182454251883746 0.7890204520990313 0.0721205597416577 0.062432723358449946
2 0.08234660925726586 0.9031216361679225 0.06996770721205597 0.05166846071044134
2 0.4381054897739504 0.23896663078579117 0.12486544671689989 0.12917115177610333
2 0.4553283100107643 0.13885898815931108 0.09257265877287406 0.13347685683530677
2 0.36114101184068903 0.1867599569429494 0.11302475780409042 0.1302475780409042
2 0.26264800861141013 0.17330462863293863 0.12055974165769644 0.09687836383207751
2 0.3153928955866523 0.2669537136706136 0.15931108719052745 0.10118406889128095
2 0.3401506996770723 0.36759956942949396 0.13778256189451013 0.11733046286329381
2 0.2567276641550054 0.38213132400430566 0.1216361679224973 0.12486544671689989
2 0.3853606027987084 0.4477933261571583 0.10333692142088267 0.077502691065662
2 0.4316469321851454 0.4128094725511302 0.12271259418729817 0.11948331539289554
2 0.4596340150699678 0.3331539289558666 0.07750269106566197 0.11087190527448873
0 0.5855758880516685 0.11733046286329386 0.06027987082884822 0.04305705059203444
0 0.5974165769644778 0.05059203444564048 0.04951560818083961 0.04520990312163617
0 0.5984930032292787 0.1566200215285253 0.05166846071044134 0.03552206673842842
0 0.5177610333692142 0.06781485468245424 0.04090419806243271 0.0581270182992465
0 0.5371367061356298 0.035522066738428414 0.05597416576964478 0.04090419806243271
0 0.5602798708288482 0.012378902045209902 0.041980624327233575 0.024757804090419805
0 0.5522066738428417 0.09903121636167925 0.04305705059203444 0.03229278794402583
