2 0.739423076923077 0.010269576379974325 0.07884615384615384 0.02053915275994865
2 0.8576923076923078 0.023748395378690626 0.0730769230769231 0.04749679075738125
2 0.9336538461538462 0.04236200256739409 0.10961538461538461 0.0693196405648267
2 0.9663461538461539 0.14313222079589216 0.0673076923076923 0.055198973042362
2 0.9605769230769231 0.20474967907573804 0.07884615384615384 0.057766367137355584
2 0.8798076923076923 0.18613607188703465 0.1173076923076923 0.05648267008985879
2 0.8634615384615384 0.1534017971758665 0.1307692307692308 0.026957637997432605
2 0.8846153846153846 0.25609756097560976 0.08846153846153847 0.04749679075738125
2 0.7259615384615385 0.15853658536585366 0.1288461538461538 0.052631578947368425
2 0.7413461538461539 0.2740693196405648 0.125 0.04749679075738125
2 0.6211538461538461 0.29845956354300385 0.1076923076923077 0.055198973042362
2 0.7057692307692308 0.3318356867779204 0.1 0.057766367137355584
2 0.7865384615384616 0.30937098844672656 0.09230769230769231 0.0693196405648267
2 0.49326923076923074 0.39730423620025673 0.1288461538461538 0.0680359435173299
2 0.39134615384615384 0.4197689345314505 0.11346153846153846 0.04878048780487805
2 0.4413461538461539 0.45121951219512185 0.1596153846153846 0.07060333761232349
2 0.5403846153846154 0.5141206675224647 0.10384615384615385 0.06033376123234916
2 0.9317307692307693 0.5231065468549422 0.125 0.07317073170731705
2 0.4346153846153846 0.5641848523748396 0.11538461538461538 0.055198973042362
2 0.38269230769230766 0.5834403080872913 0.09615384615384617 0.037227214377406934
2 0.3557692307692308 0.5263157894736843 0.09230769230769231 0.05391527599486521
2 0.41730769230769227 0.5128369704749679 0.0730769230769231 0.03465982028241335
2 0.22788461538461535 0.48844672657252886 0.1442307692307692 0.057766367137355584
2 0.20096153846153844 0.5333761232349166 0.1288461538461538 0.03979460847240052
2 0.20096153846153847 0.5725288831835688 0.16346153846153846 0.059050064184852376
2 0.2701923076923077 0.5314505776636714 0.07115384615384615 0.05391527599486521
2 0.5586538461538462 0.8331193838254172 0.11346153846153846 0.0693196405648267
2 0.1548076923076923 0.7362002567394097 0.125 0.055198973042362
2 0.10673076923076924 0.7657252888318358 0.1173076923076923 0.05006418485237484
2 0.18942307692307694 0.8074454428754814 0.08653846153846154 0.059050064184852376
2 0.10288461538461538 0.7997432605905006 0.11346153846153846 0.043645699614890884
