1 0.5221642764015646 0.5464824120603018 0.2855280312907435 0.49748743718593014
1 0.6707953063885266 0.1928391959798992 0.44458930899608845 0.18718592964824102
1 0.622555410691004 0.2845477386934674 0.28552803129074317 0.11683417085427136
1 0.3155149934810952 0.7757537688442212 0.4771838331160365 0.157035175879397
1 0.1923076923076923 0.8643216080402011 0.1994784876140808 0.1005025125628141
1 0.1290743155149935 0.9566582914572864 0.258148631029987 0.07412060301507538
1 0.07170795306388528 0.6777638190954774 0.14341590612777055 0.14698492462311558
1 0.33963494132985655 0.6319095477386935 0.3741851368970012 0.15829145728643215
1 0.336501956546558 0.683026730415086 0.47327249022164203 0.15452261306532705
1 0.2944642013693952 0.46184961679932945 0.5371577574967403 0.18844221105527725
1 0.14146023468057362 0.49371859296482407 0.26205997392438063 0.20854271356783918
1 0.26597131681877445 0.14133165829145727 0.42242503259452413 0.26256281407035176
