0 0.10077021822849806 0.558408215661104 0.15275994865211806 0.09242618741976896
0 0.07509627727856226 0.6238767650834404 0.13735558408215662 0.06161745827984597
0 0.09242618741976895 0.6771501925545571 0.10012836970474968 0.04749679075738125
0 0.15789473684210528 0.6508344030808729 0.06161745827984597 0.06161745827984597
0 0.6437740693196407 0.6456996148908858 0.196405648267009 0.11810012836970475
0 0.762516046213094 0.5770218228498074 0.16688061617458286 0.10654685494223363
0 0.778562259306804 0.681001283697047 0.13992297817714985 0.08087291399229807
0 0.7150192554557127 0.7490372272143775 0.11296534017971759 0.07830551989730423
0 0.6572528883183568 0.7246469833119383 0.14120667522464697 0.06290115532734275
0 0.5635430038510912 0.6842105263157896 0.110397946084724 0.059050064184852376
0 0.5937098844672657 0.6033376123234917 0.15019255455712452 0.08985879332477538
0 0.137997432605905 0.08151476251604622 0.1245186136071887 0.057766367137355584
0 0.22015404364569957 0.04813863928112966 0.0885750962772786 0.04749679075738125
0 0.26893453145057766 0.13093709884467267 0.1399229781771502 0.07188703465982028
0 0.2413350449293966 0.18228498074454427 0.12066752246469832 0.05648267008985879
0 0.34210526315789475 0.1521181001283697 0.09627727856225927 0.06546854942233633
0 0.33311938382541717 0.19961489088575093 0.08600770218228501 0.04749679075738125
0 0.5391204692078163 0.3087806068297924 0.01034834363038775 0.012148055566107319
0 0.5418200371113957 0.2997820471511944 0.01574747943754656 0.006748919758948474
0 0.5465442809426597 0.30810571485389754 0.0053991358071588105 0.007198847742878411
0 0.5546429846533979 0.3065309669101429 0.007198847742878411 0.010348343630387714
0 0.5517184527578536 0.2950578033199305 0.011248199598247481 0.005399135807158773
0 0.5548679486453628 0.2874090275931222 0.019346903308985693 0.012597983550037219
0 0.5643164363078906 0.30023197513512434 0.014847623469686686 0.014847623469686686
0 0.5665660762275402 0.2799852158582788 0.020246759276845494 0.01484762346968672
0 0.5802888797374022 0.29280816340028093 0.012597983550037219 0.014397695485756786
0 0.594686575223159 0.2916833434404562 0.01439769548575675 0.027445607019723907
0 0.5832134116329466 0.2673872323082416 0.0247460391161445 0.017547191373266092
0 0.608634342724986 0.27458608005111995 0.013497839517897021 0.013047911533967086
0 0.599410819054423 0.25186471686266 0.026545751051864106 0.024296111132214637
0 0.6336053458330954 0.270086800211821 0.01664733540540629 0.02834546298758371
0 0.6158331904678643 0.23476745347332387 0.03329467081081258 0.026095823067934173
0 0.6606010248688893 0.25343946480641466 0.032844742826882406 0.026545751051864023
0 0.6356300217607799 0.220594721979532 0.0458926543608498 0.0247460391161445
0 0.7040190753181247 0.23004320964205988 0.04229323048941059 0.03374459879474248
0 0.6644254127322935 0.1971984668151772 0.03779395065011159 0.042743158473340495
0 0.7276402944744444 0.2156455141563031 0.03374459879474237 0.04814229428049927
0 0.6866968479368235 0.17920134745798116 0.03554431073046212 0.0490421502483591
0 0.6918710197520174 0.1522056684221872 0.054891214039447814 0.06883898154127471
0 0.7285401504423042 0.17605185157047187 0.021146615244705444 0.021146615244705333
