0 0.2554194156456174 0.2317839195979899 0.2186616399622997 0.1846733668341708
0 0.21489161168708765 0.38190954773869346 0.26767200754005654 0.15829145728643215
0 0.18237511781338356 0.5471105527638191 0.25541941564561726 0.1821608040201005
0 0.1390197926484449 0.707286432160804 0.2723845428840717 0.31155778894472363
0 0.4236569274269557 0.22487437185929648 0.23279924599434496 0.25879396984924624
0 0.4081055607917059 0.3969849246231157 0.19604147031102723 0.1834170854271356
0 0.37606032045240334 0.5609296482412061 0.23939679547596607 0.21482412060301506
0 0.327521206409048 0.7474874371859296 0.29123468426013194 0.23869346733668348
0 0.616870876531574 0.24371859296482415 0.1950989632422243 0.20603015075376885
0 0.800659754948162 0.24685929648241206 0.2064090480678605 0.20728643216080403
0 0.8402450518378888 0.4108040201005025 0.24222431668237512 0.24623115577889446
0 0.6404335532516494 0.39698492462311563 0.23468426013195098 0.2010050251256282
0 0.6319509896324221 0.5646984924623116 0.2573044297832234 0.20728643216080403
0 0.8576814326107447 0.5847989949748744 0.2657869934024506 0.23241206030150752
0 0.6262959472196041 0.7481155778894472 0.3213949104618285 0.2399497487437186
0 0.8689915174363808 0.7757537688442211 0.2620169651272384 0.23743718592964824
