2 0.8375690607734806 0.9322533136966126 0.11712707182320442 0.1030927835051546
2 0.8005524861878454 0.6413843888070693 0.06740331491712707 0.1134020618556701
2 0.714364640883978 0.6170839469808543 0.04972375690607735 0.06480117820324006
2 0.7215469613259669 0.7076583210603828 0.06629834254143646 0.09278350515463918
2 0.641988950276243 0.6767304860088365 0.057458563535911604 0.0662739322533137
2 0.6430939226519337 0.7061855670103091 0.057458563535911604 0.06921944035346098
2 0.6712707182320442 0.5920471281296024 0.036464088397790057 0.09425625920471281
2 0.7685082872928177 0.46244477172312215 0.08287292817679556 0.06774668630338733
2 0.7104972375690608 0.4410898379970545 0.07513812154696133 0.1251840942562592
2 0.6154696132596684 0.4079528718703977 0.0861878453038674 0.06480117820324006
2 0.07237569060773481 0.44550810014727543 0.14475138121546963 0.15463917525773196
2 0.14143646408839777 0.3475699558173785 0.13922651933701657 0.13549337260677466
2 0.05911602209944752 0.30117820324005884 0.11602209944751381 0.10751104565537561
2 0.181767955801105 0.23858615611192932 0.10276243093922652 0.0824742268041237
2 0.22486187845303868 0.15758468335787923 0.1270718232044199 0.11782032400589099
2 0.14640883977900548 0.1281296023564065 0.29281767955801097 0.21796759941089838
2 0.19226519337016576 0.06111929307805596 0.16353591160220998 0.12223858615611193
2 0.28895027624309394 0.053755522827687766 0.1248618784530385 0.10751104565537553
2 0.4359116022099447 0.07142857142857144 0.19116022099447513 0.14285714285714288
2 0.28895027624309394 0.41605301914580267 0.13812154696132597 0.17820324005891017
2 0.4027624309392266 0.3630338733431517 0.10718232044198896 0.11929307805596466
2 0.5132596685082873 0.2974963181148748 0.1138121546961326 0.18851251840942562
2 0.6320441988950276 0.31958762886597936 0.18121546961325968 0.14138438880706922
2 0.44585635359116016 0.46612665684830645 0.12044198895027625 0.15758468335787923
2 0.5756906077348066 0.553019145802651 0.2011049723756906 0.27540500736377027
