1 0.23958333333333334 0.36339285714285713 0.03333333333333333 0.030357142857142857
1 0.054783370899073355 0.3893152302243212 0.037565740045078864 0.0254910378877321
1 0.1502629601803155 0.3732156273478589 0.037565740045078885 0.03354083932596329
1 0.22382920110192833 0.4523720081571321 0.02817430503380915 0.022807770741655017
1 0.08765339343851737 0.424197703123323 0.034435261707988975 0.0254910378877321
1 0.14165414475331828 0.3973650316625523 0.03600050087653394 0.0254910378877321
1 0.2598297019784622 0.6797788987871632 0.04382669671925867 0.03219920575292476
1 0.3224392687202603 0.7153321884726841 0.02817430503380915 0.02817430503380913
1 0.351396193338342 0.7052699366748953 0.023478587528174322 0.034882472899001725
1 0.23478587528174297 0.7965010196415154 0.037565740045078864 0.045615541483310144
1 0.7231404958677684 0.6026349683374477 0.02504382669671917 0.02817430503380913
1 0.5893125469571748 0.530186755393367 0.023478587528174208 0.04159064076419442
1 0.647226396193338 0.5114038853708275 0.03913097921362384 0.02817430503380913
1 0.6949661908339592 0.5550069764945799 0.03130478337089914 0.03488247289900183
1 0.7215752566992235 0.5355532896855212 0.053218131730528376 0.03085757217988621
1 0.601051840721262 0.585864548674466 0.04069621838216868 0.029515938606847668
1 0.7395755071374903 0.48390039712353766 0.03600050087653391 0.02683267146077059
1 0.7192273979464059 0.4543844585166899 0.04226145755071375 0.02146613716861648
1 0.7849674430252941 0.44298057314586237 0.04852241422489361 0.03354083932596324
1 0.8272289005760077 0.49127938177524966 0.04226145755071375 0.02817430503380913
1 0.7732281492612069 0.3383331544488569 0.037565740045078864 0.038907373618117386
1 0.7364450288004003 0.3973650316625523 0.03600050087653391 0.03354083932596329
1 0.5666165790132728 0.4262101534828808 0.0594790884047083 0.03488247289900183
1 0.5313986977210117 0.34906622303316526 0.03287002253944398 0.03622410647204036
1 0.48913724017029786 0.34705377267360743 0.020348109191084394 0.029515938606847716
1 0.4226145755071374 0.341016421594934 0.037565740045078864 0.03354083932596324
1 0.4852241422489355 0.23502736932489005 0.025043826696719288 0.03085757217988621
1 0.5016591535186574 0.21423204894279285 0.04539193588780363 0.02683267146077059
1 0.5462684698221887 0.29070516260598916 0.04382669671925867 0.040249007191155935
1 0.586182068620085 0.325587635504991 0.05165289256198341 0.03219920575292476
1 0.6229651890808912 0.3376623376623378 0.037565740045078864 0.02414940431469351
1 0.6730528424743298 0.30814639905549 0.03443526170798895 0.02683267146077064
1 0.7114012021036813 0.2591767736395836 0.06104432757325319 0.02817430503380918
1 0.6769659403956922 0.2189277664484277 0.03600050087653404 0.038907373618117386
1 0.6065301778111694 0.2108779650101965 0.03287002253944398 0.0254910378877321
1 0.7520974204858499 0.48792529784265326 0.35217881292261455 0.2280777074165503
1 0.766967192587027 0.7186862724052807 0.400701227147508 0.23344424170870437
1 0.33417856248434746 0.7664484255582817 0.2144377660906586 0.24578726648631824
1 0.13461056849486597 0.3758988944939359 0.2535687453042824 0.18112053236020173
1 0.28878662659654386 0.5321992057529247 0.267655897821187 0.08049801438231195
1 0.3647007262709741 0.21959858323494696 0.1377410468319559 0.17441236449500905
1 0.5384422739794639 0.23703981968444784 0.19408965689957416 0.2280777074165503
1 0.6268782870022538 0.348395406246646 0.333395942900075 0.20661157024793383
