2 0.33078231292517 0.15725288831835688 0.04251700680272109 0.03465982028241335
2 0.29931972789115646 0.1816431322207959 0.061224489795918366 0.026957637997432605
2 0.3469387755102041 0.19640564826700907 0.06462585034013607 0.038510911424903725
2 0.30952380952380953 0.20924261874197697 0.03741496598639456 0.030808729139922986
2 0.3120748299319728 0.4056482670089859 0.049319727891156455 0.025673940949935817
2 0.35544217687074825 0.407573812580231 0.05442176870748299 0.037227214377406934
2 0.5076530612244898 0.46405648267008975 0.10374149659863946 0.04749679075738125
2 0.5824829931972789 0.4711168164313222 0.11054421768707483 0.05391527599486521
2 0.5255102040816326 0.5121951219512195 0.12244897959183673 0.059050064184852376
2 0.2602040816326531 0.6617458279845957 0.16666666666666663 0.10141206675224644
2 0.3282312925170068 0.7516046213093709 0.14965986394557823 0.09884467265725286
2 0.3681972789115646 0.6861360718870347 0.12755102040816327 0.09114249037227214
2 0.15901360544217688 0.7073170731707319 0.141156462585034 0.08985879332477538
2 0.30527210884353745 0.8594351732991014 0.18537414965986396 0.14505776636713735
2 0.8937074829931972 0.3183568677792041 0.09013605442176871 0.05648267008985879
2 0.8869047619047619 0.23812580231065467 0.08673469387755102 0.052631578947368425
2 0.79421768707483 0.29011553273427465 0.09863945578231291 0.04878048780487805
2 0.8078231292517007 0.3337612323491656 0.07482993197278912 0.038510911424903725
2 0.870748299319728 0.28754813863928114 0.05442176870748299 0.03594351732991014
2 0.8801020408163265 0.34146341463414637 0.06292517006802721 0.0410783055198973
2 0.7602040816326529 0.3491655969191271 0.0816326530612245 0.038510911424903725
2 0.7525510204081632 0.2894736842105263 0.05272108843537415 0.057766367137355584
