2 0.363146551724138 0.6147227533460803 0.13577586206896552 0.2504780114722753
2 0.4946120689655173 0.3240917782026769 0.19181034482758627 0.2657743785850861
2 0.5172413793103449 0.924474187380497 0.11206896551724138 0.1510516252390057
2 0.5695043103448277 0.5047801147227533 0.13254310344827586 0.22179732313575523
2 0.6050646551724137 0.27437858508604207 0.15193965517241378 0.27342256214149147
2 0.6271551724137931 0.11281070745697896 0.17672413793103448 0.22562141491395793
2 0.33997844827586204 0.08891013384321225 0.15625 0.16252390057361377
1 0.1384698275862069 0.8489483747609943 0.2704741379310345 0.3021032504780114
1 0.15140086206896552 0.563097514340344 0.25538793103448276 0.384321223709369
1 0.30872844827586204 0.355640535372849 0.25538793103448276 0.40535372848948376
1 0.42941810344827586 0.7810707456978966 0.31788793103448276 0.4187380497131931
