1 0.22633390705679862 0.20357142857142854 0.13941480206540446 0.15357142857142858
1 0.19277108433734946 0.3669642857142857 0.13080895008605856 0.13035714285714287
1 0.27452667814113596 0.3455357142857143 0.14285714285714288 0.1875
1 0.3717728055077453 0.4214285714285715 0.08950086058519795 0.10714285714285714
1 0.5060240963855421 0.40267857142857144 0.1514629948364888 0.09464285714285714
1 0.6204819277108435 0.4544642857142859 0.23235800344234078 0.10178571428571433
1 0.5017211703958692 0.5276785714285714 0.11876075731497418 0.1125
1 0.5972461273666093 0.5330357142857143 0.10327022375215146 0.11964285714285718
1 0.6798623063683304 0.55625 0.12392426850258176 0.11964285714285718
1 0.7590361445783133 0.582142857142857 0.12736660929432017 0.1357142857142857
1 0.7650602409638554 0.7267857142857144 0.1153184165232358 0.15714285714285714
1 0.8700516351118762 0.8 0.10843373493975904 0.1392857142857143
1 0.9664371772805508 0.8608928544180734 0.06712564543889847 0.20749999455043247
1 0.8872633390705681 0.9366071428571429 0.13941480206540446 0.10892857142857143
1 0.6712564543889845 0.9474999972752164 0.13080895008605856 0.10214285169328964
1 0.6196213425129086 0.7071428571428566 0.08950086058519811 0.24285714285714277
1 0.5240963855421686 0.6857142857142857 0.16351118760757316 0.175
1 0.43631669535283996 0.5982142857142858 0.12220309810671257 0.1392857142857143
1 0.382960413080895 0.5241071428571429 0.1153184165232358 0.10178571428571428
1 0.4853700516351118 0.9339285714285714 0.13769363166953524 0.13214285714285717
1 0.3769363166953528 0.8821428571428572 0.12392426850258176 0.10357142857142858
1 0.3218588640275388 0.6178571428571429 0.11359724612736662 0.11785714285714283
1 0.3390705679862307 0.75 0.1549053356282272 0.12857142857142853
1 0.16523235800344233 0.8517857142857143 0.1549053356282272 0.10714285714285714
1 0.05938037865748709 0.7428571428571431 0.10843373493975904 0.15714285714285714
1 0.14543889845094665 0.6124999999999999 0.14974182444061962 0.15
1 0.19879518072289154 0.7196428571428575 0.16351118760757324 0.10714285714285719
1 0.20309810671256448 0.5071428571428569 0.12392426850258172 0.0785714285714285
1 0.2891566265060241 0.49374999999999997 0.10327022375215146 0.08035714285714286
