0 0.2512562814070352 0.1940954773869347 0.1608040201005025 0.1871859296482413
0 0.3894472361809043 0.1670854271356783 0.1993299832495817 0.22361809045226116
0 0.5644891122278057 0.13316582914572864 0.221105527638191 0.23618090452261306
0 0.7730318257956447 0.12499999999999993 0.24288107202680034 0.24999999999999986
0 0.23953098827470687 0.3768844221105528 0.1775544388609715 0.17336683417085427
0 0.3777219430485762 0.3586683417085427 0.17252931323283083 0.2550251256281407
0 0.5577889447236181 0.3668341708542714 0.18760469011725292 0.2613065326633166
0 0.7445561139028476 0.3662060301507538 0.24623115577889446 0.2776381909547739
0 0.7571189279731994 0.6683417085427135 0.2244556113902847 0.26884422110552764
0 0.557788944723618 0.6268844221105526 0.18090452261306533 0.23618090452261306
0 0.3911222780569514 0.5904522613065326 0.15577889447236182 0.19597989949748743
0 0.23283082077051903 0.5760050251256283 0.16750418760468969 0.19723618090452275
0 0.23450586264656592 0.7399497487437187 0.16415410385259616 0.2035175879396986
0 0.3860971524288106 0.780778894472361 0.15912897822445546 0.2499999999999999
0 0.5393634840871019 0.8146984924623117 0.17420435510887755 0.25251256281407003
0 0.7001675041876047 0.869974874371858 0.30150753768844246 0.2600502512562812
