0 0.09999999999999999 0.30871670702179177 0.14545454545454545 0.2639225181598063
0 0.1990909090909091 0.45157384987893456 0.0890909090909091 0.2154963680387409
0 0.3263636363636363 0.41646489104116236 0.10727272727272727 0.16464891041162233
0 0.2509090909090909 0.48426150121065376 0.10181818181818182 0.2033898305084746
0 0.2218181818181818 0.663438256658596 0.11636363636363636 0.2953995157384987
0 0.02090909090909089 0.9200968523002409 0.04181818181818178 0.13559322033898372
0 0.04909090909090909 0.9092009685230027 0.061818181818181814 0.13317191283292978
0 0.19818181818181813 0.7469733656174331 0.13454545454545444 0.3220338983050846
0 0.24000000000000005 0.8280871670702179 0.0945454545454545 0.22760290556900728
0 0.3518181818181818 0.8014527845036317 0.1 0.2469733656174334
0 0.3700000000000001 0.6585956416464889 0.09636363636363647 0.23728813559322018
0 0.42999999999999994 0.7167070217917676 0.10727272727272741 0.2324455205811137
0 0.49727272727272726 0.6573849878934624 0.11454545454545455 0.21065375302663444
0 0.5036363636363637 0.7917675544794186 0.10545454545454545 0.20823244552058093
0 0.4390909090909091 0.887409200968523 0.08181818181818182 0.2154963680387409
0 0.648068932281795 0.46928397876102024 0.0995701182673019 0.2541998647726174
0 0.7009090909090909 0.5835351089588375 0.1290909090909094 0.23728813559322023
0 0.6481818181818182 0.6380145278450364 0.08545454545454549 0.225181598062954
0 0.6963636363636363 0.7397094430992738 0.08727272727272728 0.17191283292978204
0 0.8381818181818177 0.7058111380145282 0.1199999999999992 0.22033898305084748
0 0.8063636363636364 0.49273607748184023 0.0890909090909091 0.1670702179176756
0 0.8709090909090909 0.562953995157385 0.11636363636363649 0.2009685230024214
0 0.9199999999999998 0.6561743341404358 0.09818181818181819 0.2566585956416465
0 0.7854545454545454 0.7663438256658592 0.09454545454545454 0.18159806295399517
