1 0.1883745963401507 0.38123924268502585 0.3638320775026911 0.253012048192771
1 0.4198062432723358 0.5413080895008606 0.21743810548977396 0.47676419965576594
1 0.5748116254036598 0.8020654044750429 0.08611410118406888 0.12392426850258176
1 0.5904198062432723 0.9440619621342514 0.10226049515608182 0.11187607573149744
1 0.7163616792249732 0.8537005163511188 0.10010764262648009 0.13425129087779694
1 0.6899892357373518 0.940619621342513 0.07319698600645858 0.0774526678141136
1 0.9074273412271261 0.8691910499139415 0.18083961248654468 0.2616179001721171
1 0.8789020452099031 0.5516351118760757 0.20344456404736275 0.43201376936316693
1 0.6905274488697525 0.3433734939759036 0.24434876210979542 0.48709122203098104
1 0.5484391819160388 0.4380378657487091 0.22712594187298174 0.48020654044750427
