0 0.28048780487804875 0.17586649550706035 0.19897304236200256 0.13350449293966624
0 0.30487804878048785 0.07060333761232349 0.18870346598202828 0.08729139922978177
0 0.2798459563543004 0.2503209242618742 0.16944801026957637 0.110397946084724
0 0.10526315789473685 0.26444159178433896 0.1643132220795892 0.11553273427471117
0 0.0821566110397946 0.2021822849807446 0.13093709884467267 0.07060333761232349
0 0.21951219512195125 0.18998716302952506 0.12066752246469832 0.08472400513478819
2 0.7747111681643132 0.22207958921694484 0.14505776636713735 0.1771501925545572
2 0.9428754813863928 0.25353016688061625 0.1116816431322208 0.16302952503209242
2 0.797175866495507 0.6052631578947368 0.1771501925545572 0.1245186136071887
0 0.6887034659820283 0.7053915275994866 0.13735558408215662 0.13735558408215662
0 0.14762516046213095 0.691270860077022 0.04621309370988448 0.06546854942233633
0 0.11617458279845955 0.6508344030808729 0.04236200256739409 0.05648267008985879
0 0.1521181001283697 0.6059050064184852 0.03209242618741977 0.051347881899871634
1 0.08921694480102696 0.6225930680359436 0.03465982028241335 0.05648267008985879
1 0.11938382541720154 0.5834403080872914 0.02310654685494224 0.03209242618741977
1 0.05776636713735559 0.5558408215661105 0.06161745827984597 0.043645699614890884
1 0.10397946084724005 0.5378690629011554 0.038510911424903725 0.04621309370988448
1 0.03530166880616175 0.5641848523748395 0.037227214377406934 0.037227214377406934
