2 0.6595982142857142 0.7110552763819095 0.3325892857142857 0.1658291457286432
2 0.6037946428571429 0.5584170854271356 0.39955357142857145 0.15452261306532664
2 0.5223214285714285 0.44472361809045224 0.36160714285714285 0.135678391959799
2 0.24776785714285715 0.4340452261306532 0.3705357142857143 0.13944723618090452
2 0.59375 0.3900753768844221 0.3035714285714285 0.16959798994974876
2 0.8091517857142857 0.2675879396984924 0.27901785714285715 0.15829145728643215
2 0.8325892857142858 0.3787688442211055 0.3214285714285715 0.17713567839195973
2 0.4308035714285714 0.3542713567839196 0.28571428571428575 0.11306532663316583
2 0.17857142857142858 0.7958542713567838 0.3125 0.15452261306532664
2 0.3002232142857143 0.7217336683417086 0.359375 0.16708542713567845
2 0.49776785714285715 0.5678391959798995 0.4330357142857143 0.1658291457286432
