2 0.33968253968253975 0.12130937098844669 0.09841269841269842 0.09627727856225927
2 0.4357142857142857 0.10269576379974328 0.10952380952380952 0.08985879332477538
2 0.4936507936507937 0.15725288831835688 0.10158730158730159 0.07573812580231065
2 0.5984126984126984 0.4653401797175865 0.08253968253968252 0.055198973042362
2 0.6222222222222223 0.4281129653401797 0.07936507936507936 0.055198973042362
2 0.5134920634920634 0.46277278562259305 0.08095238095238094 0.06033376123234916
2 0.5793650793650794 0.49807445442875475 0.08888888888888889 0.04621309370988448
2 0.6666666666666667 0.6681643132220796 0.06666666666666667 0.05006418485237484
2 0.5888888888888889 0.7811296534017971 0.06984126984126984 0.04236200256739409
2 0.5404761904761903 0.7907573812580232 0.06190476190476191 0.04621309370988448
2 0.4738095238095238 0.786906290115533 0.0650793650793651 0.04621309370988448
2 0.5365079365079365 0.7541720154043645 0.06666666666666667 0.03209242618741977
2 0.5698412698412698 0.8902439024390243 0.09206349206349207 0.05006418485237484
2 0.14206349206349203 0.7894736842105265 0.07777777777777778 0.051347881899871634
2 0.1658730158730159 0.7458279845956352 0.09047619047619047 0.05391527599486521
2 0.13571428571428573 0.7073170731707318 0.0746031746031746 0.028241335044929396
2 0.20476190476190478 0.7124518613607188 0.05714285714285714 0.043645699614890884
2 0.1682539682539682 0.6585365853658537 0.08253968253968252 0.028241335044929396
2 0.1373015873015873 0.6874197689345317 0.0873015873015873 0.04236200256739409
2 0.11428571428571428 0.6508344030808729 0.05714285714285714 0.03337612323491656
