0 0.8119383825417202 0.5872913992297818 0.10654685494223363 0.14505776636713735
0 0.7573812580231066 0.7695763799743263 0.14890885750962773 0.20410783055198972
0 0.6758664955070602 0.8780487804878047 0.13478818998716302 0.24133504492939664
0 0.10205391527599486 0.14634146341463414 0.12965340179717585 0.06418485237483953
0 0.06418485237483953 0.55198973042362 0.11296534017971759 0.07958921694480103
0 0.16238767650834401 0.589216944801027 0.11938382541720154 0.07958921694480103
0 0.09370988446726575 0.6521181001283697 0.0975609756097561 0.12066752246469832
0 0.14890885750962773 0.5295250320924262 0.110397946084724 0.06290115532734275
0 0.16367137355584085 0.6887034659820283 0.08600770218228501 0.10141206675224644
0 0.8299101412066751 0.24133504492939664 0.04492939666238769 0.0410783055198973
0 0.7670089858793324 0.2625160462130937 0.04492939666238769 0.03979460847240052
0 0.7008985879332478 0.29717586649550704 0.028241335044929396 0.024390243902439025
0 0.6566110397946084 0.21116816431322202 0.05006418485237484 0.026957637997432605
0 0.634788189987163 0.2785622593068036 0.01668806161745828 0.028241335044929396
1 0.5776636713735559 0.24839537869062903 0.02310654685494224 0.037227214377406934
0 0.8267008985879333 0.10526315789473685 0.04621309370988448 0.0410783055198973
0 0.555198973042362 0.25609756097560976 0.01668806161745828 0.03209242618741977
1 0.8202824133504493 0.17907573812580233 0.06675224646983312 0.07060333761232349
1 0.6983311938382541 0.15468549422336328 0.05391527599486521 0.07060333761232349
1 0.7329910141206674 0.2362002567394095 0.06418485237483953 0.03337612323491656
1 0.6675224646983312 0.2625160462130937 0.05648267008985879 0.04236200256739409
1 0.7753530166880614 0.14184852374839538 0.03594351732991014 0.04236200256739409
1 0.6277278562259307 0.18035943517329917 0.05391527599486521 0.026957637997432605
1 0.6039794608472401 0.21501925545571246 0.04236200256739409 0.037227214377406934
