2 0.11864406779661019 0.8165829145728644 0.13559322033898305 0.07286432160804006
2 0.1271186440677966 0.8366834170854272 0.09981167608286252 0.07286432160804018
2 0.2740112994350282 0.8417085427135681 0.1224105461393597 0.07537688442211053
2 0.05084745762711865 0.7895728643216082 0.1016949152542373 0.06909547738693467
2 0.034839924670433134 0.8505025125628126 0.06967984934086627 0.09296482412060297
2 0.3813559322033898 0.6947236180904525 0.12617702448210927 0.06532663316582915
2 0.3606403013182674 0.7041457286432162 0.1111111111111111 0.06909547738693467
2 0.24670433145009418 0.7311557788944724 0.13935969868173262 0.06030150753768845
2 0.295668549905838 0.6589195979899497 0.12429378531073447 0.06658291457286432
2 0.21563088512241052 0.6809045226130656 0.11487758945386065 0.0628140703517588
2 0.5470809792843692 0.5452261306532664 0.12617702448210927 0.06030150753768845
2 0.5960451977401129 0.5772613065326633 0.12617702448210927 0.06658291457286432
2 0.5141242937853107 0.6011306532663316 0.15065913370998113 0.08417085427135679
2 0.4595103578154426 0.4773869346733668 0.13935969868173262 0.07788944723618091
2 0.5696798493408662 0.4315326633165829 0.11864406779661017 0.07663316582914573
2 0.6393596986817328 0.4742462311557791 0.10734463276836098 0.0741206030150754
2 0.7693032015065913 0.5194723618090453 0.10734463276836158 0.06658291457286432
2 0.43785310734463273 0.16645728643216084 0.160075329566855 0.08165829145728645
2 0.8907721280602634 0.22236180904522612 0.1431261770244821 0.08793969849246232
2 0.7871939736346515 0.17085427135678394 0.12052730696798493 0.07035175879396985
2 0.9152542372881356 0.1871859296482412 0.11299435028248589 0.06532663316582915
2 0.844632768361582 0.26444723618090454 0.12617702448210927 0.07412060301507538
2 0.07532956685499059 0.48178391959798994 0.11299435028248589 0.059045226130653265
2 0.6064030131826741 0.4239949748743719 0.10546139359698682 0.04648241206030151
2 0.7928436911487758 0.46419597989949746 0.10546139359698682 0.056532663316582916
2 0.815442561205273 0.4327889447236181 0.10922787193973635 0.05150753768844221
2 0.7589453860640301 0.4742462311557789 0.1167608286252354 0.05150753768844221
