2 0.7711538461538461 0.7901155327342745 0.20384615384615384 0.08344030808729143
2 0.425 0.7625160462130937 0.15384615384615385 0.10269576379974327
2 0.2701923076923077 0.70795892169448 0.2326923076923077 0.10397946084724005
2 0.7836538461538461 0.36777920410783055 0.1519230769230769 0.09370988446726573
2 0.7740384615384616 0.45571245186136067 0.2519230769230769 0.13350449293966624
2 0.7432692307692308 0.5609756097560976 0.22884615384615384 0.10783055198973042
2 0.6182692307692307 0.3940949935815148 0.17115384615384616 0.08985879332477538
2 0.4528846153846154 0.5558408215661104 0.20576923076923076 0.09242618741976896
2 0.5692307692307692 0.48652118100128355 0.19615384615384618 0.11553273427471117
2 0.3490384615384615 0.3985879332477536 0.19807692307692307 0.07830551989730423
2 0.2961538461538462 0.469191270860077 0.18846153846153846 0.09370988446726573
2 0.1451923076923077 0.4326059050064185 0.18653846153846154 0.10526315789473685
2 0.17307692307692307 0.5320924261874197 0.2153846153846154 0.07830551989730423
2 0.2701923076923077 0.5975609756097561 0.2326923076923077 0.10397946084724005
2 0.10865384615384616 0.6386392811296534 0.21346153846153848 0.12708600770218229
2 0.29038461538461535 0.9518613607188704 0.12307692307692308 0.04236200256739409
2 0.3846153846153847 0.9621309370988448 0.11923076923076924 0.07573812580231065
2 0.5288461538461539 0.9762516046213093 0.15 0.04492939666238769
