2 0.30289672544080604 0.29642058165548096 0.1624685138539043 0.2975391498881432
2 0.26889168765743077 0.6834451901565995 0.09697732997481107 0.2662192393736018
2 0.2141057934508816 0.8076062639821031 0.12846347607052896 0.24161073825503357
2 0.44143576826196473 0.40380313199105144 0.14987405541561713 0.31543624161073824
2 0.6051637279596978 0.16107382550335575 0.12468513853904283 0.29082774049217014
2 0.7267002518891688 0.17785234899328858 0.14357682619647355 0.24832214765100669
2 0.6202770780856423 0.3948545861297539 0.16498740554156172 0.23937360178970915
2 0.559823677581864 0.5123042505592842 0.11712846347607053 0.2684563758389262
2 0.4760705289672545 0.5805369127516778 0.11838790931989925 0.15883668903803136
2 0.5535264483627205 0.6968680089485458 0.11964735516372796 0.24384787472035793
2 0.6360201511335013 0.5637583892617449 0.08816120906801007 0.21923937360178972
