1 0.9706586826347307 0.3709150326797386 0.032335329341317366 0.06209150326797386
1 0.9365269461077845 0.39052287581699346 0.016766467065868262 0.0392156862745098
1 0.9628742514970061 0.4207516339869281 0.0407185628742515 0.02450980392156863
1 0.9167664670658681 0.41666666666666674 0.029940119760479042 0.04901960784313726
1 0.9347305389221557 0.4705882352941177 0.032335329341317366 0.042483660130718956
1 0.8826347305389222 0.43709150326797386 0.04550898203592815 0.03104575163398693
1 0.8628742514970059 0.46977124183006547 0.039520958083832346 0.03758169934640523
1 0.895808383233533 0.511437908496732 0.055089820359281436 0.03594771241830066
1 0.8239520958083832 0.49673202614379086 0.0407185628742515 0.0392156862745098
1 0.8281437125748503 0.5882352941176471 0.022754491017964076 0.05555555555555555
1 0.770059880239521 0.45098039215686275 0.047904191616766484 0.08823529411764706
1 0.8263473053892215 0.7140522875816993 0.055089820359281436 0.07189542483660132
1 0.7514970059880242 0.7475490196078431 0.07305389221556886 0.06045751633986928
1 0.754491017964072 0.6919934640522876 0.02874251497005988 0.04738562091503268
1 0.753293413173653 0.6323529411764706 0.05029940119760479 0.03594771241830066
1 0.7269461077844313 0.8390522875816993 0.07425149700598803 0.08986928104575163
1 0.6502994011976049 0.8480392156862745 0.05748502994011976 0.07189542483660132
1 0.6251497005988024 0.9746732026143792 0.023952095808383242 0.03758169934640523
1 0.6 0.9754901960784313 0.02874251497005988 0.042483660130718956
1 0.5473053892215569 0.9665032679738563 0.04311377245508982 0.05392156862745099
1 0.4233532934131737 0.9746732026143791 0.04910179640718563 0.03104575163398693
1 0.6275449101796406 0.7745098039215687 0.09820359281437126 0.05882352941176469
1 0.6257485029940121 0.6854575163398694 0.06347305389221557 0.01797385620915033
1 0.6395209580838324 0.511437908496732 0.08383233532934131 0.20915032679738563
1 0.6622754491017965 0.4248366013071895 0.05748502994011976 0.12091503267973856
1 0.5491017964071857 0.8937908496732027 0.06347305389221557 0.09477124183006536
1 0.5197604790419161 0.7663398692810458 0.0694610778443114 0.10130718954248366
1 0.5419161676646707 0.6200980392156863 0.05868263473053892 0.07679738562091504
1 0.718562874251497 0.5490196078431371 0.07904191616766469 0.07516339869281045
1 0.555688622754491 0.4526143790849673 0.04311377245508982 0.17320261437908496
1 0.3976047904191617 0.11764705882352942 0.07425149700598803 0.10784313725490198
1 0.29401197604790424 0.04330065359477124 0.08263473053892217 0.07679738562091504
1 0.12455089820359282 0.8660130718954249 0.016766467065868262 0.029411764705882346
1 0.10359281437125752 0.8341503267973855 0.025149700598802394 0.06045751633986928
1 0.1245508982035928 0.8251633986928105 0.031137724550898204 0.04901960784313726
1 0.4173652694610779 0.9321895424836599 0.022754491017964076 0.04411764705882353
1 0.45089820359281435 0.9068627450980392 0.029940119760479042 0.026143790849673203
1 0.4173652694610779 0.8717320261437911 0.0347305389221557 0.06372549019607841
1 0.5706586826347306 0.7303921568627452 0.02035928143712575 0.05228758169934641
1 0.6592814371257485 0.7320261437908496 0.07305389221556886 0.0392156862745098
1 0.09760479041916169 0.2222222222222222 0.06347305389221557 0.1568627450980392
1 0.2910179640718563 0.29656862745098034 0.06467065868263473 0.08333333333333331
1 0.24131736526946107 0.30147058823529416 0.039520958083832346 0.119281045751634
1 0.09461077844311377 0.7279411764705883 0.019161676646706587 0.03758169934640523
1 0.11197604790419162 0.7647058823529411 0.04431137724550898 0.05555555555555555
1 0.15269461077844312 0.6691176470588236 0.05149700598802395 0.19444444444444448
1 0.03532934131736527 0.6805555555555556 0.037125748502994015 0.05392156862745099
1 0.07784431137724551 0.6601307189542485 0.0407185628742515 0.06209150326797386
1 0.25269461077844313 0.7287581699346404 0.023952095808383242 0.08823529411764706
1 0.1910179640718563 0.6781045751633986 0.037125748502994015 0.06209150326797386
1 0.31077844311377245 0.6740196078431373 0.05868263473053892 0.04411764705882353
1 0.26227544910179634 0.621732026143791 0.06706586826347305 0.08006535947712418
1 0.2874251497005988 0.5645424836601308 0.1125748502994012 0.08660130718954248
1 0.2634730538922156 0.49346405228758167 0.0718562874251497 0.05228758169934641
1 0.41616766467065874 0.46895424836601307 0.14251497005988026 0.07189542483660132
1 0.4874251497005988 0.5416666666666667 0.03592814371257485 0.04738562091503268
1 0.4802395209580837 0.536764705882353 0.04550898203592815 0.04084967320261437
1 0.4293413173652694 0.6821895424836601 0.07065868263473053 0.034313725490196074
1 0.5215568862275449 0.5106209150326797 0.041916167664670656 0.05392156862745099
1 0.07305389221556886 0.4893790849673202 0.07904191616766469 0.027777777777777776
1 0.0688622754491018 0.5122549019607843 0.0754491017964072 0.011437908496732025
1 0.10000000000000002 0.3570261437908497 0.029940119760479042 0.09967320261437909
1 0.137125748502994 0.3643790849673202 0.02035928143712575 0.12745098039215683
1 0.2275449101796407 0.40114379084967317 0.12694610778443113 0.18137254901960784
1 0.18862275449101798 0.48692810457516345 0.3197604790419162 0.6503267973856209
