0 0.06546854942233633 0.5667522464698331 0.07188703465982028 0.13222079589216945
0 0.059691912708600775 0.6489088575096278 0.1116816431322208 0.08344030808729143
0 0.1643132220795892 0.5577663671373556 0.12066752246469832 0.0885750962772786
0 0.141206675224647 0.6258023106546855 0.12836970474967907 0.08344030808729143
0 0.14505776636713738 0.6944801026957639 0.11553273427471117 0.0821566110397946
0 0.1534017971758665 0.14184852374839535 0.15789473684210525 0.09114249037227214
0 0.11489088575096278 0.05070603337612325 0.18613607188703465 0.08344030808729143
0 0.05070603337612322 0.10077021822849808 0.10141206675224644 0.07830551989730423
1 0.5429896053248523 0.5145972240614207 0.028812821349994393 0.02824038119072298
1 0.5814385026892487 0.5594383698710148 0.03167502214635156 0.008395789002647328
1 0.5839190767127582 0.5569577958475055 0.02671387409933259 0.020989472506618465
1 0.5488094136107783 0.5478941599923747 0.025568993780789778 0.016982391391718626
1 0.5728519003001776 0.5376856438187011 0.028622007963570707 0.013356937049666295
1 0.5491910403836259 0.5345372229427084 0.02824038119072305 0.008586602389071153
1 0.5489048203039901 0.566116838395848 0.02537818039436596 0.01488344414105676
1 0.5830604164738511 0.5744172207052834 0.020035405574499406 0.009731482707614036
1 0.573424340459449 0.5792829620590905 0.011067176412580603 0.016028324459599567
1 0.5639790778314707 0.5759437277966738 0.016982391391718553 0.012784496890394889
1 0.509120229234627 0.5807140624572691 0.014501817368209104 0.013166123663242468
1 0.5672229054006753 0.529003634736418 0.010494736253309196 0.024614926848670723
1 0.5610214703419018 0.6219297539248108 0.014883444141056685 0.016982391391718553
1 0.5724702735273298 0.6164915724117322 0.01869971186953277 0.004197894501323737
1 0.5632158242857754 0.6111487975918658 0.02308841975728025 0.0030530141827808527
1 0.5661734317753444 0.6018943483503112 0.020989472506618465 0.012021243344699662
1 0.5326856824579669 0.5955020999051137 0.02194353943873745 0.014120190595361525
1 0.5282969745702192 0.6168731991845798 0.026141433940061177 0.012593683503971068
1 0.546042619507633 0.6230746342433534 0.008586602389071225 0.0139293772089377
1 0.5365019501864429 0.6059968361584231 0.02194353943873745 0.005724401592714128
1 0.551003767554652 0.596074540064385 0.0059152149791378795 0.01869971186953277
