2 0.5796519410977242 0.06607142857142859 0.14457831325301201 0.13214285714285717
2 0.7262382864792502 0.058928571428571414 0.11914323962516735 0.11785714285714283
2 0.9089692101740294 0.13499999727521622 0.18206157965194109 0.2628571374075753
2 0.8668005354752343 0.3455357142857144 0.14056224899598393 0.14107142857142857
2 0.9511378848728246 0.4573214258466448 0.0977242302543507 0.1460714340209961
2 0.9605087014725568 0.3019642829895017 0.07898259705488621 0.12821429116385322
2 0.7121820615796519 0.4160714285714286 0.14457831325301201 0.16428571428571426
2 0.5910307898259706 0.3678571428571429 0.08165997322623829 0.12142857142857143
2 0.47724230254350736 0.3035714285714286 0.13520749665327977 0.17142857142857143
2 0.5414993306559571 0.46517857142857144 0.10040160642570281 0.12678571428571425
2 0.392904953145917 0.3080357142857143 0.14056224899598393 0.18392857142857147
2 0.3908969210174029 0.4098214285714286 0.06157965194109773 0.05178571428571429
2 0.2971887550200803 0.43214285714285705 0.08032128514056225 0.09285714285714286
2 0.23560910307898253 0.46428571428571436 0.08032128514056225 0.08571428571428572
2 0.19477911646586343 0.6428571428571426 0.073627844712182 0.10357142857142897
2 0.28848728246318606 0.6089285714285713 0.060240963855421686 0.06428571428571427
2 0.2965194109772423 0.6794642857142857 0.05488621151271753 0.06964285714285715
2 0.3514056224899598 0.6875000000000001 0.05488621151271753 0.06428571428571427
2 0.4270414993306558 0.5598214285714287 0.18473895582329308 0.2410714285714285
2 0.1552878179384204 0.9303571428571429 0.08032128514056223 0.08214285714285754
2 0.7911646586345384 0.1607142857142857 0.09638554216867473 0.10714285714285714
