0 0.14639397201291712 0.1689989235737352 0.26264800861141013 0.155005382131324
1 0.03821313240043057 0.5871905274488698 0.06996770721205597 0.07857911733046288
1 0.10010764262648006 0.6054897739504842 0.11840688912809473 0.061356297093649086
1 0.09956942949407965 0.66254036598493 0.11302475780409042 0.05059203444564048
1 0.07373519913885898 0.6910656620021528 0.07642626480086114 0.023681377825618945
1 0.1071044133476857 0.7142088266953714 0.05705059203444564 0.020452099031216354
1 0.8078579117330463 0.282561894510226 0.10871905274488698 0.06996770721205597
1 0.7454251883745964 0.3729817007534983 0.13670613562970937 0.08719052744886975
1 0.7534983853606029 0.4634015069967707 0.08180839612486542 0.0721205597416577
1 0.6442411194833154 0.4720129171151776 0.0914962325080732 0.059203444564047365
1 0.5866523143164694 0.19375672766415503 0.08611410118406888 0.09903121636167922
1 0.5801937567276642 0.3046286329386437 0.116254036598493 0.10979547900968784
1 0.551130247578041 0.4058127018299247 0.08826695371367065 0.07965554359526372
1 0.553821313240043 0.47093649085037675 0.06996770721205597 0.04628632938643703
1 0.6431646932185145 0.39558665231431644 0.05705059203444564 0.08288482238966634
1 0.7066738428417654 0.2335844994617869 0.1216361679224973 0.10118406889128095
1 0.7147470398277719 0.08826695371367062 0.1356297093649085 0.09687836383207751
1 0.6189451022604952 0.052206673842841764 0.08611410118406888 0.0914962325080732
1 0.844994617868676 0.12002152852529602 0.12055974165769644 0.17330462863293863
1 0.9354144241119484 0.04090419806243272 0.07104413347685684 0.07965554359526372
