0 0.36860670194003525 0.06235294117647058 0.2645502645502645 0.12
0 0.707231040564374 0.17176470588235293 0.1657848324514991 0.3388235294117647
0 0.5749559082892414 0.18588235294117642 0.21516754850088105 0.37176470588235283
0 0.4135802469135799 0.2870588235294117 0.28042328042328035 0.34352941176470575
0 0.8536155202821869 0.3423529411764704 0.292768959435626 0.28941176470588226
0 0.7636684303350969 0.5870588235294117 0.30335097001763656 0.5435294117647058
0 0.8880070546737224 0.6047058823529404 0.22045855379188684 0.2682352941176468
0 0.68694885361552 0.8223529411764708 0.2275132275132275 0.2517647058823529
0 0.5608465608465607 0.6964705882352943 0.2222222222222223 0.4141176470588233
0 0.2425044091710758 0.39294117647058824 0.23456790123456783 0.4094117647058823
0 0.3932980599647266 0.56 0.3350970017636684 0.3952941176470588
0 0.1728395061728395 0.628235294117647 0.19047619047619047 0.38117647058823523
0 0.3456790123456789 0.7647058823529406 0.16931216931216944 0.31529411764705856
0 0.511463844797178 0.8776470588235294 0.1728395061728395 0.24470588235294122
0 0.24514991181657836 0.8423529411764704 0.15167548500881828 0.21176470588235308
