1 0.49716981132075466 0.5270100502512562 0.2735849056603773 0.1922110552763819
1 0.3075471698113207 0.6306532663316583 0.2490566037735849 0.19597989949748743
1 0.6537735849056604 0.6507537688442211 0.2283018867924528 0.1633165829145729
1 0.4632075471698114 0.783291457286432 0.2358490566037736 0.1444723618090452
1 0.3518867924528302 0.846105527638191 0.2509433962264151 0.18718592964824127
1 0.589622641509434 0.8800251256281407 0.5 0.17462311557788943
1 0.5283018867924528 0.35552763819095473 0.23018867924528302 0.1256281407035176
1 0.7169811320754716 0.47047738693467345 0.2943396226415094 0.19472361809045233
1 0.7075471698113207 0.28580402010050254 0.3471698113207547 0.12939698492462312
1 0.49811320754716976 0.20163316582914576 0.41509433962264153 0.2022613065326633
1 0.15566037735849056 0.15263819095477388 0.22075471698113208 0.15452261306532664
1 0.2735849056603773 0.05967336683417085 0.3018867924528301 0.1193467336683417
1 0.09433962264150944 0.5546482412060301 0.18867924528301888 0.20979899497487436
