1 0.28850102669404526 0.03530166880616174 0.026694045174537984 0.026957637997432605
1 0.27515400410677615 0.05391527599486522 0.041067761806981504 0.02310654685494224
1 0.28028747433264894 0.07573812580231065 0.03490759753593428 0.012836970474967908
1 0.31930184804928124 0.06739409499358151 0.026694045174537984 0.01668806161745828
1 0.30800821355236147 0.04685494223363287 0.028747433264887063 0.008985879332477536
1 0.3193018480492813 0.03273427471116817 0.03901437371663245 0.008985879332477536
1 0.29979466119096515 0.014762516046213094 0.049281314168377825 0.01668806161745828
1 0.2813141683778234 0.10333761232349169 0.057494866529774126 0.026957637997432605
1 0.3203285420944559 0.11168164313222081 0.061601642710472276 0.02053915275994865
1 0.28439425051334694 0.1367137355584082 0.03901437371663245 0.024390243902439025
1 0.3716632443531827 0.15596919127086006 0.061601642710472276 0.029525032092426188
1 0.3603696098562628 0.12708600770218229 0.04722792607802875 0.028241335044929396
1 0.30800821355236147 0.1514762516046213 0.05338809034907597 0.028241335044929396
1 0.3213552361396303 0.1938382541720154 0.07597535934291583 0.0410783055198973
1 0.41375770020533875 0.18934531450577663 0.08829568788501026 0.04236200256739409
1 0.36960985626283377 0.23876765083440307 0.0780287474332649 0.04621309370988448
1 0.4702258726899383 0.23876765083440307 0.06570841889117045 0.04621309370988448
1 0.41581108829568786 0.3061617458279846 0.10472279260780287 0.06033376123234916
1 0.47125256673511295 0.2991014120667523 0.08008213552361396 0.0410783055198973
1 0.4989733059548254 0.2721437740693197 0.057494866529774126 0.03337612323491656
1 0.5462012320328542 0.3883183568677792 0.07392197125256673 0.05006418485237484
1 0.45790554414784396 0.3395378690629012 0.06981519507186856 0.026957637997432605
1 0.6642710472279262 0.29845956354300385 0.06365503080082136 0.024390243902439025
1 0.5605749486652979 0.34274711168164307 0.05338809034907597 0.028241335044929396
1 0.6560574948665296 0.3741976893453144 0.0513347022587269 0.03209242618741977
1 0.6119096509240248 0.33761232349165593 0.06570841889117045 0.0410783055198973
1 0.5872689938398356 0.4120667522464699 0.0780287474332649 0.043645699614890884
1 0.46714579055441474 0.37869062901155337 0.06365503080082136 0.03594351732991014
1 0.4794661190965092 0.45442875481386397 0.06776180698151953 0.025673940949935817
1 0.5544147843942505 0.4557124518613607 0.06570841889117045 0.03337612323491656
1 0.6396303901437372 0.4557124518613607 0.0513347022587269 0.025673940949935817
1 0.6283367556468175 0.4922978177150192 0.04517453798767967 0.03465982028241335
1 0.7525667351129363 0.5019255455712451 0.10472279260780287 0.06675224646983312
1 0.26899383983572894 0.47689345314505777 0.10677618069815194 0.04492939666238769
1 0.36755646817248466 0.4492939666238767 0.07392197125256673 0.03594351732991014
1 0.4476386036960986 0.5218228498074455 0.20944558521560575 0.09627727856225927
1 0.5934291581108829 0.5808729139922979 0.0780287474332649 0.04749679075738125
1 0.8028747433264887 0.5783055198973043 0.057494866529774126 0.04236200256739409
1 0.8696098562628336 0.5680359435173298 0.059548254620123205 0.03979460847240052
1 0.9394250513347023 0.5879332477535302 0.08418891170431211 0.05391527599486521
1 0.8151950718685831 0.5982028241335045 0.06981519507186856 0.028241335044929396
1 0.5184804928131417 0.689987163029525 0.08008213552361396 0.04749679075738125
1 0.4004106776180698 0.6046213093709885 0.05338809034907597 0.025673940949935817
1 0.45379876796714574 0.5917843388960206 0.05338809034907597 0.028241335044929396
1 0.4034907597535935 0.5693196405648266 0.03490759753593428 0.021822849807445442
1 0.34496919917864477 0.576379974326059 0.049281314168377825 0.02053915275994865
1 0.30390143737166325 0.6026957637997432 0.12320328542094455 0.04492939666238769
1 0.44866529774127306 0.7195121951219512 0.06776180698151953 0.037227214377406934
1 0.42197125256673507 0.7458279845956352 0.04722792607802875 0.043645699614890884
1 0.3347022587268993 0.72400513478819 0.1026694045174538 0.05648267008985879
1 0.41067761806981523 0.6874197689345314 0.06981519507186856 0.05006418485237484
1 0.34804928131416835 0.6739409499358152 0.06776180698151953 0.03594351732991014
1 0.23511293634496916 0.6816431322207959 0.10472279260780287 0.059050064184852376
1 0.27618069815195073 0.636713735558408 0.10472279260780287 0.051347881899871634
1 0.14168377823408623 0.637997432605905 0.057494866529774126 0.02310654685494224
1 0.5646817248459959 0.8119383825417201 0.032854209445585224 0.014120667522464698
1 0.2053388090349076 0.6123234916559692 0.03696098562628337 0.03337612323491656
1 0.11396303901437371 0.5866495507060334 0.10472279260780287 0.0693196405648267
1 0.48459958932238195 0.8318356867779204 0.10677618069815194 0.07188703465982028
1 0.4394250513347022 0.8600770218228498 0.11498973305954825 0.07702182284980745
1 0.38193018480492824 0.8812580231065468 0.1314168377823409 0.10397946084724005
1 0.7659137577002053 0.869704749679076 0.061601642710472276 0.06290115532734275
1 0.8655030800821355 0.8626444159178436 0.07186858316221764 0.05391527599486521
1 0.959958932238193 0.8940949935815148 0.059548254620123205 0.055198973042362
1 0.7084188911704312 0.913992297817715 0.04517453798767967 0.03594351732991014
1 0.6139630390143735 0.9326059050064185 0.061601642710472276 0.01155327342747112
1 0.5698151950718686 0.9704749679075738 0.10472279260780287 0.043645699614890884
1 0.682751540041068 0.9557124518613607 0.06365503080082136 0.026957637997432605
1 0.7659137577002052 0.9685494223363286 0.041067761806981504 0.019255455712451863
1 0.7566735112936346 0.9345314505776636 0.03490759753593428 0.04878048780487805
1 0.8285420944558523 0.9415917843388961 0.10061601642710473 0.06033376123234916
1 0.9219712525667353 0.9646983311938382 0.04517453798767967 0.03209242618741977
1 0.8531827515400409 0.7073170731707316 0.07186858316221764 0.05391527599486521
1 0.9373716632443531 0.6720154043645701 0.0513347022587269 0.04492939666238769
