2 0.155005382131324 0.22497308934337995 0.18083961248654468 0.1485468245425188
2 0.26910656620021534 0.13562970936490848 0.18514531754574812 0.13132400430570507
2 0.5688912809472552 0.04843918191603876 0.05705059203444564 0.07104413347685684
2 0.6194833153928956 0.05866523143164693 0.05489773950484392 0.06566200215285253
2 0.5877287405812701 0.18514531754574812 0.06458557588805167 0.08611410118406888
2 0.24811625403659845 0.573735199138859 0.03982777179763186 0.02798708288482239
2 0.2518837459634015 0.5495156081808396 0.03013993541442411 0.020452099031216354
2 0.05597416576964477 0.531216361679225 0.03013993541442411 0.026910656620021525
2 0.2039827771797632 0.6415500538213134 0.03336921420882669 0.02583423035522067
2 0.2109795479009688 0.66254036598493 0.05166846071044134 0.03982777179763186
2 0.2761033369214209 0.6345532831001076 0.024757804090419805 0.020452099031216354
2 0.24973089343379978 0.6114101184068891 0.02152852529601722 0.0193756727664155
2 0.30193756727664156 0.6953713670613563 0.03552206673842842 0.03229278794402583
2 0.2685683530678149 0.7658772874058127 0.0527448869752422 0.04843918191603876
2 0.24219590958019377 0.8310010764262649 0.07319698600645858 0.05166846071044134
2 0.10656620021528526 0.8207750269106566 0.05597416576964478 0.061356297093649086
2 0.1501614639397201 0.7416576964477933 0.03982777179763186 0.03659849300322929
2 0.14370290635091496 0.6894510226049516 0.018299246501614644 0.024757804090419805
2 0.25672766415500536 0.7055974165769645 0.018299246501614644 0.024757804090419805
1 0.18514531754574812 0.8218514531754576 0.09041980624327234 0.10441334768568353
1 0.22228202368137784 0.7282023681377825 0.0721205597416577 0.0721205597416577
1 0.147470398277718 0.6614639397201292 0.04090419806243271 0.031216361679224973
1 0.11410118406889128 0.6867599569429496 0.02798708288482239 0.04951560818083961
2 0.6743810548977397 0.6980624327233584 0.022604951560818085 0.02906350914962325
2 0.7168998923573737 0.6097954790096877 0.0193756727664155 0.02906350914962325
2 0.7648008611410119 0.6953713670613563 0.013993541442411194 0.017222820236813777
2 0.7761033369214208 0.7411194833153929 0.01076426264800861 0.011840688912809472
2 0.7696447793326157 0.8110871905274489 0.02152852529601722 0.03336921420882669
2 0.7405812701829925 0.8493003229278794 0.012917115177610334 0.0193756727664155
2 0.6620021528525294 0.8083961248654467 0.02152852529601722 0.023681377825618945
2 0.6620021528525294 0.8482238966630785 0.015069967707212055 0.02152852529601722
2 0.5995694294940798 0.7707212055974165 0.0193756727664155 0.023681377825618945
2 0.5914962325080731 0.805166846071044 0.020452099031216354 0.02583423035522067
2 0.6237890204520989 0.8202368137782563 0.022604951560818085 0.023681377825618945
2 0.55005382131324 0.7879440258342304 0.02152852529601722 0.015069967707212055
2 0.5645855758880517 0.8266953713670613 0.03552206673842842 0.03013993541442411
2 0.5344456404736275 0.8143164693218516 0.016146393972012917 0.018299246501614644
2 0.5645855758880516 0.6856835306781486 0.016146393972012917 0.02583423035522067
2 0.5958019375672767 0.6646932185145316 0.020452099031216354 0.022604951560818085
2 0.61248654467169 0.6124865446716898 0.02152852529601722 0.03229278794402583
2 0.6377825618945103 0.6146393972012917 0.018299246501614644 0.02152852529601722
2 0.6673842841765336 0.6668460710441333 0.03229278794402583 0.020452099031216354
2 0.6695371367061358 0.6463939720129172 0.0193756727664155 0.020452099031216354
2 0.7212055974165767 0.7023681377825619 0.012917115177610334 0.013993541442411194
2 0.7432723358449946 0.7163616792249731 0.011840688912809472 0.016146393972012917
2 0.7631862217438105 0.7303552206673843 0.017222820236813777 0.013993541442411194
2 0.6539289558665231 0.7152852529601723 0.018299246501614644 0.020452099031216354
2 0.6297093649085038 0.7271259418729819 0.02152852529601722 0.02906350914962325
2 0.679763186221744 0.610333692142088 0.024757804090419805 0.02583423035522067
2 0.7534983853606028 0.635091496232508 0.023681377825618945 0.02152852529601722
1 0.6200215285252961 0.7615715823466093 0.0688912809472551 0.0742734122712594
1 0.5548977395048439 0.7179763186221745 0.0742734122712594 0.07319698600645858
1 0.5392895586652314 0.801399354144241 0.07965554359526372 0.08073196986006458
1 0.6942949407965553 0.8369214208826696 0.08826695371367065 0.06350914962325081
1 0.7029063509149626 0.778794402583423 0.07319698600645858 0.04413347685683532
1 0.6819160387513458 0.7378902045209904 0.03552206673842842 0.024757804090419805
1 0.7465016146393972 0.6829924650161466 0.024757804090419805 0.04413347685683532
1 0.6926803013993542 0.6523143164693218 0.03336921420882669 0.03444564047362755
1 0.6103336921420884 0.6668460710441334 0.09257265877287406 0.08719052744886975
1 0.6646932185145319 0.6141011840688912 0.03552206673842842 0.04628632938643703
1 0.7771797631862216 0.7131324004305704 0.038751345532831 0.026910656620021525
2 0.7131324004305704 0.736275565123789 0.024757804090419805 0.0193756727664155
2 0.7588805166846071 0.7691065662002152 0.02798708288482239 0.020452099031216354
