1 0.4014333875790526 0.10392260964654415 0.03271920744263806 0.015256314295096085
1 0.3989794470208548 0.1285674250463148 0.017995564093451002 0.0269919406759392
1 0.4321076445565259 0.14088983274620007 0.022085465023780716 0.04224825497103528
1 0.3993884371138877 0.15438580308416966 0.030265266884440284 0.03168619122827645
1 0.4145210705561079 0.17903061848394028 0.031083247070506186 0.03872756705678234
1 0.4480582581848119 0.18079096244106674 0.02781132632624244 0.046942505523372514
1 0.42924471390529506 0.22655990532635484 0.02781132632624244 0.039901129694866685
1 0.46646281237129583 0.23184093719773433 0.02372142539591259 0.0269919406759392
1 0.4869123170229447 0.2136507163074274 0.01717758390738503 0.03051262859019212
1 0.41820198139340475 0.2682213789783481 0.02372142539591259 0.0269919406759392
1 0.44069643651021834 0.2699817229354745 0.02617536595411043 0.03051262859019212
1 0.46278190153399895 0.30753572735417256 0.031083247070506186 0.025818378037854913
1 0.5073618216745934 0.28289091195440197 0.03680910837296784 0.04459538024720389
1 0.5453979003266602 0.2969736636114137 0.02781132632624237 0.04459538024720389
1 0.5265843560471434 0.34215582517765974 0.02781132632624237 0.04107469233295098
1 0.5028629306512307 0.3644535153012617 0.02617536595411043 0.04107469233295098
1 0.47750554488318625 0.3662138592583882 0.016359603721318994 0.03990112969486663
1 0.4496942185569439 0.36738742189647255 0.0261753659541105 0.028165503314023496
1 0.5453979003266602 0.387924768062948 0.02290344520984668 0.0269919406759392
1 0.5564406328385506 0.3509575449632921 0.02372142539591259 0.05867813190421566
1 0.5813890285135621 0.3386351372634068 0.01799556409345093 0.0269919406759392
1 0.5801620582344631 0.3932057999343273 0.031901227256572094 0.037554004418697995
1 0.5004089900930329 0.42665233511973033 0.022903445209846628 0.034033316504445126
1 0.534764157907803 0.4078753329103813 0.029447286698374243 0.02933906595210783
1 0.5282203164192752 0.4407350867767421 0.02453940558197863 0.02933906595210783
1 0.51513263344222 0.4876775923001146 0.014723643349187054 0.024644815399770623
1 0.4967280792557361 0.5041074692332951 0.015541623535253023 0.02933906595210779
1 0.4758695845110543 0.49002471757628335 0.024539405581978563 0.010562063742758854
1 0.49100221795327437 0.46772702745268124 0.028629306512308342 0.0269919406759392
1 0.5789350879553643 0.4530574944766272 0.02781132632624244 0.030512628590192218
1 0.5646204346992101 0.43428049226727805 0.031901227256572094 0.02112412748551766
1 0.6284228892123542 0.43956152413865773 0.022085465023780716 0.029339065952107887
1 0.6079733845607056 0.4536442757956695 0.035173148000835965 0.036380441780613657
1 0.5826159987926611 0.4829833417477774 0.030265266884440284 0.024644815399770623
1 0.5548046724664188 0.5176034395712646 0.023721425395912658 0.02816550331402345
1 0.5907958006533207 0.5111488450618009 0.02372142539591259 0.022297690123601947
1 0.56871033562954 0.5410746923329509 0.018813544279516904 0.02581837803785496
1 0.5445799201405943 0.5487028494804989 0.02617536595411043 0.02933906595210779
1 0.5306742569774732 0.5598516945423 0.02781132632624244 0.021124127485517605
1 0.5433529498614953 0.594471792365787 0.03680910837296784 0.05515744398996274
1 0.5576676031176495 0.661364862736593 0.03926304893116568 0.05515744398996274
1 0.5760721573041334 0.6056206374275881 0.026993346140176407 0.03755400441869806
1 0.6100183350258707 0.6420010792082018 0.03762708855903388 0.05163675607570973
1 0.6545982551664649 0.6408275165701176 0.02372142539591273 0.051636756075709826
1 0.7143108087492795 0.5457689428852882 0.031901227256572164 0.016429876933180453
1 0.7253535412611698 0.5176034395712646 0.02126748483771481 0.023471252761686285
1 0.7335333431218293 0.5070413758285058 0.014723643349187054 0.02112412748551771
1 0.7515289072152804 0.4900247175762833 0.01963152446558274 0.022297690123601947
1 0.7155377790283783 0.4794626538335245 0.03271920744263813 0.024644815399770526
1 0.6967242347488615 0.514669532976054 0.02126748483771481 0.03872756705678229
1 0.6676859381435203 0.459512088986091 0.018813544279516904 0.034033316504445035
1 0.6554162353525309 0.43310692962919406 0.0171775839073851 0.028165503314023548
1 0.6316948099566183 0.522884471442644 0.02862930651230841 0.04107469233295098
1 0.6680949282365531 0.5176034395712645 0.02126748483771468 0.03990112969486663
1 0.6314058570352674 0.4894117279253517 0.02400988149740801 0.026497820579349272
1 0.6496441324034908 0.46158901631703514 0.016160497161716924 0.019873365434512003
1 0.6902762395529504 0.6026899109020697 0.03370617979443805 0.033122275724186544
1 0.6900453753077831 0.5566499476454504 0.014775311690712573 0.032459830209702854
1 0.6778095703139119 0.5728798627503018 0.01616049716171679 0.011924019260707163
1 0.6524145033454996 0.5987152378151673 0.02077778206506445 0.02119825646347938
1 0.6224021514737395 0.587122441311702 0.01893086810372542 0.021860701977963165
1 0.6505675893841605 0.5689051896633994 0.01616049716171679 0.026497820579349175
1 0.5963144917698252 0.6000401288441348 0.01569876867138205 0.023848038521414327
1 0.6256342509060832 0.5569811704026923 0.01893086810372549 0.0251729295503818
