2 0.3744292237442922 0.18356867779204109 0.45662100456621 0.31322207958921694
2 0.1632420091324201 0.3491655969191271 0.2945205479452055 0.33889602053915274
2 0.34474885844748854 0.5109114249037227 0.36529680365296796 0.31065468549422337
2 0.7819634703196346 0.32798459563543003 0.39497716894977164 0.3196405648267009
2 0.6198630136986302 0.12901155327342745 0.24429223744292236 0.2374839537869063
2 0.8470319634703196 0.15725288831835688 0.2602739726027397 0.18613607188703465
2 0.4805936073059361 0.8016688061617461 0.3767123287671233 0.2862644415917843
2 0.6803652968036529 0.5622593068035944 0.4383561643835616 0.23876765083440307
2 0.17123287671232876 0.7028241335044929 0.3424657534246575 0.306803594351733
2 0.7431506849315067 0.8716302952503209 0.4680365296803653 0.21822849807445444
