2 0.3732876712328767 0.5924261874197689 0.11643835616438356 0.09370988446726573
2 0.9306506849315069 0.14569961489088573 0.09075342465753425 0.07573812580231065
2 0.6412671232876712 0.19127086007702182 0.09417808219178082 0.06675224646983312
2 0.6164383561643836 0.2913992297817715 0.06506849315068493 0.059050064184852376
2 0.6772260273972602 0.2991014120667522 0.07363013698630137 0.06675224646983312
2 0.6917808219178082 0.35494223363286265 0.07876712328767123 0.052631578947368425
2 0.464041095890411 0.23555840821566104 0.09246575342465753 0.07573812580231065
2 0.42380136986301364 0.2939666238767651 0.07705479452054795 0.07188703465982028
2 0.5470890410958903 0.4223363286264441 0.26198630136986295 0.20539152759948653
2 0.3107876712328767 0.38254172015404364 0.1763698630136986 0.10269576379974327
2 0.3013698630136986 0.48587933247753523 0.2191780821917808 0.10397946084724005
2 0.452054794520548 0.5340179717586649 0.1404109589041096 0.11296534017971759
2 0.40667808219178087 0.7073170731707318 0.1660958904109589 0.1258023106546855
2 0.0702054794520548 0.582798459563543 0.1404109589041096 0.16944801026957637
2 0.06335616438356165 0.7130937098844673 0.1267123287671233 0.13222079589216945
2 0.1660958904109589 0.7689345314505774 0.1506849315068493 0.0821566110397946
2 0.07363013698630137 0.8273427471116817 0.14726027397260275 0.13735558408215662
2 0.13013698630136986 0.9037227214377406 0.2602739726027397 0.19255455712451855
2 0.33818493150684936 0.8594351732991014 0.1386986301369863 0.12708600770218229
2 0.4383561643835616 0.9409499358151475 0.1917808219178082 0.10269576379974327
2 0.3176369863013699 0.9602053915275994 0.14212328767123286 0.0693196405648267
