2 0.16132596685082873 0.732615894039735 0.09723756906077348 0.15066225165562913
2 0.18066298342541437 0.8816225165562913 0.06961325966850829 0.10099337748344371
2 0.14861878453038674 0.8683774834437087 0.03425414364640884 0.08774834437086093
2 0.13922651933701657 0.955298013245033 0.06850828729281767 0.08940397350993377
2 0.20165745856353592 0.9470198675496689 0.08729281767955803 0.09602649006622517
2 0.05138121546961326 0.933774834437086 0.056353591160221 0.11589403973509932
2 0.027624309392265192 0.8708609271523179 0.05082872928176796 0.06622516556291391
2 0.023756906077348067 0.7425496688741723 0.04751381215469613 0.10099337748344371
2 0.2668508287292818 0.7582781456953643 0.0430939226519337 0.10927152317880795
2 0.26574585635359116 0.8733443708609272 0.06077348066298342 0.10099337748344371
2 0.3220994475138121 0.7971854304635763 0.05193370165745858 0.12086092715231792
2 0.3392265193370166 0.7135761589403974 0.05303867403314917 0.09602649006622517
2 0.3 0.6299668874172185 0.04972375690607735 0.11092715231788076
2 0.28729281767955805 0.6572847682119206 0.046408839779005534 0.09933774834437087
2 0.5093922651933701 0.5372516556291389 0.09723756906077348 0.13079470198675497
2 0.45414364640883975 0.44122516556291397 0.05966850828729282 0.13410596026490063
2 0.4171270718232044 0.41307947019867547 0.06077348066298342 0.09437086092715231
2 0.38618784530386735 0.5 0.06298342541436462 0.13907284768211922
2 0.4861878453038674 0.23096026490066227 0.05966850828729282 0.09437086092715231
2 0.5220994475138121 0.2582781456953642 0.06298342541436462 0.07947019867549669
2 0.5270718232044199 0.18211920529801326 0.06408839779005525 0.12251655629139073
2 0.5806629834254144 0.19288079470198674 0.06740331491712707 0.11423841059602649
2 0.5243093922651935 0.3865894039735099 0.07845303867403315 0.11754966887417219
2 0.5569060773480663 0.43543046357615894 0.06850828729281767 0.10596026490066228
2 0.587292817679558 0.3865894039735099 0.05414364640883978 0.10099337748344371
2 0.8425414364640883 0.5811258278145697 0.07624309392265195 0.15562913907284764
2 0.807182320441989 0.19784768211920528 0.0718232044198895 0.11754966887417219
2 0.7701657458563537 0.10182119205298014 0.07071823204419891 0.11423841059602649
2 0.7475138121546964 0.15976821192052978 0.12265193370165745 0.11092715231788076
2 0.8060773480662984 0.08857615894039736 0.04530386740331492 0.11754966887417219
