1 0.1664670658682635 0.7432675044883303 0.11497005988023952 0.061041292639138225
1 0.21437125748502997 0.7010771992818671 0.0694610778443114 0.06283662477558348
1 0.36766467065868275 0.7100538599640933 0.03592814371257485 0.04847396768402154
1 0.41916167664670667 0.6561938958707362 0.059880239520958084 0.06283662477558348
1 0.45868263473053894 0.751346499102334 0.06227544910179641 0.07001795332136447
1 0.49041916167664673 0.6579892280071813 0.05868263473053892 0.10951526032315978
1 0.5335329341317365 0.6445242369838421 0.0347305389221557 0.061041292639138225
1 0.541317365269461 0.718132854578097 0.033532934131736525 0.05026929982046679
1 0.5688622754491018 0.7145421903052065 0.04550898203592815 0.0718132854578097
1 0.6365269461077844 0.7172351885098744 0.04910179640718563 0.05206463195691203
1 0.7005988023952093 0.6903052064631957 0.031137724550898204 0.03770197486535009
1 0.741317365269461 0.6947935368043088 0.03592814371257485 0.0466786355475763
1 0.7850299401197607 0.6840215439856374 0.037125748502994015 0.03231597845601435
1 0.726946107784431 0.634649910233393 0.03832335329341317 0.026929982046678635
1 0.7724550898203595 0.6400359066427289 0.033532934131736525 0.04129263913824058
1 0.8017964071856286 0.6409335727109514 0.017964071856287425 0.0466786355475763
1 0.6880239520958084 0.6490125673249552 0.046706586826347304 0.04847396768402154
1 0.6479041916167665 0.6427289048473968 0.033532934131736525 0.05026929982046679
1 0.604191616766467 0.6481149012567324 0.041916167664670656 0.04308797127468582
1 0.31856287425149704 0.6005385996409337 0.05029940119760479 0.059245960502693
1 0.35149700598802397 0.39856373429084385 0.046706586826347304 0.07899461400359066
1 0.31856287425149704 0.46409335727109513 0.04311377245508982 0.059245960502693
1 0.28143712574850294 0.5466786355475763 0.03832335329341317 0.06642728904847395
1 0.26407185628742513 0.6166965888689407 0.041916167664670656 0.07001795332136447
1 0.4083832335329341 0.49102333931777364 0.04311377245508982 0.030520646319569113
1 0.42275449101796414 0.45152603231597843 0.02874251497005988 0.04129263913824058
1 0.4706586826347305 0.38689407540394977 0.02874251497005988 0.03770197486535009
1 0.448502994011976 0.41113105924596055 0.025149700598802394 0.03231597845601435
1 0.41497005988023955 0.3922800718132855 0.0347305389221557 0.04129263913824058
1 0.4425149700598803 0.3330341113105924 0.0347305389221557 0.04847396768402154
1 0.4838323353293413 0.32136445242369843 0.019161676646706587 0.03231597845601435
1 0.47904191616766467 0.27289048473967686 0.026347305389221556 0.0466786355475763
1 0.5131736526946108 0.2800718132854577 0.015568862275449102 0.017953321364452424
1 0.5017964071856287 0.18850987432675045 0.026347305389221556 0.08976660682226212
1 0.1568862275449102 0.5960502692998203 0.023952095808383242 0.05745062836624776
1 0.13652694610778443 0.6310592459605027 0.026347305389221556 0.04847396768402154
1 0.1029940119760479 0.6283662477558348 0.033532934131736525 0.04308797127468582
1 0.10119760479041914 0.5323159784560143 0.05868263473053892 0.059245960502693
1 0.0658682634730539 0.5745062836624775 0.04550898203592815 0.0646319569120287
1 0.05089820359281437 0.4865350089766607 0.041916167664670656 0.0466786355475763
1 0.029341317365269463 0.5224416517055654 0.046706586826347304 0.03231597845601435
1 0.022754491017964073 0.4443447037701976 0.03832335329341317 0.059245960502693
1 0.011976047904191621 0.4829443447037702 0.023952095808383242 0.017953321364452424
