2 0.2540365984930033 0.7237479806138932 0.07319698600645858 0.10662358642972533
2 0.24219590958019374 0.5961227786752827 0.04736275565123789 0.03877221324717286
2 0.24919268030139935 0.37075928917609047 0.04628632938643703 0.06946688206785137
2 0.2513455328310011 0.449919224555735 0.059203444564047365 0.05977382875605816
2 0.36490850376749195 0.32794830371567046 0.05166846071044134 0.06462035541195475
2 0.3632938643702907 0.5638126009693053 0.06350914962325081 0.10985460420032307
2 0.4418729817007535 0.5815831987075929 0.05489773950484392 0.0840064620355412
2 0.4623250807319698 0.5088852988691438 0.06996770721205597 0.06785137318255251
2 0.4913885898815931 0.43780290791599347 0.03982777179763186 0.07754442649434572
2 0.5667384284176533 0.48626817447495957 0.06781485468245425 0.08077544426494346
2 0.6027987082884823 0.3198707592891761 0.04520990312163617 0.06785137318255251
2 0.6926803013993542 0.2940226171243942 0.04843918191603876 0.0936995153473344
2 0.7222820236813778 0.22132471728594505 0.062432723358449946 0.0840064620355412
2 0.643702906350915 0.16074313408723748 0.062432723358449946 0.08239095315024231
2 0.683530678148547 0.11550888529886916 0.04090419806243271 0.056542810985460414
2 0.42303552206673833 0.23909531502423265 0.07534983853606028 0.07754442649434572
2 0.671151776103337 0.4531502423263326 0.04413347685683532 0.053311793214862666
2 0.6743810548977394 0.48707592891760904 0.0527448869752422 0.06946688206785137
2 0.6910656620021528 0.5371567043618739 0.03659849300322929 0.05977382875605816
2 0.7179763186221741 0.4830371567043618 0.03444564047362755 0.054927302100161536
2 0.7039827771797633 0.4038772213247173 0.06027987082884822 0.06785137318255251
2 0.7701829924650161 0.531502423263328 0.03767491926803014 0.07108239095315025
2 0.7303552206673842 0.568659127625202 0.03982777179763186 0.06462035541195475
2 0.5333692142088267 0.6841680129240711 0.06350914962325081 0.098546042003231
2 0.4510226049515609 0.7294022617124394 0.03229278794402583 0.06623586429725363
2 0.4402583423035522 0.8675282714054927 0.0581270182992465 0.0840064620355412
2 0.4946178686759957 0.7948303715670435 0.03336921420882669 0.051696284329563816
2 0.5102260495156082 0.877221324717286 0.038751345532831 0.058158319870759284
2 0.5209903121636168 0.925686591276252 0.04736275565123789 0.08077544426494346
2 0.5995694294940797 0.8642972536348953 0.04736275565123789 0.058158319870759284
2 0.6926803013993543 0.8957996768982229 0.06350914962325081 0.09208400646203554
2 0.7717976318622175 0.795638126009693 0.05166846071044134 0.08562197092084006
2 0.7319698600645854 0.6914378029079161 0.04305705059203444 0.06138933764135703
2 0.41765339074273405 0.05492730210016156 0.06458557588805167 0.06138933764135703
1 0.5592034445640475 0.19305331179321483 0.3304628632938645 0.3570274636510501
1 0.2917115177610334 0.4466882067851373 0.21743810548977396 0.3473344103392569
1 0.6232508073196986 0.5452342487883683 0.4520990312163617 0.3990306946688207
1 0.37082884822389667 0.7705977382875605 0.19268030139935413 0.3651050080775444
