2 0.8359375 0.7952261306532664 0.328125 0.17085427135678388
2 0.3113839285714286 0.7079145728643216 0.3236607142857143 0.16457286432160803
2 0.5357142857142858 0.4478643216080401 0.32589285714285715 0.157035175879397
2 0.3917410714285714 0.3913316582914572 0.3191964285714285 0.1846733668341708
2 0.19308035714285715 0.2726130653266332 0.31473214285714285 0.1658291457286432
2 0.16294642857142852 0.38253768844221103 0.3035714285714285 0.13944723618090452
2 0.6852678571428572 0.44723618090452266 0.3125 0.12311557788944723
2 0.5569196428571429 0.36494974874371855 0.27901785714285715 0.10175879396984926
2 0.3973214285714286 0.550251256281407 0.36160714285714285 0.15326633165829145
2 0.5770089285714286 0.5288944723618091 0.17633928571428575 0.135678391959799
2 0.7075892857142858 0.7430904522613065 0.31696428571428575 0.16457286432160803
