2 0.6535714285714286 0.22500000000000003 0.19761904761904764 0.15357142857142858
2 0.2238095238095238 0.38928571428571435 0.23809523809523805 0.18571428571428572
2 0.4023809523809524 0.4428571428571429 0.18571428571428578 0.17857142857142858
2 0.31666666666666665 0.55625 0.21904761904761905 0.13392857142857142
2 0.294047619047619 0.6678571428571429 0.16428571428571423 0.15714285714285714
2 0.45595238095238094 0.5991071428571427 0.1880952380952381 0.18035714285714285
2 0.6071428571428571 0.5785714285714285 0.21904761904761905 0.17142857142857143
2 0.6380952380952382 0.6749999999999999 0.18571428571428578 0.14642857142857144
2 0.7416666666666666 0.5241071428571428 0.16428571428571423 0.12678571428571425
2 0.6880952380952381 0.44821428571428573 0.21904761904761905 0.14642857142857144
2 0.7619047619047619 0.34285714285714286 0.2 0.16071428571428573
2 0.5535714285714285 0.37053571428571436 0.1833333333333333 0.19107142857142853
