2 0.11666666666666664 0.41080402010050254 0.15287356321839077 0.15326633165829145
2 0.42183908045977003 0.4692211055276382 0.16781609195402303 0.15954773869346733
2 0.28103448275862064 0.36746231155778897 0.17586206896551718 0.1620603015075377
2 0.23045977011494245 0.46922110552763824 0.1666666666666666 0.13693467336683418
2 0.253448275862069 0.4981155778894472 0.15517241379310345 0.114321608040201
2 0.5258620689655171 0.7374371859296482 0.17586206896551718 0.19095477386934667
2 0.4465517241379309 0.6878140703517589 0.18735632183908046 0.16708542713567845
2 0.5574712643678157 0.16959798994974873 0.1885057471264367 0.16582914572864316
2 0.7528735632183909 0.10804020100502514 0.17701149425287363 0.1658291457286432
2 0.8402298850574714 0.272613065326633 0.16781609195402292 0.14572864321608012
2 0.9011494252873563 0.4535175879396984 0.1402298850574713 0.15829145728643215
2 0.8494252873563218 0.4101758793969849 0.12643678160919541 0.1620603015075377
2 0.8183908045977012 0.37248743718592964 0.09885057471264368 0.12688442211055276
2 0.7344827586206896 0.8787688442211056 0.13333333333333333 0.157035175879397
2 0.7011494252873562 0.7952261306532663 0.135632183908046 0.1658291457286432
2 0.8022988505747126 0.9195979899497487 0.13333333333333333 0.13316582914572864
2 0.9178160919540229 0.4811557788944724 0.16436781609195403 0.10552763819095479
2 0.8241379310344826 0.36809045226130654 0.14482758620689656 0.1206030150753769
