0 0.14760147601476015 0.08210332103321033 0.1070110701107011 0.05719557195571956
0 0.22324723247232472 0.12361623616236163 0.11808118081180811 0.07749077490774908
0 0.5811808118081181 0.7610701107011072 0.08118081180811808 0.15313653136531366
0 0.6595940959409593 0.8311808118081182 0.11254612546125477 0.1605166051660516
0 0.6688191881918819 0.690959409594096 0.09778597785977858 0.1420664206642066
0 0.7859778597785976 0.6964944649446492 0.0848708487084873 0.1346863468634686
0 0.7536900369003691 0.8090405904059037 0.1531365313653135 0.20110701107011064
2 0.20308563904148805 0.6192477213858995 0.07081960746062149 0.05311470559546608
2 0.1916295260699169 0.5609256917124463 0.07290253709181621 0.05519763522666089
2 0.06613301579043329 0.5921696361803678 0.0739440019074136 0.06144642412024512
2 0.6741129644657425 0.04494340592980951 0.04203340122931826 0.04591340749663994
2 0.6647362826530484 0.07954012848009452 0.041386733518098025 0.034920056405895156
2 0.7083863531604175 0.09376681812694071 0.03686005953955599 0.034920056405895156
2 0.6831663124228265 0.1112268463298883 0.03686005953955599 0.033626720983454594
2 0.6585929393964557 0.09991016138353336 0.029100047004912623 0.031686717849793745
2 0.6163842352296444 0.16028010550326585 0.02328003760393014 0.018106695914167862
2 0.5988227992387719 0.17350172096483396 0.022438655689656015 0.018948198137931742
2 0.6215107733249796 0.17736615611138581 0.022937292482759476 0.01720296936206961
2 0.66040444318705 0.19332253349069672 0.009972735862069338 0.010720691051724539
2 0.6714991118336023 0.1954417398613865 0.011717964637931472 0.010471372655172805
2 0.524775235462907 0.22573392504242207 0.022438655689656015 0.015208422189655737
2 0.5287643298077349 0.21613516677518035 0.019446834931035207 0.013961830206897074
2 0.559555151781874 0.21351732361138714 0.02019479012069041 0.015208422189655737
2 0.5473385503508392 0.21788039555104238 0.021192063706897576 0.016455014172414396
2 0.5574359454111842 0.22722983542173247 0.014959103793104007 0.018200242948276543
2 0.5468399135577355 0.23321347693897412 0.02318661087931121 0.014709785396552273
2 0.5268944418335969 0.2500424687062161 0.01670433256896614 0.016455014172414403
2 0.6710571383124423 0.2575220206027681 0.012012613652038057 0.011559307476489443
2 0.6627843006086802 0.262735041621577 0.012239266739812415 0.013372532178683904
2 0.6732103426462984 0.2669281237454017 0.014052491442006775 0.010879348213166572
2 0.6674306889080533 0.2754276145369381 0.012465919827586672 0.013372532178683904
