2 0.1407772632598873 0.30111762087671845 0.07612768370659985 0.03831930387916103
2 0.04906639597576208 0.2796588107043883 0.07663860775832189 0.07919322801693265
2 0.1530394405012185 0.22345716501495227 0.05466887353426942 0.1047394306030396
2 0.0945386365790331 0.254368070144142 0.07255121534454476 0.10320665844787326
2 0.05902941498434393 0.18130593074787513 0.08941170905137556 0.08583524068932057
2 0.12161761132030681 0.16240174083415582 0.07357306344798903 0.10218481034442918
2 0.042679845329235244 0.11284210781710763 0.07510583560315544 0.10525035465476204
2 0.11114366826000271 0.06481524695522593 0.09247725336170833 0.11649068379264933
2 0.15074028226846914 0.11386395592055194 0.05926718999976893 0.11546883568920499
2 0.06950335804464793 0.04182366462772937 0.07152936724110044 0.07152936724110044
2 0.15559406075982954 0.03671442411050791 0.049559633017048146 0.058245341896324646
2 0.033994136449958766 0.04974298742942261 0.055690721637713894 0.061821810258379656
2 0.6007416515511689 0.15880313515762598 0.14010149019927698 0.12368960134736195
2 0.5372956909894961 0.09715847946994413 0.07405364481961778 0.10367510274746523
2 0.6856031256147314 0.09035354994597924 0.10727771249544621 0.11088032224342806
2 0.6934087800686907 0.18622299823948474 0.11728496179539492 0.1288933709833352
2 0.5961383168731927 0.04632165302620635 0.11088032224342793 0.08286002420357258
2 0.6964109548586752 0.032511648992277556 0.0912661136155293 0.05443943619171913
2 0.532091921353523 0.0325116489922776 0.06124436571568415 0.05283827630372748
2 0.5144791625856139 0.18021864865951548 0.029221167955848965 0.09366785344751674
1 0.7198476854600394 0.6611728643972709 0.10074498015244022 0.13707129511125307
1 0.5423330930279749 0.6359866193591611 0.08476140157056253 0.15547662802371806
1 0.6174074772761875 0.6727972851840909 0.10316673448302786 0.13319648818231303
1 0.5956116883009 0.5766536382597669 0.16032013668489312 0.1462739615674855
