0 0.5489488463330765 0.06821594542162802 0.0874830445101795 0.11768552416250332
0 0.6712046324665496 0.08116724545009743 0.12423572211502827 0.0864415796945816
0 0.6806941455061442 0.16923803253457334 0.0864415796945822 0.07394400190741361
0 0.5937318334037631 0.15986484919419647 0.08956597414137324 0.11351966490011345
0 0.5255158879821356 0.1489294686304244 0.051031775964271164 0.11664405934690583
0 0.5484281139252734 0.20256490663368787 0.09060743895696864 0.053114705595464565
0 0.6379940880666513 0.5556214791211972 0.18225634272954105 0.09269036858816639
0 0.6921502584777157 0.5957178745216982 0.1156025945313087 0.08331718524778989
0 0.5978976926661532 0.6368557347377946 0.13955628529004818 0.0906074389569715
1 0.10727087600652957 0.5493726902276153 0.08540011487898472 0.07186107227621885
1 0.10987453804552301 0.6066532550854707 0.04270005743949235 0.030202479652323908
1 0.12914163713407442 0.6358142699221973 0.041658592623895 0.026036620389934394
1 0.14632580659143113 0.6696618764291118 0.04686591670188184 0.03332687409911602
1 0.18017341309834578 0.6280032838052169 0.045824451886284485 0.04374152225508975
1 0.28223696502688855 0.5480273788878849 0.033626720983454636 0.0491467460527413
1 0.2618669321234497 0.5806840983045093 0.04979341376396158 0.04074006580687769
1 0.23276688511853702 0.607844142175761 0.038153394961996566 0.03944673038443712
1 0.26962694465809306 0.6026708004859987 0.030393382427353184 0.04462007207419938
1 0.22048019860535167 0.647290872560198 0.04850007834152107 0.04462007207419938
1 0.2631602675458902 0.6498775434050794 0.029100047004912675 0.030393382427353184
1 0.3103670104649707 0.6094608114538117 0.05108674918640219 0.05820009400982535
1 0.35628041796161064 0.6353275199026229 0.06531343883324833 0.06725344196690919
1 0.4283838677626719 0.6793009242656021 0.0543200877425036 0.055613423164944116
1 0.3954038144904376 0.7640143944354589 0.055613423164944116 0.04656007520786028
1 0.3504604085606281 0.7740377439593732 0.05367342003128332 0.03686005953955611
1 0.3026069979303273 0.6838275982441441 0.08342013474741618 0.062080100277146825
1 0.3556337502503904 0.7084009712705147 0.034273388694674875 0.04397340436297904
1 0.050994470291890776 0.7889404953043115 0.04802977455154262 0.0487940182102574
1 0.0937668181269407 0.7672300702523026 0.03938794241068982 0.03703642346079784
1 0.14197295659972525 0.7560603552403159 0.046442499260365616 0.04644249926036568
1 0.13697597883120488 0.7919210192261679 0.05055765742267646 0.04644249926036557
1 0.2298609773519361 0.8221968257060265 0.05055765742267646 0.05761221427235226
1 0.31569141902299147 0.891860574596575 0.04938189794773055 0.04996977768520348
1 0.2833580334619773 0.826018043999601 0.05761221427235253 0.03703642346079794
1 0.30540352361721435 0.8260180439996009 0.01469699343682453 0.0017636392124189498
1 0.2924701693928086 0.8651120465415542 0.05232129663509541 0.03997582214816276
