1 0.5590230664857531 0.1520361990950226 0.5780189959294436 0.25339366515837103
1 0.16960651289009498 0.2692307692307692 0.2225237449118046 0.20361990950226244
1 0.5210312075983718 0.4076923076923076 0.4396200814111262 0.21809954751131222
1 0.8263229308005426 0.39049773755656103 0.2632293080054274 0.2832579185520362
1 0.8317503392130257 0.7398190045248869 0.3012211668928087 0.281447963800905
1 0.5508819538670285 0.7502262443438914 0.3419267299864315 0.2552036199095022
1 0.18113975576662142 0.6850678733031675 0.33514246947082765 0.2751131221719458
1 0.18181818181818188 0.47601809954751134 0.36363636363636376 0.23529411764705876
1 0.2869742198100407 0.8723981900452489 0.2862957937584803 0.19366515837104076
1 0.7910447761194029 0.8990950226244344 0.4179104477611939 0.20180995475113123
