1 0.09955357142857142 0.2001338688085676 0.1419642857142857 0.3467202141900937
1 0.22008928571428565 0.3668005354752343 0.13482142857142854 0.26238286479250333
1 0.20714285714285713 0.5983935742971888 0.18035714285714285 0.20080321285140562
1 0.07410714285714286 0.6773761713520748 0.12142857142857143 0.16331994645247658
1 0.26785714285714285 0.8413654618473894 0.22321428571428573 0.23427041499330656
1 0.4308035714285715 0.46318607764390896 0.17946428571428574 0.356091030789826
1 0.8147321428571429 0.4344042838018743 0.17232142857142857 0.1887550200803213
1 0.7299107142857143 0.5642570281124498 0.13303571428571428 0.1887550200803213
1 0.7325892857142857 0.7088353413654618 0.13660714285714282 0.14056224899598393
1 0.3745535714285715 0.24431057563587683 0.2526785714285714 0.2717536813922356
1 0.5125 0.12583668005354753 0.24285714285714285 0.24364123159303883
1 0.74375 0.18340026773761714 0.22857142857142856 0.3319946452476573
1 0.4825892857142856 0.8266398929049529 0.20446428571428574 0.3467202141900938
1 0.6598214285714286 0.8453815261044177 0.1392857142857143 0.3092369477911647
1 0.9151785714285714 0.7570281124497992 0.09285714285714286 0.16198125836680052
1 0.3 0.09571619812583668 0.22857142857142856 0.19143239625167335
1 0.9294642857142857 0.16666666666666663 0.10535714285714287 0.33333333333333326
1 0.3504464285714286 0.6044176706827309 0.1616071428571429 0.285140562248996
