2 0.416015625 0.12232142857142857 0.109375 0.13392857142857142
2 0.4599609375 0.2330357142857143 0.130859375 0.13035714285714287
2 0.369140625 0.25446428571428575 0.11328125 0.14107142857142857
2 0.5 0.26339285714285715 0.1015625 0.1125
2 0.478515625 0.41785714285714287 0.13671875 0.12857142857142853
2 0.6962890625 0.4205357142857143 0.130859375 0.13392857142857142
2 0.736328125 0.5133928571428572 0.140625 0.12321428571428575
2 0.7685546875 0.6964285714285714 0.111328125 0.09285714285714286
2 0.876953125 0.7330357142857145 0.11328125 0.11964285714285718
2 0.912109375 0.7964285714285714 0.125 0.08928571428571429
2 0.90234375 0.5749999999999998 0.109375 0.13214285714285717
2 0.6171875 0.7142857142857143 0.10546875 0.10714285714285714
2 0.40234375 0.8419642857142852 0.12500000000000008 0.11607142857142812
2 0.44921875 0.9044642857142857 0.11328125 0.11607142857142858
2 0.3544921875 0.8 0.083984375 0.06785714285714285
2 0.2734375 0.8482142857142857 0.1328125 0.11071428571428571
2 0.11230468749999997 0.7589285714285714 0.13476562499999997 0.13571428571428584
2 0.177734375 0.5607142857142857 0.15625 0.14642857142857144
