1 0.039551697067120924 0.24831189282589328 0.03680104623464252 0.07089613318732606
1 0.06336413848240426 0.12248478621479932 0.04870726707526213 0.0703549413309342
1 0.24060447102518984 0.22937017712410268 0.039507005516601516 0.05466037749557198
1 0.1429193408932781 0.2699595669474457 0.06169587162866528 0.06115467904419622
1 0.20299163684638605 0.26346526457494446 0.038965813553827354 0.07522566803846038
1 0.320430269151495 0.1993340295158762 0.05953110420309813 0.03680104623464252
1 0.19866210215482522 0.1308732598355928 0.044377732224127754 0.10986194684753574
1 0.25440486336318074 0.11301392857466336 0.050872034500829354 0.10336764457083414
1 0.13858980604214344 0.11626107902325637 0.0681901739053668 0.1022852594018952
1 0.44111605280771965 0.09731936619545614 0.08009639474598666 0.050330842644437566
1 0.29986498164050424 0.17065086147198963 0.0660254064797998 0.03463627880907531
1 0.36237263881972487 0.12546134192311245 0.08171997031516152 0.07089613150125183
1 0.30148855572032635 0.14359126895895846 0.04329534851134412 0.04762488336247854
1 0.19081482023714408 0.04265898724372914 0.0633194471978408 0.04491892408051954
0 0.584544843251801 0.19772958590236933 0.13614168220206527 0.18944583290551947
0 0.6392896452610208 0.11165058593291068 0.15342951486264497 0.18152224293608704
0 0.05365428057965251 0.582945830212704 0.09687334133669114 0.14016869080547653
0 0.12617398949572747 0.6010757567887115 0.10986194684753574 0.1342155803851669
0 0.2049174072071025 0.5602157766127136 0.09957930178885667 0.11960340202530163
1 0.2541658616175031 0.629758925273277 0.12555650749142483 0.12555651171753282
1 0.5357175745309821 0.6454490592005029 0.06798245646881446 0.06629345133915453
1 0.5374065796606423 0.5806334873498009 0.054470415431534615 0.0692492103160594
1 0.5682309232769369 0.522996187300154 0.034202353875614724 0.03335785131078467
1 0.5844875976499143 0.558676420664221 0.04391413337115964 0.04982565132496956
1 0.6235458412733015 0.5669103206713135 0.038424866699764706 0.05615942056119463
1 0.6642930900263486 0.527640951406719 0.07009371288088945 0.04264737952391461
1 0.6106671771596442 0.6285590079039031 0.08022774365884935 0.07811648724677436
1 0.5255835437530224 0.7102646310512047 0.04433638465357462 0.05742617440843957
1 0.5612637771170895 0.7227210438824473 0.02026806155591989 0.035046856440444765
1 0.5903991156037242 0.7237766720884846 0.030402092333879714 0.041380625676669586
1 0.6208012079376041 0.7491117490333845 0.0430696308063296 0.04813664619530963
1 0.5521853745451671 0.7766753747711994 0.027446333356974755 0.017124636058279748
1 0.6786496336284585 0.7764642491299918 0.045603138500819644 0.01923589247035466
1 0.6894170413300299 0.656216466902075 0.022379317967993896 0.07178271801054298
1 0.6752716233691388 0.7305326926071247 0.0591151795380995 0.06249318979741951
1 0.6685156028504986 0.6389041643230705 0.032935600028369774 0.10471831803891905
1 0.691528297742116 0.5873895078684409 0.02491282566248478 0.04813664619530963
1 0.6286128566622813 0.6927412028309826 0.05362591286670457 0.02997984105146482
