2 0.5500538213132401 0.6646153846153847 0.05166846071044134 0.05846153846153846
2 0.47524219590958017 0.6476923076923078 0.04843918191603876 0.046153846153846156
2 0.44564047362755654 0.57 0.03659849300322929 0.047692307692307694
2 0.38536060279870815 0.6053846153846154 0.05597416576964478 0.06615384615384615
2 0.3762109795479011 0.8084615384615383 0.04628632938643703 0.05692307692307692
2 0.30193756727664156 0.8530769230769231 0.04628632938643703 0.06615384615384615
2 0.328848223896663 0.8807692307692307 0.04413347685683532 0.047692307692307694
2 0.4020452099031216 0.9107692307692308 0.0527448869752422 0.04
2 0.5333692142088268 0.49 0.03982777179763186 0.06
2 0.3864370290635092 0.4230769230769231 0.04520990312163617 0.05846153846153846
2 0.7325080731969861 0.6038461538461539 0.05489773950484392 0.041538461538461545
2 0.3218514531754575 0.24615384615384617 0.038751345532831 0.07384615384615385
2 0.20613562970936491 0.2423076923076923 0.04413347685683532 0.04461538461538462
1 0.16523143164693216 0.40230769230769226 0.2658772874058127 0.34
1 0.3148546824542519 0.63 0.3993541442411195 0.6076923076923076
1 0.6975242195909581 0.7784615384615384 0.4047362755651238 0.35384615384615387
1 0.5107642626480086 0.3169230769230769 0.4531754574811625 0.5384615384615384
1 0.7922497308934338 0.35307692307692307 0.2109795479009688 0.3553846153846154
