1 0.44776785714285716 0.47054698457223 0.31160714285714286 0.4670406732117812
1 0.1709821428571428 0.35273492286115005 0.19553571428571426 0.270687237026648
1 0.23169642857142858 0.6444600280504909 0.2794642857142857 0.40252454417952316
1 0.8437499999999998 0.7265077138849927 0.2910714285714285 0.43758765778401104
1 0.8526785714285714 0.49509116409537157 0.27321428571428563 0.364656381486676
1 0.7339285714285715 0.28401122019635344 0.22321428571428573 0.40252454417952316
1 0.9348214285714285 0.23001402524544184 0.1303571428571428 0.32538569424964936
1 0.5683035714285715 0.6774193548387097 0.24553571428571427 0.3394109396914446
1 0.5776785714285715 0.800140252454418 0.2464285714285715 0.30434782608695654
1 0.540625 0.24754558204768584 0.19375 0.3576437587657784
