2 0.1386740331491713 0.2862371888726208 0.1270718232044199 0.20351390922401177
2 0.2419889502762431 0.31771595900439237 0.09723756906077348 0.1815519765739385
2 0.28121546961325966 0.1500732064421669 0.1005524861878453 0.13616398243045388
2 0.3453038674033149 0.25768667642752563 0.12044198895027625 0.15519765739385066
2 0.3132596685082873 0.3740849194729136 0.0718232044198895 0.17423133235724744
2 0.6 0.3074670571010249 0.0441988950276243 0.06442166910688141
2 0.5828729281767956 0.35505124450951686 0.06298342541436462 0.07174231332357248
2 0.7828729281767955 0.3008784773060029 0.03425414364640884 0.05417276720351391
2 0.8099447513812155 0.29282576866764276 0.03314917127071823 0.07027818448023426
2 0.8464088397790054 0.3206442166910688 0.05082872928176796 0.06442166910688141
2 0.8 0.3323572474377745 0.04861878453038674 0.04978038067349928
2 0.48674033149171264 0.5168374816983894 0.06961325966850829 0.12298682284040996
2 0.5386740331491713 0.5043923865300147 0.06519337016574586 0.10688140556368961
2 0.5353591160220994 0.5937042459736457 0.06519337016574586 0.09809663250366032
2 0.6430939226519335 0.754758418740849 0.055248618784530384 0.08931185944363104
2 0.7160220994475138 0.8030746705710102 0.055248618784530384 0.07174231332357248
2 0.6977900552486186 0.7510980966325036 0.04530386740331492 0.08199121522693996
2 0.7585635359116022 0.8821376281112739 0.06298342541436462 0.08638360175695463
2 0.6613259668508288 0.8038067349926793 0.056353591160221 0.10541727672035142
2 0.6961325966850831 0.8506588579795025 0.046408839779005534 0.0849194729136164
2 0.656353591160221 0.8740849194729137 0.03756906077348065 0.07027818448023426
2 0.6889502762430939 0.8931185944363107 0.05414364640883978 0.0849194729136164
