2 0.32265193370165746 0.7485250737463127 0.23204419889502761 0.42920353982300896
2 0.6961325966850829 0.6747787610619469 0.2099447513812155 0.4321533923303835
2 0.8867403314917126 0.7367256637168142 0.19558011049723756 0.38200589970501475
2 0.5889502762430939 0.4277286135693215 0.22099447513812154 0.3274336283185841
2 0.20441988950276244 0.3539823008849558 0.16795580110497238 0.39823008849557523
2 0.08895027624309394 0.48746312684365783 0.17127071823204423 0.4056047197640118
2 0.3878453038674033 0.13126843657817108 0.19005524861878453 0.26253687315634217
2 0.4823204419889503 0.2094395280235988 0.19558011049723756 0.2831858407079646
2 0.5801104972375692 0.08628318584070796 0.13922651933701657 0.17256637168141592
1 0.3690607734806629 0.4808259587020649 0.360220994475138 0.41002949852507387
