1 0.06047904191616767 0.42332268370607035 0.0658682634730539 0.08626198083067091
1 0.04191616766467066 0.19089456869009586 0.047904191616766484 0.10702875399361023
1 0.0784431137724551 0.20287539936102233 0.037125748502994015 0.07667731629392971
1 0.025748502994011976 0.3889776357827476 0.0347305389221557 0.062300319488817875
1 0.2574850299401198 0.5087859424920128 0.06467065868263473 0.0878594249201278
1 0.19281437125748505 0.4912140575079871 0.059880239520958084 0.07188498402555912
1 0.28383233532934127 0.5591054313099041 0.07664670658682635 0.04472843450479233
1 0.21317365269461072 0.5662939297124601 0.055089820359281436 0.04952076677316294
1 0.18083832335329345 0.3059105431309904 0.06706586826347305 0.09105431309904154
1 0.2305389221556886 0.2803514376996805 0.05389221556886228 0.10063897763578275
1 0.34131736526946105 0.2955271565495208 0.047904191616766484 0.060702875399361006
1 0.4251497005988024 0.305111821086262 0.059880239520958084 0.0415335463258786
1 0.42634730538922155 0.43290734824281146 0.05748502994011976 0.07348242811501597
1 0.43233532934131746 0.5127795527156548 0.08622754491017964 0.08945686900958466
1 0.4437125748502994 0.5830670926517572 0.0754491017964072 0.06389776357827474
1 0.3958083832335329 0.6006389776357827 0.06826347305389222 0.0830670926517572
1 0.3880239520958083 0.43929712460063897 0.023952095808383242 0.060702875399361006
1 0.6407185628742514 0.2707667731629393 0.01437125748502994 0.052715654952076675
1 0.2568862275449102 0.14297124600638977 0.06347305389221557 0.04952076677316294
1 0.2580838323353294 0.07987220447284345 0.08502994011976048 0.07028753993610223
1 0.355688622754491 0.08706070287539935 0.0718562874251497 0.07507987220447285
1 0.47964071856287427 0.134185303514377 0.0658682634730539 0.07348242811501597
1 0.5425149700598804 0.12060702875399361 0.06706586826347305 0.05591054313099041
1 0.5467065868263474 0.7100638977635783 0.0658682634730539 0.08466453674121405
1 0.6035928143712574 0.6733226837060703 0.033532934131736525 0.06549520766773162
1 0.5365269461077843 0.5886581469648562 0.05029940119760479 0.05910543130990416
1 0.5682634730538922 0.6246006389776358 0.05868263473053892 0.07667731629392971
1 0.6023952095808383 0.4744408945686901 0.07904191616766469 0.0926517571884984
1 0.5832335329341317 0.5231629392971248 0.05748502994011976 0.07827476038338659
1 0.5844311377245509 0.402555910543131 0.05269461077844311 0.09584664536741214
1 0.7137724550898205 0.43929712460063897 0.06706586826347305 0.04792332268370607
1 0.6467065868263474 0.42971246006389774 0.055089820359281436 0.038338658146964855
1 0.717365269461078 0.17971246006389777 0.05748502994011976 0.09105431309904154
1 0.670059880239521 0.17651757188498401 0.06826347305389222 0.07827476038338659
1 0.8077844311377246 0.4584664536741214 0.04431137724550898 0.05750798722044728
1 0.848502994011976 0.5087859424920128 0.0754491017964072 0.07188498402555912
1 0.8844311377245507 0.49121405750798725 0.041916167664670656 0.08146964856230031
1 0.8502994011976045 0.762779552715655 0.05748502994011976 0.09105431309904154
1 0.8556886227544911 0.6892971246006389 0.07065868263473053 0.06869009584664537
1 0.9383233532934132 0.6972843450479234 0.0347305389221557 0.07827476038338659
1 0.923952095808383 0.8378594249201278 0.04431137724550898 0.07507987220447285
1 0.8778443113772455 0.8099041533546325 0.04311377245508982 0.05750798722044728
1 0.7676646706586826 0.7995207667731629 0.06467065868263473 0.06549520766773162
1 0.7227544910179639 0.7228434504792334 0.0754491017964072 0.07188498402555912
1 0.7029940119760479 0.65814696485623 0.04311377245508982 0.05750798722044728
1 0.9616766467065868 0.4776357827476038 0.07664670658682635 0.10223642172523961
1 0.9706586826347305 0.32587859424920124 0.05149700598802395 0.06389776357827474
1 0.9059880239520959 0.26517571884984026 0.06347305389221557 0.07987220447284345
1 0.9095808383233533 0.19728434504792333 0.0562874251497006 0.05591054313099041
1 0.9742514970059882 0.8450479233226836 0.046706586826347304 0.08626198083067091
1 0.9784431137724553 0.6869009584664536 0.02874251497005988 0.09904153354632587
