1 0.14867041294771288 0.05538701658836362 0.033037869543936185 0.041783187952625186
1 0.08575270550742262 0.10810185255185006 0.030608614430411477 0.020891593976312586
1 0.10907355459725994 0.10785892704049757 0.017976487840082933 0.018462338862787878
1 0.09838483209775119 0.010445796988156295 0.024778402157952146 0.018948189885492815
1 0.11830472402865388 0.031580316475821366 0.02575010420336204 0.017490636817377985
1 0.12194860669894096 0.05101435738401913 0.016518934771968107 0.016518934771968093
1 0.11320328829025196 0.08405222692795532 0.02040574295360764 0.014575530681148318
1 0.1209769046535311 0.0947409494274641 0.02234914704442744 0.016518934771968107
1 0.041540262441272714 0.15498647624287717 0.023806700112542257 0.01651893477196808
1 0.06729036664463475 0.13555243533467937 0.015061381703853264 0.014575530681148318
1 0.08138004630307813 0.1413826476071387 0.015061381703853252 0.017490636817378
1 0.060245526815413064 0.147698710902303 0.01943404090819776 0.012632126590328535
1 0.08332345039389791 0.1285075955054577 0.02283499806713237 0.01603308374926316
1 0.13409488226656457 0.12632126590328546 0.017490636817377975 0.01943404090819777
1 0.14575530681148324 0.11320328829025197 0.01943404090819776 0.016518934771968107
1 0.15425769970881972 0.1379816904482041 0.01894818988549281 0.017490636817378
1 0.13093685061898241 0.14891333845906535 0.0208915939763126 0.016033083749263138
1 0.13215147817574477 0.15960206095857413 0.017490636817378 0.01894818988549281
1 0.1440548282320159 0.17004785794673039 0.01894818988549281 0.023320849089837305
1 0.13506658431197444 0.18267998453705894 0.015547232726558186 0.017490636817378
1 0.14551238130013075 0.19652673868414988 0.01797648784008292 0.01700478579467305
1 0.13360903124385962 0.20114232339984692 0.01651893477196808 0.021377444999017545
1 0.1379816904482041 0.2188758857285773 0.022349147044427413 0.017004785794673027
1 0.134337807777917 0.24195380930706215 0.019919891930902708 0.01943404090819779
2 0.06960751425696074 0.5551828245555184 0.05199597450519958 0.06373700100637372
2 0.11573297551157329 0.5476350218047635 0.05367326400536731 0.06205971150620595
2 0.09476685675947669 0.6851727608185172 0.058705132505870505 0.07883260650788321
0 0.5652465615565246 0.10483059376048307 0.1375377390137538 0.11237839651123784
0 0.6650452868165045 0.09057363300905737 0.12915129151291513 0.09057363300905737
0 0.6793022475679302 0.1526333445152633 0.1241194230124119 0.07715531700771551
0 0.5895672593089567 0.16605166051660517 0.12244213351224412 0.0637370010063737
0 0.606340154310634 0.2239181482723918 0.11573297551157333 0.06205971150620595
0 0.6918819188191883 0.21301576652130155 0.09896008050989598 0.0637370010063737
0 0.7019456558201946 0.2650117410265012 0.09225092250922509 0.08386447500838642
0 0.6256289835625629 0.2733981885273398 0.11070110701107011 0.06709158000670913
0 0.8017443810801744 0.09476685675947667 0.14089231801408914 0.09560550150956054
0 0.9127809459912781 0.07799396175779938 0.13418316001341832 0.09225092250922508
0 0.9085877222408587 0.14676283126467626 0.12579671251257948 0.08889634350888961
0 0.9043944984904396 0.20798389802079836 0.10063737001006355 0.09728279100972827
0 0.8037571284803757 0.15850385776585044 0.12747400201274744 0.06205971150620597
0 0.8096276417309627 0.2180476350218048 0.13250587051325058 0.06038242200603825
0 0.8825897349882592 0.2641730962764173 0.10399194901039921 0.07212344850721236
0 0.7970479704797048 0.2641730962764173 0.08721905400872197 0.09225092250922512
2 0.603832635629683 0.5311346029748509 0.018251353219569656 0.012045893124915974
2 0.5978096890672249 0.565994687624229 0.014966109640047173 0.011680866060524587
2 0.6124107716428807 0.561249335787141 0.01350600138248152 0.014601082575655787
2 0.626646827154145 0.5607017951905539 0.014236055511264294 0.014966109640047173
2 0.6142359069648378 0.5703750123969259 0.017156272026395494 0.011680866060524587
2 0.5819310117661994 0.5982995828228672 0.016061190833221228 0.0113158389961332
2 0.6027375544365088 0.6497683989020537 0.023361732121049174 0.014966109640047067
2 0.5985397431960079 0.6605366973015999 0.02372675918544056 0.01533113670443856
2 0.5945244454877024 0.6687498062504063 0.02080654267030947 0.012775947253698747
2 0.6195287993985128 0.6610842378981869 0.019711461477135307 0.014966109640047067
2 0.621901475317057 0.7530710581248181 0.02664697570057166 0.02372675918544056
2 0.6374151255536911 0.7700448166190177 0.02847211102252869 0.026281948636180264
2 0.6585866952883919 0.763291815927777 0.02701200276496314 0.025186867443006113
2 0.7054926730626861 0.561796876383728 0.019346434412743814 0.016426217897612616
2 0.7012948618221849 0.5725651747832741 0.016791244962004 0.014601082575655682
2 0.6764730214435702 0.5648996064310549 0.013871028446872909 0.013871028446873013
2 0.6936292934699656 0.5846110679081901 0.01606119083322133 0.016791244962004105
2 0.7069527813202513 0.5858886626335599 0.01861638028396104 0.014966109640047067
2 0.7113331060929483 0.5939192580501705 0.015696163768829947 0.010585784867350427
2 0.7034850242085335 0.6021323669989769 0.014601082575655682 0.01314097431809024
2 0.7129757278827095 0.6076077729648478 0.013871028446872909 0.014601082575655787
