1 0.046107784431137715 0.38643790849673204 0.09221556886227543 0.15522875816993464
1 0.03592814371257485 0.1111111111111111 0.05748502994011976 0.2222222222222222
1 0.19940119760479047 0.1830065359477124 0.10419161676646707 0.18627450980392157
1 0.17544910179640716 0.36274509803921573 0.09940119760479042 0.14705882352941177
1 0.3131736526946108 0.66421568627451 0.12335329341317365 0.10947712418300654
1 0.42455089820359276 0.9526143790849673 0.08502994011976048 0.08823529411764706
1 0.4155688622754491 0.838235294117647 0.0718562874251497 0.10457516339869281
1 0.5467065868263473 0.8333333333333333 0.06107784431137724 0.08169934640522875
1 0.7119760479041919 0.8529411764705883 0.1089820359281437 0.13071895424836605
1 0.6329341317365269 0.7344771241830066 0.118562874251497 0.16503267973856206
1 0.48562874251497007 0.8316993464052288 0.0562874251497006 0.08496732026143791
1 0.7940119760479041 0.24836601307189543 0.06706586826347305 0.09477124183006536
1 0.8179640718562874 0.1764705882352941 0.06467065868263473 0.09803921568627452
1 0.8221556886227546 0.07924836601307189 0.08023952095808383 0.12581699346405228
1 0.5526946107784432 0.029411764705882346 0.17365269461077845 0.05882352941176469
1 0.8676646706586827 0.5163398692810456 0.09461077844311377 0.11437908496732026
1 0.9526946107784431 0.6993464052287582 0.09461077844311377 0.11437908496732026
1 0.9556886227544911 0.7875816993464053 0.0694610778443114 0.10130718954248366
1 0.8928143712574851 0.8668300653594772 0.08263473053892217 0.07679738562091504
1 0.9550898203592815 0.9599673202614379 0.08982035928143713 0.08006535947712418
1 0.7946107784431138 0.9142156862745098 0.07305389221556886 0.09313725490196079
1 0.6772455089820358 0.9526143790849673 0.08263473053892217 0.07516339869281045
1 0.7682634730538922 0.946078431372549 0.10179640718562874 0.09477124183006536
1 0.8011976047904191 0.6299019607843139 0.05748502994011976 0.09640522875816995
1 0.7592814371257485 0.6830065359477123 0.07664670658682635 0.13398692810457516
1 0.7089820359281437 0.5710784313725489 0.08862275449101796 0.1225490196078431
1 0.7832335329341319 0.482843137254902 0.06706586826347305 0.11274509803921572
1 0.873053892215569 0.39869281045751637 0.10538922155688622 0.10784313725490198
1 0.5664670658682635 0.5073529411764706 0.07664670658682635 0.07679738562091504
1 0.6203592814371257 0.3178104575163399 0.06467065868263473 0.09640522875816995
1 0.6874251497005985 0.2352941176470588 0.05748502994011976 0.12745098039215683
1 0.5299401197604791 0.27450980392156865 0.10179640718562874 0.0915032679738562
1 0.44970059880239516 0.5580065359477124 0.11137724550898204 0.09967320261437909
1 0.44910179640718567 0.676470588235294 0.08622754491017964 0.11437908496732026
1 0.672455089820359 0.10130718954248367 0.05149700598802395 0.09477124183006536
1 0.7239520958083833 0.07924836601307189 0.06107784431137724 0.09967320261437909
1 0.6167664670658684 0.40931372549019607 0.05269461077844311 0.07679738562091504
1 0.6742514970059879 0.33986928104575165 0.05748502994011976 0.08169934640522875
1 0.5868263473053892 0.1691176470588235 0.06706586826347305 0.06699346405228758
1 0.2275449101796407 0.8750000000000001 0.05269461077844311 0.08333333333333331
1 0.5005988023952096 0.6511437908496731 0.06706586826347305 0.07026143790849673
1 0.6149700598802396 0.5441176470588236 0.06107784431137724 0.06209150326797386
