1 0.7574430823117337 0.7869062901155326 0.0893169877408056 0.059050064184852376
1 0.9255691768826619 0.8010269576379976 0.07880910683012257 0.05648267008985879
1 0.9176882661996498 0.7182284980744543 0.10507880910683012 0.05006418485237484
1 0.9273204903677759 0.6694480102695763 0.06830122591943956 0.06033376123234916
1 0.8537653239929948 0.8087291399229782 0.07180385288966726 0.06418485237483953
1 0.8861646234676007 0.030808729139922986 0.22767075306479861 0.06161745827984597
1 0.6278458844133099 0.04557124518613607 0.17688266199649738 0.08087291399229782
1 0.062171628721541146 0.9473684210526315 0.12084063047285461 0.10526315789473685
1 0.19614711033274956 0.9525032092426187 0.08756567425569177 0.06161745827984597
1 0.31523642732049034 0.9473684210526315 0.1225919439579685 0.08472400513478819
1 0.3126094570928196 0.8568677792041077 0.10332749562171628 0.08600770218228501
1 0.14010507880910683 0.72400513478819 0.1856392294220665 0.08472400513478819
1 0.043782837127845885 0.6887034659820281 0.0840630472854641 0.07317073170731705
1 0.5989492119089317 0.8517329910141207 0.09457092819614711 0.06033376123234916
1 0.49299474605954463 0.8620025673940949 0.13485113835376533 0.08344030808729143
1 0.3966725043782837 0.7233632862644416 0.14185639229422067 0.07317073170731705
1 0.34938704028021017 0.3209242618741977 0.15586690017513136 0.1258023106546855
1 0.8476357267950962 0.17907573812580233 0.1681260945709282 0.10654685494223363
1 0.659369527145359 0.17008985879332478 0.13835376532399296 0.10654685494223363
1 0.16987740805604204 0.5603337612323491 0.1085814360770578 0.09370988446726573
1 0.08231173380035027 0.4210526315789474 0.1225919439579685 0.09242618741976896
1 0.31436077057793343 0.44351732991014126 0.08581436077057793 0.06546854942233633
1 0.44833625218914186 0.4473684210526316 0.1190893169877408 0.09114249037227214
1 0.32924693520140097 0.48587933247753534 0.11208406304728546 0.0680359435173299
1 0.48511383537653235 0.5571245186136072 0.11208406304728546 0.06675224646983312
1 0.7373029772329248 0.546854942233633 0.11558669001751314 0.07702182284980745
1 0.7513134851138353 0.6732991014120668 0.11208406304728546 0.057766367137355584
1 0.6996497373029773 0.6116816431322207 0.13485113835376533 0.057766367137355584
1 0.27495621716287216 0.6238767650834404 0.1681260945709282 0.110397946084724
1 0.33537653239929943 0.5821566110397945 0.09281961471103325 0.07317073170731705
1 0.6015761821366025 0.5166880616174583 0.08231173380035026 0.0680359435173299
1 0.5087565674255693 0.7689345314505779 0.0753064798598949 0.059050064184852376
1 0.34938704028021006 0.7933247753530166 0.15236427320490367 0.0975609756097561
1 0.1287215411558669 0.8562259306803593 0.12084063047285461 0.0949935815147625
1 0.023642732049036778 0.7721437740693196 0.047285464098073555 0.10397946084724005
1 0.09632224168126095 0.2188703465982029 0.09457092819614711 0.08344030808729143
1 0.6558669001751312 0.6675224646983312 0.08581436077057793 0.059050064184852376
1 0.6173380035026268 0.5879332477535302 0.08231173380035026 0.051347881899871634
1 0.9746059544658494 0.5654685494223363 0.05078809106830122 0.12708600770218229
1 0.44746059544658495 0.6553273427471118 0.12784588441331002 0.07573812580231065
1 0.5481611208406306 0.4364569961489089 0.07705779334500876 0.06675224646983312
1 0.42556917688266194 0.25417201540436457 0.0595446584938704 0.043645699614890884
1 0.0148861646234676 0.21437740693196405 0.0297723292469352 0.10526315789473685
