1 0.30359281437125746 0.7068690095846645 0.09461077844311377 0.26677316293929715
1 0.43353293413173644 0.6317891373801917 0.04550898203592815 0.17092651757188498
1 0.4928143712574851 0.5846645367412142 0.06347305389221557 0.14057507987220447
1 0.5778443113772456 0.6685303514376997 0.08502994011976048 0.2731629392971246
1 0.7179640718562876 0.6174121405750799 0.08742514970059884 0.2955271565495208
1 0.7988023952095809 0.536741214057508 0.07904191616766469 0.24600638977635783
1 0.2904191616766467 0.2372204472843451 0.05149700598802395 0.18690095846645371
1 0.35508982035928144 0.2507987220447284 0.08023952095808383 0.13738019169329074
1 0.27005988023952093 0.29712460063897767 0.07065868263473053 0.07987220447284345
1 0.25748502994011974 0.3793929712460064 0.06227544910179641 0.07507987220447285
1 0.3017964071856287 0.4369009584664537 0.055089820359281436 0.17731629392971246
1 0.3449101796407186 0.4472843450479233 0.05748502994011976 0.19808306709265175
1 0.14550898203592813 0.31629392971246006 0.13532934131736526 0.13738019169329074
1 0.41976047904191616 0.4009584664536741 0.039520958083832346 0.12460063897763575
1 0.49820359281437115 0.41533546325878595 0.081437125748503 0.20766773162939298
1 0.5844311377245508 0.4552715654952077 0.07904191616766469 0.08626198083067091
1 0.5149700598802396 0.25638977635782745 0.06227544910179641 0.09424920127795527
1 0.4964071856287425 0.2531948881789138 0.08023952095808383 0.11022364217252399
1 0.665868263473054 0.2388178913738019 0.12934131736526946 0.19329073482428114
1 0.8113772455089822 0.25559105431309903 0.13053892215568866 0.12460063897763575
1 0.8221556886227548 0.35942492012779553 0.16407185628742516 0.07987220447284345
1 0.525748502994012 0.5167731629392971 0.03592814371257485 0.11022364217252399
1 0.38682634730538923 0.5207667731629393 0.10778443113772455 0.0670926517571885
