1 0.12238219895287958 0.7474999972752163 0.24476439790575916 0.44499999455043254
1 0.3147905759162304 0.3258928571428572 0.15314136125654454 0.17321428571428568
1 0.4149214659685865 0.12678571428571428 0.14397905759162305 0.25
1 0.5085078534031415 0.19821428571428573 0.20287958115183252 0.225
1 0.7166230366492146 0.11428571428571428 0.19240837696335078 0.225
1 0.9404450261780104 0.21089285441807337 0.11910994764397906 0.40749999455043245
1 0.7107329842931938 0.3749999999999999 0.25392670157068065 0.31785714285714284
1 0.8599476439790575 0.5116071428571428 0.1544502617801047 0.30178571428571427
1 0.7905759162303665 0.8285714285714285 0.12041884816753927 0.25714285714285706
1 0.5968586387434555 0.7276785714285714 0.23821989528795812 0.3196428571428572
1 0.6917539267015707 0.874107142857143 0.11387434554973823 0.20535714285714285
1 0.5150523560209425 0.40089285714285716 0.2238219895287958 0.2910714285714286
