0 0.6513583989167173 0.572207229284637 0.12859377350129164 0.08234869407180502
0 0.5886841465320183 0.621494748150274 0.1468484101181942 0.0859996213951855
2 0.7935197769332573 0.26329821186749625 0.13954655547143324 0.11277308843330937
2 0.8525431019945755 0.36126476171154026 0.12697113913534472 0.15049933744157476
2 0.6772985904723106 0.20833147272104516 0.13589562814805262 0.13021640786723856
2 0.7831754828503454 0.1347044383662046 0.09776372054830063 0.11358440561628282
2 0.8632930546689737 0.1825721521616381 0.12413152899493764 0.11926362589709695
2 0.9219107211388052 0.14119497582999224 0.07991474252288476 0.08032040111437143
2 0.9409766749386815 0.23875586708254942 0.10831084392695539 0.11642401575668987
2 0.7977791921438678 0.4594341408513275 0.18538597630943318 0.10587689237803513
2 0.9393540405727346 0.41379754930907103 0.1156126985737163 0.13630128673953937
2 0.6876428845552222 0.3162366580565139 0.09654674477384033 0.0718015706931502
2 0.19877270982849496 0.6401292573660511 0.2799044281258398 0.18741426926686666
2 0.25130549742602576 0.7502655649546967 0.22514051827513207 0.18863124504132667
2 0.12778247351908528 0.08640527497603621 0.03569795605083175 0.029207418587044162
1 0.061051618018752016 0.060240300835778575 0.02961307717853088 0.02717912562961054
1 0.08174020618457498 0.11865513800986688 0.031235711544477785 0.02231122253176985
1 0.02677346703812381 0.10587689237803508 0.029207418587044152 0.028396101404070714
2 0.10263162364614126 0.06510820393361925 0.019471612391362764 0.019877270982849502
0 0.14279182420332698 0.11033913688438902 0.05598088562516798 0.05354693407624762
0 0.18619729349240646 0.15110782532880485 0.07058459491869003 0.035292297459345014
0 0.10486274589931827 0.1573955334968491 0.05070732393584055 0.021905563940283104
0 0.18031524391584902 0.12190046686939356 0.06531103322936263 0.030424394361504337
0 0.17362187715631805 0.08032040111437143 0.039754541965698977 0.02596214985515036
1 0.07102113226333474 0.036871598283055314 0.02326127676917584 0.02326127676917584
2 0.02053921246639994 0.05196668214390347 0.016332385816655377 0.010888257211103586
2 0.037119058674216755 0.09032304277392746 0.015837465034332487 0.009403494864134922
2 0.0626074789638456 0.01905445011943127 0.011383177993426469 0.00940349486413491
2 0.03142746967750352 0.010640796819942138 0.010393336428780691 0.012373019558072254
1 0.05963795426990827 0.08760097847115154 0.038108900238862535 0.021776514422207162
2 0.14921861587035137 0.004454287040906012 0.013362861122718039 0.005939049387874682
2 0.15416782369358029 0.008166192908327687 0.02227143520453007 0.015342544252009593
2 0.16901544716326697 0.04528525158254444 0.01138317799342648 0.01831206894594693
1 0.16654084325165253 0.04355302884441434 0.03216985085098787 0.027715563810081847
2 0.030437628112857742 0.010888257211103584 0.010393336428780691 0.008908574081812025
2 0.018806989728269826 0.02474603911614451 0.006928890952520462 0.010888257211103586
