0 0.6820359281437127 0.5654952076677315 0.0658682634730539 0.06389776357827474
0 0.5299401197604791 0.5591054313099041 0.08502994011976048 0.10543130990415335
0 0.9473053892215568 0.26118210862619806 0.05269461077844311 0.06549520766773162
0 0.9844311377245506 0.040734824281150155 0.031137724550898204 0.06549520766773162
0 0.9754491017964071 0.8937699680511182 0.04910179640718563 0.08466453674121405
0 0.262874251497006 0.5183706070287538 0.04431137724550898 0.06549520766773162
1 0.0562874251497006 0.5103833865814696 0.1029940119760479 0.09744408945686901
1 0.0754491017964072 0.43130990415335463 0.07904191616766469 0.07987220447284345
1 0.11556886227544912 0.36022364217252395 0.05149700598802395 0.06869009584664537
1 0.13592814371257483 0.44089456869009586 0.037125748502994015 0.060702875399361006
1 0.33473053892215565 0.8602236421725239 0.06347305389221557 0.06869009584664537
1 0.3317365269461078 0.941693290734824 0.05748502994011976 0.06549520766773162
1 0.22574850299401197 0.9456869009584665 0.05149700598802395 0.0830670926517572
1 0.3700598802395209 0.7555910543130991 0.0694610778443114 0.0670926517571885
1 0.4461077844311378 0.7148562300319489 0.0754491017964072 0.09424920127795527
1 0.5431137724550897 0.7388178913738018 0.07065868263473053 0.11980830670926518
1 0.5682634730538922 0.6533546325878593 0.05389221556886228 0.0670926517571885
1 0.7293413173652695 0.6701277955271567 0.1029940119760479 0.11980830670926518
1 0.9107784431137723 0.6980830670926517 0.10419161676646707 0.10862619808306709
1 0.8407185628742515 0.6565495207667732 0.0694610778443114 0.1277955271565495
1 0.8868263473053892 0.9177316293929713 0.09461077844311377 0.07827476038338659
1 0.9119760479041916 0.7747603833865814 0.10179640718562874 0.12140575079872201
1 0.808383233532934 0.23722044728434505 0.05748502994011976 0.10383386581469649
1 0.8634730538922156 0.2476038338658147 0.0694610778443114 0.0926517571884984
1 0.8520958083832336 0.1269968051118211 0.05389221556886228 0.09424920127795527
1 0.9137724550898203 0.10383386581469647 0.055089820359281436 0.07028753993610223
1 0.2988023952095808 0.02875399361022364 0.15449101796407186 0.0415335463258786
1 0.0281437125748503 0.07108626198083068 0.0562874251497006 0.11341853035143773
1 0.051497005988023946 0.9720447284345048 0.10059880239520957 0.05591054313099041
0 0.008383233532934131 0.8490415335463258 0.016766467065868262 0.09105431309904154
1 0.07365269461077846 0.8929712460063898 0.06826347305389222 0.07348242811501597
1 0.28622754491017965 0.7468051118210863 0.04550898203592815 0.07827476038338659
1 0.4251497005988024 0.8370607028753994 0.06227544910179641 0.07348242811501597
1 0.6682634730538922 0.4592651757188498 0.06467065868263473 0.06549520766773162
1 0.6383233532934132 0.5255591054313099 0.06706586826347305 0.07028753993610223
1 0.3826347305389222 0.4528753993610224 0.08742514970059884 0.07507987220447285
1 0.34131736526946105 0.5511182108626198 0.09820359281437126 0.09584664536741214
1 0.27964071856287426 0.40495207667731625 0.07065868263473053 0.10702875399361023
1 0.3898203592814371 0.378594249201278 0.07065868263473053 0.09584664536741214
1 0.24191616766467064 0.4712460063897764 0.081437125748503 0.11182108626198083
0 0.3209580838323354 0.365814696485623 0.047904191616766484 0.07987220447284345
1 0.4520958083832335 0.4480830670926517 0.04431137724550898 0.09424920127795527
