2 0.2949640287769784 0.14479638009049775 0.16306954436450843 0.13574660633484162
2 0.15107913669064751 0.28416289592760174 0.1342925659472422 0.09411764705882353
2 0.3357314148681055 0.24343891402714937 0.2182254196642686 0.09230769230769231
2 0.38069544364508395 0.3176470588235294 0.1211031175059952 0.09592760180995477
2 0.250599520383693 0.3429864253393665 0.13189448441247004 0.11764705882352938
2 0.5167865707434053 0.48461538461538467 0.10071942446043165 0.06063348416289593
2 0.5209832134292566 0.5443438914027149 0.09712230215827339 0.0733031674208145
2 0.6031175059952039 0.5380090497737556 0.10551558752997602 0.08959276018099548
2 0.34472422062350133 0.5846153846153846 0.07074340527577938 0.047058823529411764
2 0.30035971223021585 0.5977375565610858 0.07074340527577938 0.046153846153846156
2 0.30755395683453235 0.7882352941176469 0.05635491606714628 0.03438914027149322
2 0.3477218225419665 0.8018099547511314 0.05995203836930456 0.047058823529411764
2 0.2997601918465228 0.8067873303167421 0.07194244604316546 0.046153846153846156
2 0.329736211031175 0.8389140271493213 0.05995203836930456 0.04886877828054299
2 0.9052757793764986 0.7665158371040723 0.08872901678657075 0.07058823529411765
2 0.7535971223021583 0.6457013574660634 0.0683453237410072 0.05339366515837104
2 0.7565947242206235 0.702262443438914 0.07913669064748201 0.06153846153846154
2 0.7985611510791366 0.6615384615384616 0.08633093525179855 0.05972850678733032
2 0.8039568345323741 0.7099547511312215 0.08513189448441247 0.08235294117647057
2 0.8567146282973621 0.7081447963800903 0.07793764988009592 0.051583710407239816
2 0.9010791366906474 0.6932126696832579 0.08752997601918462 0.05248868778280543
2 0.8830935251798562 0.6552036199095022 0.07553956834532374 0.05791855203619909
