1 0.3373493975903615 0.4473214285714286 0.0749665327978581 0.11607142857142858
1 0.4738955823293174 0.35714285714285715 0.09638554216867473 0.08928571428571429
1 0.5856760374832662 0.49642857142857144 0.14056224899598393 0.15714285714285714
1 0.47991967871485935 0.6473214285714287 0.1539491298527443 0.19464285714285715
1 0.5809906291834002 0.5919642857142857 0.13386880856760375 0.14464285714285718
1 0.6706827309236948 0.5660714285714286 0.08299866131191433 0.125
1 0.38018741633199465 0.7035714285714285 0.13386880856760375 0.21428571428571427
1 0.2838018741633199 0.6669642857142857 0.11244979919678715 0.1875
1 0.21084337349397592 0.6651785714285713 0.09504685408299869 0.18035714285714285
1 0.7208835341365462 0.3455357142857143 0.06559571619812583 0.07321428571428572
1 0.9344042838018742 0.29464285714285715 0.07764390896921017 0.08928571428571429
1 0.8534136546184738 0.5026785714285714 0.05488621151271753 0.10178571428571428
1 0.6352074966532798 0.2758928571428571 0.3279785809906292 0.49107142857142855
1 0.8768406961178047 0.2598214285714286 0.2382864792503347 0.5196428571428572
