2 0.20616686819830712 0.23460144927536233 0.11487303506650544 0.19021739130434784
2 0.2200725513905684 0.5480072463768116 0.12333736396614269 0.15398550724637683
2 0.03325272067714631 0.4610507246376811 0.06650544135429262 0.12862318840579706
2 0.02902055622732769 0.6059782608695652 0.05804111245465538 0.125
2 0.05078597339782347 0.7074275362318839 0.08706166868198308 0.1322463768115942
2 0.4365175332527207 0.2617753623188406 0.12333736396614269 0.1793478260869565
2 0.5507859733978235 0.2418478260869565 0.13180169286577992 0.18297101449275363
2 0.6281741233373639 0.21286231884057968 0.1124546553808948 0.16847826086956524
2 0.6094316807738815 0.3623188405797102 0.09673518742442563 0.17028985507246377
2 0.5036275695284159 0.4248188405797101 0.11729141475211609 0.18297101449275363
2 0.45223700120918986 0.5362318840579711 0.10399032648125756 0.19927536231884058
2 0.6051995163240629 0.6630434782608695 0.10519951632406288 0.17391304347826086
2 0.5368802902055623 0.7056159420289855 0.1185006045949214 0.16847826086956524
2 0.5562273276904472 0.8152173913043478 0.10640870616686816 0.1956521739130435
2 0.46856106408706166 0.8315217391304348 0.1003627569528416 0.2028985507246377
2 0.4038694074969769 0.7291666666666667 0.1185006045949214 0.20833333333333337
2 0.284764207980653 0.7382246376811592 0.10761789600967353 0.20108695652173914
2 0.3542926239419589 0.88768115942029 0.1523579201934704 0.21739130434782608
