2 0.7490372272143772 0.09948652118100128 0.08600770218228501 0.11424903722721437
2 0.8318356867779204 0.19062901155327341 0.110397946084724 0.10141206675224644
2 0.7015404364569962 0.1970474967907574 0.0885750962772786 0.12195121951219512
2 0.7836970474967907 0.24518613607188705 0.09114249037227214 0.11553273427471117
2 0.7195121951219514 0.3112965340179718 0.08087291399229782 0.0885750962772786
2 0.8517329910141204 0.2625160462130937 0.07830551989730423 0.09627727856225927
2 0.747111681643132 0.3247753530166881 0.06418485237483953 0.0949935815147625
2 0.7856225930680361 0.10462130937098844 0.0693196405648267 0.11938382541720154
2 0.8960205391527599 0.23106546854942234 0.05648267008985879 0.07188703465982028
2 0.8818998716302953 0.16944801026957637 0.07702182284980745 0.06675224646983312
2 0.9640564826700898 0.22400513478819004 0.07188703465982028 0.12195121951219512
2 0.9390243902439024 0.11810012836970475 0.08087291399229782 0.0975609756097561
2 0.9152759948652118 0.30744544287548137 0.06675224646983312 0.09884467265725286
2 0.8786906290115533 0.13093709884467267 0.07060333761232349 0.08729139922978177
0 0.5770218228498075 0.5474967907573812 0.08600770218228501 0.14249037227214376
0 0.6469833119383825 0.5673940949935815 0.0975609756097561 0.11810012836970475
0 0.7060333761232349 0.5673940949935815 0.10783055198973042 0.1258023106546855
0 0.7715019255455712 0.5937098844672657 0.05391527599486521 0.09114249037227214
0 0.5898587933247754 0.6675224646983312 0.08600770218228501 0.13350449293966624
0 0.6566110397946084 0.6752246469833119 0.07317073170731705 0.11553273427471117
0 0.7169448010269577 0.6681643132220796 0.07317073170731705 0.10141206675224644
0 0.7605905006418487 0.6732991014120668 0.08344030808729143 0.0885750962772786
0 0.5834403080872914 0.8196405648267009 0.09627727856225927 0.12965340179717585
0 0.6534017971758665 0.798459563543004 0.07445442875481387 0.10526315789473685
0 0.7150192554557124 0.7875481386392812 0.06161745827984597 0.09370988446726573
0 0.77599486521181 0.782413350449294 0.07060333761232349 0.09370988446726573
0 0.7740693196405647 0.8607188703465986 0.07188703465982028 0.09370988446726573
0 0.7214377406931967 0.8741976893453145 0.06418485237483953 0.12066752246469832
0 0.6662387676508346 0.8870346598202826 0.06675224646983312 0.1258023106546855
0 0.6026957637997434 0.9159178433889602 0.11424903722721437 0.13222079589216945
0 0.12296295493173467 0.5649756749072604 0.01856447854493161 0.016767916105099548
0 0.13553889201055933 0.5344341134301149 0.012575937078824649 0.011977082932213966
0 0.1624873286080407 0.550004321241993 0.008982812199160455 0.011977082932213966
0 0.14422227713641442 0.5919241115047419 0.023954165864427893 0.01676791610509948
0 0.1792552447131402 0.6015057778505128 0.019762186838153024 0.01796562439832091
0 0.13973087103683418 0.6607923383649721 0.019762186838152986 0.014372499518656753
0 0.15051024567582674 0.6398324432335978 0.011378228785603248 0.013174791225435398
0 0.1460188395762465 0.6470186929929259 0.013174791225435325 0.014372499518656753
0 0.23644581571446174 0.6551032239721704 0.009581666345771154 0.007785103905939094
0 0.22357045156233177 0.6344427559141014 0.007785103905939059 0.015570207811878189
0 0.1298497776177577 0.6248610895683302 0.016767916105099534 0.013174791225435325
0 0.1373354544503914 0.7676878035349817 0.023355311717817174 0.025750728304260003
0 0.09661337248086398 0.6625889008048041 0.016169061958488818 0.015570207811878189
0 0.2550102942593934 0.6748654108103233 0.01437249951865672 0.011378228785603248
0 0.26369367938524846 0.5661733832004819 0.011378228785603248 0.020361040984763705
0 0.2903426889094245 0.5997092154106809 0.023954165864427893 0.023954165864427848
0 0.339748156004807 0.6140817149293376 0.01377364537204604 0.020361040984763778
0 0.28884555354289776 0.6706734317840486 0.019762186838152986 0.023355311717817132
0 0.34423956210438733 0.7176834822929884 0.022756457571206496 0.027547290744091936
0 0.21937847253605686 0.7611004079222639 0.007785103905939094 0.008982812199160528
0 0.34423956210438733 0.6769614003234607 0.014372499518656753 0.014372499518656611
0 0.22896013888182803 0.7431347835239428 0.010180520492381852 0.010180520492381818
0 0.21458763936317132 0.7101978054603545 0.016169061958488794 0.01616906195848869
0 0.2457280549869276 0.7215760342459577 0.012575937078824649 0.012575937078824534
0 0.2565074296259201 0.7646935328019279 0.010180520492381852 0.012575937078824534
0 0.18015352593305622 0.7590044184091265 0.011977082932213966 0.010779374638992457
0 0.10230248687366561 0.7365473879112252 0.015570207811878118 0.008982812199160382
0 0.21189279570342318 0.7766706157341422 0.013174791225435325 0.012575937078824534
1 0.21608477472969814 0.5781504661326958 0.026349582450870684 0.02754729074409208
1 0.22057618082927827 0.5359312487966417 0.014971353665267435 0.016169061958488835
1 0.20919795204367503 0.5311404156237561 0.029343853183924167 0.025750728304259934
1 0.11098587199952072 0.7036104098476369 0.03533239465003114 0.024553020011038568
1 0.13134691298428444 0.542219217336054 0.016169061958488835 0.021558749277985064
1 0.2624959710920271 0.5185644785449316 0.028146144890702763 0.026948436597481293
1 0.3029186259882491 0.6958253059416978 0.033535832210199026 0.014971353665267475
1 0.3244773752662342 0.7407393669375001 0.02874499903731344 0.029343853183924167
1 0.17656040105339207 0.7350502525446982 0.019163332691542308 0.02634958245087065
1 0.17057185958728507 0.7030115557010262 0.029942707330534838 0.022157603424595846
1 0.18704034861907926 0.6850459313027052 0.023355311717817132 0.019762186838152986
1 0.20740138960384297 0.627256506154773 0.025750728304260003 0.02395416586442793
1 0.1735661303203386 0.6278553603013838 0.026349582450870702 0.02754729074409208
1 0.1310474859109791 0.6808539522764305 0.03593124879664182 0.01976218683815313
