1 0.4425149700598802 0.8954248366013072 0.0562874251497006 0.19607843137254904
1 0.5425149700598803 0.8480392156862746 0.07904191616766469 0.2614379084967321
1 0.5508982035928144 0.8709150326797385 0.1724550898203593 0.23202614379084965
1 0.6754491017964073 0.8055555555555556 0.17485029940119767 0.1372549019607843
1 0.6646706586826348 0.7655228758169934 0.09820359281437126 0.22058823529411764
1 0.6904191616766466 0.7099673202614379 0.18802395209580833 0.12581699346405228
1 0.7766467065868261 0.6895424836601307 0.18323353293413175 0.12418300653594772
1 0.6029940119760479 0.5155228758169934 0.022754491017964076 0.22712418300653595
1 0.6323353293413174 0.49264705882352944 0.04311377245508982 0.26633986928104575
1 0.7455089820359282 0.5163398692810457 0.0347305389221557 0.1372549019607843
1 0.6928143712574848 0.5449346405228759 0.06107784431137724 0.13562091503267973
1 0.5000000000000001 0.5228758169934641 0.1089820359281437 0.23529411764705876
1 0.43293413173652695 0.6691176470588235 0.05389221556886228 0.08986928104575163
1 0.16107784431137728 0.6683006535947712 0.05149700598802395 0.23529411764705876
1 0.1125748502994012 0.6944444444444445 0.026347305389221556 0.29411764705882354
1 0.08982035928143713 0.6209150326797386 0.07664670658682635 0.18627450980392157
1 0.10538922155688624 0.3006535947712418 0.08622754491017964 0.3464052287581699
1 0.24850299401197606 0.5285947712418301 0.14011976047904193 0.119281045751634
1 0.26107784431137726 0.6299019607843137 0.12455089820359282 0.13562091503267973
1 0.23293413173652688 0.6772875816993466 0.1089820359281437 0.2107843137254902
1 0.40119760479041916 0.0857843137254902 0.09341317365269461 0.1715686274509804
1 0.2491017964071856 0.3929738562091503 0.20119760479041915 0.11274509803921572
1 0.24790419161676647 0.27614379084967317 0.05029940119760479 0.1111111111111111
1 0.325748502994012 0.2900326797385621 0.0407185628742515 0.08660130718954248
