1 0.24931506849315072 0.2541095890410959 0.025570776255707764 0.036986301369863014
1 0.2547945205479452 0.2815068493150685 0.014611872146118721 0.02054794520547945
1 0.26575342465753415 0.26575342465753427 0.014611872146118721 0.021917808219178082
1 0.26575342465753427 0.30753424657534245 0.0182648401826484 0.01780821917808219
1 0.2789954337899543 0.2883561643835616 0.01917808219178082 0.028767123287671233
1 0.27625570776255715 0.3171232876712329 0.024657534246575342 0.031506849315068496
1 0.2958904109589041 0.3 0.0182648401826484 0.03561643835616438
1 0.28584474885844746 0.3315068493150685 0.02374429223744292 0.0273972602739726
1 0.3114155251141552 0.323972602739726 0.0182648401826484 0.036986301369863014
1 0.2936073059360731 0.3561643835616438 0.0319634703196347 0.03561643835616438
1 0.3068493150684932 0.3684931506849314 0.0365296803652968 0.030136986301369864
1 0.32191780821917815 0.3369863013698631 0.017351598173515986 0.03835616438356164
1 0.336986301369863 0.34383561643835614 0.02374429223744292 0.0410958904109589
1 0.32237442922374426 0.3999999999999999 0.04200913242009133 0.03287671232876712
1 0.34657534246575344 0.404109589041096 0.028310502283105023 0.030136986301369864
1 0.35205479452054794 0.3664383561643836 0.024657534246575342 0.039726027397260284
1 0.378082191780822 0.3780821917808219 0.031050228310502283 0.0547945205479452
1 0.35159817351598177 0.4260273972602741 0.03835616438356164 0.049315068493150684
1 0.3712328767123288 0.44109589041095904 0.03561643835616438 0.043835616438356165
1 0.3853881278538814 0.49246575342465754 0.04200913242009133 0.03424657534246575
1 0.40821917808219177 0.46780821917808224 0.031050228310502283 0.04246575342465753
1 0.40958904109589034 0.4089041095890411 0.039269406392694065 0.047945205479452045
1 0.43561643835616437 0.44657534246575337 0.04200913242009133 0.04657534246575343
1 0.4470319634703197 0.3787671232876713 0.021004566210045664 0.039726027397260284
1 0.43196347031963467 0.39794520547945195 0.021917808219178082 0.028767123287671233
1 0.39497716894977164 0.5191780821917809 0.030136986301369864 0.03561643835616438
1 0.43926940639269413 0.5 0.045662100456620995 0.0547945205479452
1 0.4593607305936073 0.4404109589041096 0.04018264840182648 0.036986301369863014
1 0.4598173515981735 0.386986301369863 0.0410958904109589 0.05342465753424658
1 0.44337899543378995 0.565068493150685 0.028310502283105023 0.04246575342465753
1 0.4114155251141552 0.610958904109589 0.053881278538812784 0.0410958904109589
1 0.35616438356164387 0.6486301369863015 0.058447488584474884 0.023287671232876714
1 0.34429223744292237 0.6664383561643835 0.04018264840182648 0.039726027397260284
1 0.38173515981735157 0.6808219178082191 0.03287671232876712 0.03835616438356164
1 0.417351598173516 0.6712328767123288 0.0365296803652968 0.0273972602739726
1 0.40273972602739727 0.636986301369863 0.03835616438356164 0.024657534246575342
1 0.47990867579908675 0.6691780821917809 0.0410958904109589 0.039726027397260284
1 0.5091324200913242 0.6424657534246576 0.03744292237442921 0.07123287671232877
1 0.43926940639269413 0.6595890410958904 0.031050228310502283 0.039726027397260284
1 0.47990867579908675 0.5897260273972603 0.026484018264840183 0.05890410958904109
1 0.502283105022831 0.552054794520548 0.014611872146118721 0.024657534246575342
1 0.4694063926940639 0.5164383561643836 0.0091324200913242 0.030136986301369864
1 0.48812785388127844 0.48150684931506843 0.0319634703196347 0.047945205479452045
1 0.5287671232876712 0.4178082191780821 0.025570776255707764 0.09315068493150686
1 0.5269406392694063 0.4876712328767123 0.02009132420091324 0.030136986301369864
1 0.5429223744292238 0.4883561643835616 0.017351598173515986 0.03424657534246575
1 0.5621004566210044 0.5020547945205479 0.03561643835616438 0.06164383561643835
1 0.5890410958904109 0.5164383561643835 0.021917808219178082 0.0410958904109589
1 0.5351598173515981 0.6184931506849315 0.01643835616438356 0.031506849315068496
1 0.6173515981735161 0.5041095890410958 0.031050228310502283 0.049315068493150684
1 0.5949771689497717 0.46849315068493164 0.04657534246575343 0.0547945205479452
1 0.6200913242009133 0.44794520547945216 0.03835616438356164 0.03835616438356164
1 0.6009132420091325 0.40205479452054793 0.04748858447488584 0.045205479452054796
1 0.4945205479452055 0.38150684931506845 0.042922374429223746 0.12191780821917808
