1 0.4250513347022587 0.48074454428754815 0.17659137577002051 0.13222079589216945
1 0.4178644763860369 0.31322207958921694 0.14579055441478436 0.08472400513478819
1 0.5616016427104722 0.28690629011553276 0.2320328542094456 0.10397946084724005
1 0.7474332648870636 0.4717586649550706 0.14784394250513347 0.09114249037227214
1 0.8172484599589321 0.5231065468549423 0.16427104722792601 0.10397946084724005
1 0.6057494866529775 0.6232349165596919 0.17659137577002051 0.11938382541720154
1 0.473305954825462 0.7259306803594353 0.1950718685831622 0.16046213093709885
1 0.8583162217659138 0.689987163029525 0.10677618069815194 0.14249037227214376
1 0.682751540041068 0.2869062901155327 0.09650924024640657 0.04749679075738125
1 0.368583162217659 0.22207958921694482 0.1704312114989733 0.08729139922978177
1 0.22587268993839832 0.34082156611039793 0.16837782340862423 0.07830551989730423
1 0.6283367556468172 0.4717586649550706 0.11088295687885012 0.07060333761232349
1 0.5328542094455853 0.44801026957637996 0.06776180698151953 0.051347881899871634
1 0.3870636550308008 0.569961489088575 0.10472279260780287 0.051347881899871634
1 0.8203285420944559 0.8568677792041081 0.13347022587268997 0.11938382541720154
1 0.6334702258726899 0.8863928112965341 0.11293634496919917 0.09370988446726573
1 0.7453798767967145 0.9249037227214377 0.12320328542094455 0.08344030808729143
1 0.5770020533880903 0.7766367137355581 0.17659137577002051 0.0693196405648267
1 0.6837782340862423 0.20410783055198978 0.3655030800821355 0.17201540436457002
