1 0.5285714285714286 0.5073726541554961 0.21428571428571427 0.3203753351206434
1 0.6249999999999999 0.3002680965147453 0.19464285714285715 0.24128686327077747
1 0.8611607142857141 0.3699731903485241 0.18125000000000047 0.2868632707774794
1 0.7504464285714285 0.4671581769436998 0.17946428571428574 0.2747989276139411
1 0.8700892857142858 0.6233243967828418 0.20089285714285715 0.31367292225201066
1 0.3607142857142857 0.5227882037533512 0.11607142857142858 0.2064343163538874
1 0.4566964285714286 0.735254691689008 0.18303571428571427 0.26943699731903487
1 0.6455357142857143 0.6910187667560322 0.12678571428571425 0.2292225201072386
1 0.29374999999999996 0.6936997319034852 0.17142857142857143 0.3793565683646111
1 0.14955357142857145 0.1695710455764075 0.1526785714285714 0.25603217158176944
1 0.05357142857142857 0.3378016085790877 0.10714285714285714 0.2922252010723855
1 0.5513392857142857 0.07439678284182306 0.16875 0.14879356568364613
1 0.20401785714285714 0.4865951742627346 0.22232142857142853 0.3646112600536194
