1 0.6085365853658538 0.05178571428571429 0.10975609756097562 0.09285714285714286
1 0.5280487804878049 0.11249999999999999 0.14878048780487807 0.10714285714285714
1 0.4512195121951221 0.1875 0.15609756097560976 0.09642857142857145
1 0.3121951219512195 0.20357142857142857 0.15121951219512195 0.14642857142857144
1 0.5353658536585366 0.23928571428571427 0.12926829268292683 0.1
1 0.4475609756097562 0.31517857142857153 0.10975609756097562 0.08035714285714286
1 0.42560975609756097 0.33928571428571425 0.1 0.04285714285714286
1 0.5536585365853659 0.35714285714285715 0.18048780487804872 0.12142857142857143
1 0.17560975609756097 0.2955357142857143 0.1463414634146341 0.12678571428571425
1 0.3048780487804878 0.3401785714285715 0.10243902439024391 0.12678571428571425
1 0.5402439024390244 0.46875 0.17317073170731706 0.10535714285714287
1 0.0878048780487805 0.4241071428571429 0.17073170731707318 0.14107142857142857
1 0.09634146341463415 0.5491071428571427 0.1878048780487805 0.08392857142857142
1 0.3170731707317073 0.5767857142857142 0.15121951219512195 0.08214285714285713
1 0.6865853658536586 0.6901785714285715 0.10975609756097562 0.0875
1 0.5609756097560976 0.6419642857142858 0.0975609756097561 0.10178571428571428
1 0.4548780487804878 0.7133928571428572 0.15853658536585366 0.10892857142857143
1 0.3670731707317073 0.7196428571428571 0.15853658536585366 0.11785714285714283
1 0.28780487804878047 0.7651785714285715 0.1756097560975609 0.11964285714285718
1 0.2939024390243903 0.8491071428571427 0.17804878048780487 0.044642857142857144
1 0.22682926829268293 0.8848214285714284 0.1902439024390244 0.0625
1 0.34024390243902447 0.9258928571428573 0.14390243902439023 0.1125
1 0.7365853658536584 0.8901785714285714 0.28780487804878047 0.07678571428571429
1 0.6804878048780487 0.7723214285714286 0.1756097560975609 0.06964285714285715
1 0.6195121951219512 0.8205357142857143 0.1756097560975609 0.0625
