2 0.20276243093922652 0.8330058939096268 0.10497237569060774 0.275049115913556
2 0.2535911602209944 0.6738703339882122 0.12265193370165745 0.2318271119842829
2 0.3033149171270717 0.3005893909626717 0.14917127071823175 0.32612966601178733
2 0.4259668508287293 0.42337917485265225 0.12265193370165745 0.3202357563850688
2 0.5629834254143646 0.5157170923379175 0.09392265193370167 0.2612966601178781
2 0.4712707182320442 0.5324165029469549 0.13149171270718232 0.2868369351669941
2 0.5558011049723757 0.7023575638506878 0.15911602209944747 0.24165029469548135
2 0.6453038674033149 0.587426326129666 0.11491712707182321 0.18467583497053044
2 0.625414364640884 0.40471512770137524 0.2408839779005525 0.2043222003929273
2 0.7171270718232045 0.19351669941060906 0.13259668508287292 0.21414538310412573
2 0.6657458563535912 0.2554027504911591 0.08508287292817678 0.13359528487229863
2 0.5331491712707183 0.2691552062868369 0.10718232044198896 0.16110019646365423
2 0.5999999999999999 0.174852652259332 0.14143646408839783 0.2554027504911591
