2 0.904109589041096 0.677150192554557 0.09246575342465753 0.057766367137355584
2 0.9409246575342465 0.6296534017971759 0.05993150684931505 0.04492939666238769
2 0.8587328767123288 0.6136071887034659 0.1113013698630137 0.07445442875481387
2 0.8133561643835617 0.5500641848523748 0.1095890410958904 0.07317073170731705
2 0.747431506849315 0.5956354300385109 0.08732876712328767 0.043645699614890884
2 0.7953767123287672 0.6296534017971759 0.0839041095890411 0.09114249037227214
2 0.7363013698630138 0.2362002567394095 0.11643835616438356 0.07958921694480103
2 0.3287671232876712 0.26315789473684215 0.0993150684931507 0.0975609756097561
2 0.502568493150685 0.30038510911424904 0.1113013698630137 0.06675224646983312
2 0.6078767123287669 0.3016688061617458 0.0958904109589041 0.07702182284980745
2 0.660958904109589 0.30551989730423623 0.1095890410958904 0.0693196405648267
2 0.4794520547945206 0.3639281129653402 0.13013698630136986 0.07830551989730423
2 0.6147260273972605 0.36264441591784347 0.13356164383561644 0.04492939666238769
2 0.5676369863013698 0.4107830551989731 0.09075342465753425 0.04621309370988448
2 0.6840753424657534 0.41463414634146345 0.1284246575342466 0.05648267008985879
2 0.6429794520547945 0.4512195121951219 0.09417808219178082 0.07060333761232349
2 0.5513698630136986 0.45699614890885754 0.10616438356164384 0.06161745827984597
2 0.4803082191780822 0.42875481386392805 0.08047945205479452 0.059050064184852376
2 0.5950342465753424 0.5173299101412067 0.04965753424657535 0.05648267008985879
2 0.6001712328767124 0.558408215661104 0.06335616438356165 0.03594351732991014
2 0.5256849315068491 0.5237483953786907 0.11301369863013695 0.07445442875481387
2 0.4666095890410959 0.4865211810012837 0.0839041095890411 0.0821566110397946
2 0.3955479452054794 0.4589216944801028 0.1095890410958904 0.08087291399229782
2 0.30308219178082185 0.472400513478819 0.1095890410958904 0.06675224646983312
2 0.5599315068493151 0.6026957637997433 0.0821917808219178 0.03209242618741977
2 0.46404109589041104 0.5584082156611039 0.1095890410958904 0.04621309370988448
2 0.226027397260274 0.4736842105263158 0.07191780821917808 0.07445442875481387
2 0.23715753424657535 0.5365853658536586 0.10102739726027397 0.059050064184852376
2 0.18664383561643835 0.573170731707317 0.1095890410958904 0.07060333761232349
2 0.39126712328767127 0.5327342747111681 0.0976027397260274 0.0821566110397946
2 0.47517123287671226 0.6290115532734275 0.0976027397260274 0.07188703465982028
