2 0.4131483715319662 0.8447963800904978 0.06151990349819059 0.03167420814479638
2 0.4004825090470446 0.8751131221719456 0.06996381182147166 0.039819004524886875
2 0.6785283474065139 0.4248868778280543 0.08564535585042223 0.06063348416289593
1 0.47647768395657425 0.45294117647058824 0.45114595898673104 0.27420814479638017
1 0.21893848009650183 0.2067873303167421 0.3606755126658625 0.3085972850678733
1 0.517490952955368 0.19502262443438917 0.3474065138721351 0.3085972850678733
1 0.7991556091676719 0.32307692307692304 0.2810615199034982 0.2823529411764706
1 0.8057901085645356 0.10407239819004525 0.38841978287092893 0.16108597285067872
1 0.4463208685162847 0.7981900452488688 0.38118214716525933 0.36923076923076914
1 0.6646562123039805 0.7610859728506786 0.38600723763570555 0.36561085972850677
