2 0.2696019300361881 0.3054298642533937 0.2014475271411339 0.1583710407239819
2 0.6332931242460796 0.3176470588235294 0.16887816646562123 0.1502262443438914
2 0.45416164053075997 0.38009049773755665 0.15802171290711697 0.18280542986425338
2 0.3039806996381182 0.41357466063348414 0.26537997587454765 0.16832579185520363
2 0.23100120627261767 0.6076923076923076 0.24728588661037396 0.21447963800904976
2 0.4077201447527141 0.5529411764705882 0.1785283474065139 0.20633484162895926
2 0.5211097708082026 0.5104072398190046 0.14234016887816647 0.07963800904977375
2 0.6037394451145959 0.42036199095022625 0.18938480096501809 0.19638009049773758
2 0.7744270205066346 0.4728506787330317 0.16405307599517496 0.16380090497737554
2 0.6797346200241252 0.5470588235294117 0.18938480096501759 0.17104072398190037
2 0.5512665862484922 0.6126696832579187 0.20265379975874548 0.18461538461538463
2 0.7689987937273824 0.6443438914027149 0.18938480096501809 0.16289592760180993
2 0.6586248492159227 0.767420814479638 0.1519903498190591 0.1755656108597285
2 0.46863691194209894 0.7588235294117647 0.14595898673100122 0.11674208144796379
2 0.4215922798552474 0.6624434389140272 0.13630880579010857 0.13212669683257922
