1 0.07443082311733801 0.18741976893453147 0.10332749562171628 0.05391527599486521
1 0.1541155866900175 0.18164313222079595 0.09807355516637478 0.08087291399229782
1 0.25131348511383533 0.21245186136071886 0.09281961471103325 0.07573812580231065
1 0.08493870402802102 0.32349165596919127 0.08231173380035026 0.04878048780487805
1 0.09019264448336252 0.28177150192554556 0.09632224168126094 0.05006418485237484
1 0.27495621716287216 0.4595635430038511 0.1225919439579685 0.10012836970474968
1 0.1742556917688266 0.8260590500641848 0.2119089316987741 0.10141206675224644
1 0.3362521891418564 0.831193838254172 0.14711033274956217 0.10141206675224644
1 0.37565674255691767 0.9505776636713734 0.2084063047285464 0.09114249037227214
1 0.12171628721541156 0.9679075738125803 0.2434325744308231 0.059050064184852376
1 0.6567425569176882 0.6874197689345314 0.11208406304728546 0.11424903722721437
1 0.9413309982486865 0.5789473684210527 0.10683012259194395 0.07702182284980745
1 0.8327495621716287 0.5795892169448009 0.10683012259194395 0.07060333761232349
1 0.8309982486865148 0.46598202824133517 0.12084063047285461 0.1258023106546855
1 0.7259194395796849 0.3735558408215661 0.11033274956217162 0.11296534017971759
1 0.8485113835376533 0.2901155327342747 0.15236427320490367 0.12066752246469832
1 0.9448336252189141 0.2779204107830552 0.11033274956217162 0.16302952503209242
1 0.6786339754816112 0.2118100128369705 0.1243432574430823 0.08985879332477538
1 0.5 0.22207958921694484 0.14535901926444833 0.07445442875481387
1 0.5253940455341506 0.1392811296534018 0.14010507880910683 0.09114249037227214
1 0.3905429071803853 0.10205391527599489 0.11558669001751314 0.08600770218228501
1 0.510507880910683 0.4139922978177152 0.1243432574430823 0.08600770218228501
1 0.5621716287215414 0.5218228498074454 0.1225919439579685 0.1245186136071887
1 0.6654991243432575 0.521181001283697 0.10507880910683012 0.13350449293966624
1 0.35201401050788095 0.37676508344030807 0.17162872154115585 0.10397946084724005
1 0.254816112084063 0.3440308087291399 0.17338003502626967 0.0693196405648267
1 0.9316987740805606 0.052631578947368425 0.13660245183887912 0.10526315789473685
1 0.8677758318739055 0.15211810012836968 0.14185639229422067 0.10141206675224644
1 0.7530647985989493 0.06097560975609756 0.19964973730297722 0.11938382541720154
1 0.6602451838879159 0.14249037227214376 0.09457092819614711 0.05648267008985879
1 0.6287215411558669 0.38254172015404364 0.13660245183887912 0.10526315789473685
1 0.44833625218914186 0.5436456996148908 0.08056042031523641 0.06546854942233633
1 0.4203152364273204 0.7522464698331194 0.09807355516637478 0.10269576379974327
1 0.5586690017513136 0.7169448010269577 0.09807355516637478 0.055198973042362
1 0.02626970227670753 0.4473684210526315 0.05253940455341506 0.13478818998716302
1 0.8957968476357269 0.7772785622593068 0.10332749562171628 0.07317073170731705
