0 0.5230627306273062 0.27601809954751133 0.38191881918819187 0.2515837104072398
0 0.21771217712177118 0.19638009049773758 0.33579335793357934 0.260633484162896
0 0.4418819188191882 0.11945701357466065 0.25276752767527677 0.146606334841629
0 0.7619926199261993 0.17511312217194572 0.3173431734317343 0.2633484162895928
0 0.8256457564575647 0.3497737556561086 0.3118081180811808 0.21266968325791855
0 0.3846863468634686 0.4285067873303168 0.4114391143911439 0.19276018099547515
0 0.41697416974169743 0.6036199095022625 0.5018450184501844 0.18823529411764706
0 0.8007380073800738 0.5696832579185521 0.35055350553505543 0.21990950226244343
0 0.6356088560885608 0.44886877828054295 0.15313653136531366 0.10135746606334842
0 0.25092250922509224 0.5389140271493212 0.2029520295202952 0.134841628959276
0 0.5424354243542436 0.7864253393665157 0.34686346863468637 0.28597285067873296
0 0.8570110701107012 0.8416289592760181 0.2859778597785978 0.3167420814479638
0 0.19095940959409594 0.8570135746606334 0.36715867158671583 0.269683257918552
0 0.17527675276752772 0.6380090497737558 0.35055350553505543 0.18280542986425338
0 0.1429889298892989 0.44886877828054295 0.2859778597785978 0.21176470588235294
0 0.20202952029520296 0.07194570135746604 0.3966789667896679 0.1438914027149321
0 0.7066420664206642 0.058371040723981894 0.47601476014760147 0.11674208144796379
