1 0.4012251148545176 0.28035714285714286 0.042879019908116385 0.039285714285714285
1 0.503062787136294 0.16785714285714287 0.02909647779479326 0.03214285714285713
1 0.4716692189892801 0.27410714285714294 0.036753445635528334 0.055357142857142855
1 0.45099540581929554 0.30624999999999997 0.038284839203675335 0.044642857142857144
1 0.5153139356814702 0.25803571428571437 0.022970903522205207 0.0375
1 0.5474732006125574 0.2830357142857143 0.03215926493108729 0.055357142857142855
1 0.4900459418070444 0.35714285714285715 0.018376722817764167 0.05
1 0.4739663093415007 0.4107142857142858 0.022970903522205207 0.03214285714285713
1 0.41424196018376724 0.39553571428571427 0.022970903522205207 0.041071428571428564
1 0.2886676875957121 0.6767857142857143 0.022970903522205207 0.035714285714285705
1 0.29173047473200603 0.6482142857142857 0.03522205206738131 0.039285714285714285
1 0.3261868300153139 0.7375 0.033690658499234305 0.05
1 0.20214395099540586 0.7598214285714285 0.04900459418070446 0.058928571428571414
1 0.1263399693721286 0.6776785714285714 0.026033690658499236 0.041071428571428564
1 0.5781010719754976 0.4321428571428571 0.03522205206738131 0.039285714285714285
1 0.6539050535987749 0.475892857142857 0.036753445635528334 0.033928571428571426
1 0.6569678407350689 0.5160714285714286 0.030627871362940283 0.039285714285714285
1 0.6791730474732006 0.4142857142857143 0.03522205206738131 0.05
1 0.6569678407350688 0.37410714285714286 0.027565084226646247 0.0375
1 0.6906584992343032 0.33125000000000004 0.027565084226646247 0.04821428571428572
1 0.663093415007657 0.22142857142857147 0.030627871362940283 0.039285714285714285
1 0.6202143950995406 0.25625 0.039816232771822356 0.0375
1 0.7725880551301685 0.3142857142857144 0.02909647779479326 0.05
1 0.7863705972434916 0.38660714285714287 0.03215926493108729 0.04821428571428572
1 0.7297090352220521 0.39285714285714296 0.04134762633996937 0.05
1 0.787136294027565 0.49642857142857144 0.02450229709035223 0.02857142857142857
1 0.7649310872894334 0.5035714285714286 0.02909647779479326 0.04285714285714286
1 0.6378254211332313 0.7607142857142858 0.02909647779479326 0.039285714285714285
1 0.5497702909647779 0.7687500000000002 0.039816232771822356 0.04821428571428572
1 0.6263399693721287 0.8571428571428573 0.036753445635528334 0.039285714285714285
1 0.5773353751914241 0.9035714285714286 0.033690658499234305 0.04285714285714286
1 0.6018376722817764 0.8500000000000001 0.027565084226646247 0.03214285714285713
1 0.6140888208269525 0.9383928571428574 0.036753445635528334 0.030357142857142857
1 0.6179173047473201 0.8544642857142859 0.21286370597243498 0.2910714285714286
1 0.48009188361408883 0.7366071428571428 0.09341500765696784 0.14821428571428572
1 0.1990811638591118 0.6750000000000002 0.2787136294027565 0.23928571428571435
1 0.29555895865237364 0.24107142857142858 0.26339969372128635 0.425
1 0.5252679938744257 0.24464285714285713 0.23889739663093415 0.3964285714285714
1 0.6761102603369066 0.3321428571428571 0.24655436447166929 0.25714285714285706
1 0.7741194486983154 0.4455357142857143 0.4211332312404288 0.24821428571428572
1 0.7741194486983154 0.6383928571428571 0.21898928024502295 0.14107142857142857
