0 0.10911424903722722 0.7618741976893455 0.12836970474967907 0.21437740693196405
0 0.21822849807445444 0.7946084724005135 0.12066752246469832 0.16174582798459564
0 0.22207958921694484 0.665596919127086 0.110397946084724 0.15532734274711169
0 0.1418485237483954 0.5930680359435173 0.11681643132220795 0.17971758664955076
0 0.2702182284980745 0.6078305519897303 0.12195121951219512 0.15275994865211806
0 0.04428754813863928 0.9422336328626444 0.0680359435173299 0.06675224646983312
2 0.5982028241335047 0.6501925545571244 0.12323491655969195 0.12965340179717585
2 0.5577663671373556 0.5365853658536586 0.14762516046213095 0.0949935815147625
2 0.6585365853658537 0.5699614890885752 0.11553273427471117 0.110397946084724
2 0.7220795892169447 0.5481386392811296 0.06290115532734275 0.07958921694480103
2 0.7156611039794609 0.6566110397946084 0.0885750962772786 0.09114249037227214
2 0.6437740693196407 0.7150192554557125 0.11938382541720154 0.08729139922978177
0 0.6501925545571245 0.2105263157894737 0.29653401797175866 0.3491655969191271
0 0.9094993581514764 0.2605905006418485 0.17586649550706027 0.47753530166880614
1 0.31835686777920413 0.2406931964056482 0.04621309370988448 0.08600770218228501
1 0.2907573812580231 0.03979460847240052 0.06290115532734275 0.0410783055198973
1 0.06546854942233635 0.18613607188703465 0.038510911424903725 0.043645699614890884
1 0.07060333761232349 0.2368421052631579 0.043645699614890884 0.052631578947368425
1 0.019255455712451863 0.18485237483953784 0.038510911424903725 0.05391527599486521
1 0.3510911424903723 0.16559691912708602 0.03465982028241335 0.04621309370988448
1 0.3793324775353018 0.016046213093709884 0.03209242618741977 0.03209242618741977
1 0.19255455712451858 0.03594351732991014 0.07958921694480103 0.04878048780487805
1 0.20346598202824132 0.11489088575096278 0.09114249037227214 0.07317073170731705
1 0.24326059050064186 0.2143774069319641 0.07573812580231065 0.0693196405648267
1 0.29525032092426184 0.12066752246469836 0.06675224646983312 0.0693196405648267
1 0.3851091142490374 0.07637997432605906 0.06161745827984597 0.057766367137355584
1 0.12836970474967907 0.09627727856225932 0.059050064184852376 0.04878048780487805
