2 0.38622754491017963 0.09824281150159746 0.039520958083832346 0.05591054313099041
2 0.41137724550898197 0.14137380191693288 0.032335329341317366 0.043130990415335455
2 0.39880239520958083 0.17891373801916932 0.03592814371257485 0.03514376996805112
2 0.5790419161676646 0.268370607028754 0.0562874251497006 0.05750798722044728
2 0.5994011976047904 0.2292332268370607 0.041916167664670656 0.05591054313099041
2 0.6281437125748504 0.22364217252396165 0.046706586826347304 0.060702875399361006
2 0.6868263473053894 0.2571884984025559 0.0347305389221557 0.051118210862619806
2 0.6718562874251497 0.22044728434504793 0.03832335329341317 0.038338658146964855
2 0.7065868263473053 0.2571884984025559 0.055089820359281436 0.0415335463258786
2 0.7011976047904191 0.20447284345047925 0.046706586826347304 0.0415335463258786
2 0.61437125748503 0.30830670926517567 0.05269461077844311 0.05750798722044728
2 0.6562874251497006 0.3003194888178914 0.033532934131736525 0.038338658146964855
2 0.6682634730538921 0.33386581469648563 0.04311377245508982 0.0415335463258786
2 0.7329341317365267 0.3953674121405751 0.03832335329341317 0.036741214057507986
2 0.7317365269461078 0.3498402555910543 0.026347305389221556 0.025559105431309903
2 0.7514970059880239 0.3434504792332268 0.017964071856287425 0.038338658146964855
2 0.7706586826347304 0.29392971246006383 0.032335329341317366 0.03194888178913737
2 0.7988023952095805 0.30750798722044737 0.03592814371257485 0.039936102236421724
2 0.8209580838323354 0.37779552715654946 0.037125748502994015 0.052715654952076675
2 0.7670658682634733 0.3961661341853035 0.027544910179640718 0.019169329073482427
2 0.7748502994011978 0.3626198083067093 0.03592814371257485 0.051118210862619806
2 0.8269461077844311 0.5191693290734825 0.04431137724550898 0.051118210862619806
2 0.7904191616766467 0.5215654952076676 0.03592814371257485 0.05591054313099041
2 0.22574850299401197 0.4408945686900958 0.05389221556886228 0.06389776357827474
2 0.29461077844311373 0.4488817891373802 0.05269461077844311 0.0830670926517572
2 0.26407185628742513 0.5087859424920128 0.06826347305389222 0.07188498402555912
2 0.07305389221556886 0.6381789137380193 0.07425149700598803 0.0878594249201278
2 0.8179640718562874 0.6437699680511182 0.026347305389221556 0.022364217252396165
2 0.8550898203592814 0.6589456869009586 0.023952095808383242 0.036741214057507986
2 0.8820359281437127 0.6932907348242812 0.029940119760479042 0.03514376996805112
