0 0.726248775710088 0.32605905006418484 0.10088148873653281 0.13350449293966624
0 0.5318315377081293 0.42618741976893454 0.0783545543584721 0.08729139922978177
0 0.6072477962781587 0.40051347881899874 0.043095004897159644 0.043645699614890884
0 0.4216454456415279 0.42362002567394086 0.04211557296767874 0.05648267008985879
0 0.3653281096963761 0.6078305519897305 0.08031341821743389 0.09627727856225927
0 0.32810969637610193 0.600770218228498 0.08423114593535748 0.10526315789473685
0 0.6013712047012733 0.7670089858793325 0.11557296767874632 0.11938382541720154
0 0.7492654260528893 0.689987163029525 0.12732615083251714 0.17329910141206675
0 0.4240940254652301 0.8613607188703463 0.06660137120470129 0.07445442875481387
0 0.2997061704211557 0.8125802310654683 0.043095004897159644 0.03594351732991014
0 0.2512242899118511 0.7284980744544288 0.040156709108716944 0.04749679075738125
0 0.3330068560235063 0.7419768934531449 0.043095004897159644 0.05391527599486521
0 0.5220372184133203 0.7419768934531453 0.02742409402546523 0.04621309370988448
0 0.46376101860920665 0.7439024390243903 0.032321253672869726 0.04492939666238769
0 0.47992164544564153 0.5866495507060334 0.03721841332027424 0.05391527599486521
0 0.4789422135161607 0.48331193838254166 0.03917727717923605 0.04749679075738125
0 0.6351616062683644 0.4210526315789474 0.030362389813907934 0.05391527599486521
0 0.7517140058765917 0.5853658536585367 0.030362389813907934 0.04621309370988448
0 0.1650342801175318 0.7445442875481386 0.07737512242899118 0.08472400513478819
0 0.11508325171400587 0.7477535301668808 0.05386875612144956 0.07830551989730423
0 0.46523016650342797 0.36264441591784324 0.021547502448579822 0.03979460847240052
0 0.07492654260528893 0.16559691912708602 0.05386875612144956 0.07188703465982028
1 0.693437806072478 0.49935815147625157 0.06268364348677767 0.08472400513478819
1 0.6116552399608226 0.5064184852374839 0.04799216454456415 0.07573812580231065
1 0.5582761998041135 0.6367137355584083 0.045053868756121454 0.0821566110397946
