0 0.4288107202680069 0.118718592964824 0.20435510887772224 0.12437185929648222
0 0.3467336683417085 0.06030150753768844 0.304857621440536 0.09798994974874371
0 0.30234505862646577 0.16582914572864313 0.23618090452261306 0.11557788944723611
0 0.21943048576214394 0.21796482412060303 0.16080402010050243 0.09170854271356797
0 0.41541038525963164 0.2927135678391958 0.24790619765494115 0.11809045226130653
0 0.5192629815745394 0.18090452261306533 0.16750418760469013 0.10552763819095479
0 0.23366834170854275 0.2952261306532663 0.1892797319932999 0.07788944723618091
0 0.5083752093802341 0.38442211055276365 0.21943048576214333 0.13316582914572883
0 0.20351758793969849 0.4874371859296478 0.202680067001675 0.08542713567839183
0 0.34924623115577885 0.3536432160804021 0.222780569514238 0.07412060301507525
0 0.27889447236180875 0.5728643216080409 0.25293132328308177 0.11055276381909575
0 0.3408710217755444 0.49937185929648253 0.19932998324958096 0.10427135678391959
0 0.10971524288107203 0.5621859296482414 0.21943048576214405 0.11180904522613061
0 0.2085427135678392 0.6407035175879396 0.2629815745393635 0.09547738693467334
0 0.39447236180904527 0.6268844221105527 0.16247906197654927 0.1105527638190955
0 0.700167504187605 0.89321608040201 0.2881072026800665 0.12814070351758802
0 0.5829145728643217 0.6664572864321608 0.20100502512562815 0.11180904522613065
0 0.5201005025125629 0.7393216080402008 0.19932998324958118 0.11683417085427131
0 0.5577889447236182 0.8121859296482418 0.23115577889447242 0.08919597989949755
0 0.33082077051926306 0.7820351758793972 0.306532663316583 0.13944723618090402
0 0.17085427135678394 0.780778894472362 0.19095477386934673 0.11934673366834174
0 0.07286432160804017 0.9805276381909545 0.14572864321608034 0.038944723618090295
0 0.09296482412060302 0.9478643216080401 0.18592964824120603 0.08417085427135679
