2 0.144311377245509 0.8300359712230215 0.0658682634730539 0.08093525179856115
2 0.6275449101796406 0.7014388489208632 0.05748502994011976 0.07194244604316546
1 0.5263473053892216 0.5197841726618705 0.16167664670658677 0.18705035971223022
1 0.1532934131736527 0.835431654676259 0.13652694610778443 0.1672661870503597
1 0.625748502994012 0.7014388489208632 0.16407185628742516 0.1726618705035971
1 0.7652694610778444 0.5314748201438849 0.12455089820359282 0.13848920863309352
1 0.6616766467065868 0.32194244604316546 0.12095808383233533 0.14388489208633093
1 0.47784431137724553 0.3012589928057554 0.15808383233532938 0.19244604316546762
1 0.35449101796407184 0.4721223021582734 0.14610778443113773 0.1672661870503597
1 0.28203592814371253 0.22931654676258995 0.12335329341317365 0.14928057553956836
1 0.17784431137724555 0.37589928057553956 0.1664670658682635 0.12949640287769784
1 0.16467065868263467 0.5287769784172663 0.16167664670658677 0.1726618705035971
1 0.2173652694610779 0.6088129496402879 0.10419161676646707 0.16366906474820145
1 0.8497005988023951 0.6654676258992807 0.15209580838323353 0.16546762589928057
1 0.8263473053892215 0.5107913669064748 0.08383233532934131 0.0683453237410072
1 0.881437125748503 0.32733812949640295 0.14131736526946106 0.1726618705035971
1 0.8688622754491017 0.38399280575539585 0.07305389221556886 0.059352517985611496
1 0.9203592814371259 0.5053956834532375 0.11137724550898204 0.1223021582733813
1 0.7191616766467064 0.5008992805755396 0.06826347305389222 0.0737410071942446
1 0.741916167664671 0.6546762589928058 0.06107784431137724 0.09712230215827339
1 0.046706586826347304 0.6852517985611511 0.09341317365269461 0.2517985611510791
