0 0.5088183421516754 0.48823529411764705 0.5873015873015873 0.5011764705882353
0 0.24162257495590828 0.6564705882352941 0.2751322751322751 0.3247058823529412
0 0.6684303350970018 0.76 0.18342151675485005 0.23058823529411765
0 0.8201058201058201 0.5364705882352939 0.13403880070546736 0.21647058823529405
0 0.783068783068783 0.2576470588235294 0.15167548500881833 0.2988235294117647
0 0.9223985890652557 0.26823529411764707 0.14109347442680775 0.2776470588235294
0 0.9417989417989419 0.5305882352941177 0.10934744268077601 0.19058823529411764
0 0.9329805996472663 0.7082352941176471 0.11992945326278656 0.24
0 0.6922398589065254 0.10235294117647059 0.19929453262786595 0.2
0 0.4373897707231041 0.09647058823529411 0.1763668430335097 0.14117647058823526
