2 0.16464088397790058 0.5827814569536425 0.09723756906077348 0.152317880794702
2 0.23535911602209944 0.10844370860927154 0.0441988950276243 0.11754966887417219
2 0.20607734806629835 0.10347682119205298 0.06740331491712707 0.11754966887417219
2 0.2696132596685083 0.1498344370860927 0.06850828729281767 0.11092715231788076
2 0.1723756906077348 0.18708609271523177 0.07955801104972374 0.12913907284768208
2 0.4259668508287293 0.1912251655629139 0.06298342541436462 0.11754966887417219
2 0.4751381215469613 0.2632450331125828 0.05303867403314917 0.07947019867549669
2 0.4674033149171271 0.20364238410596022 0.041988950276243095 0.11589403973509932
2 0.5187845303867403 0.22764900662251655 0.05856353591160221 0.09768211920529801
2 0.5922651933701658 0.39486754966887416 0.06850828729281767 0.12417218543046354
2 0.5447513812154696 0.45198675496688745 0.07734806629834254 0.11920529801324503
2 0.6038674033149172 0.48096026490066224 0.06740331491712707 0.12086092715231792
2 0.4900552486187846 0.5314569536423841 0.08508287292817678 0.12251655629139073
2 0.4248618784530386 0.38990066225165565 0.06298342541436462 0.08112582781456953
2 0.4419889502762431 0.4470198675496688 0.057458563535911604 0.11589403973509932
2 0.47955801104972373 0.3766556291390728 0.08176795580110499 0.11092715231788076
2 0.6674033149171272 0.7135761589403973 0.05303867403314917 0.11258278145695363
2 0.6961325966850829 0.6192052980132451 0.057458563535911604 0.08278145695364239
2 0.7143646408839781 0.6498344370860927 0.06961325966850829 0.1076158940397351
2 0.7226519337016575 0.7549668874172185 0.06629834254143646 0.09602649006622517
2 0.8353591160220992 0.7226821192052979 0.07734806629834254 0.12417218543046354
2 0.8535911602209945 0.8683774834437085 0.06519337016574586 0.11092715231788076
2 0.8270718232044199 0.8617549668874172 0.08729281767955803 0.12417218543046354
2 0.9856353591160222 0.7359271523178808 0.028729281767955802 0.08774834437086093
2 0.8077348066298342 0.9412251655629139 0.061878453038674036 0.10099337748344371
2 0.8607734806629834 0.9445364238410596 0.08176795580110499 0.09105960264900662
2 0.48508287292817676 0.9470198675496688 0.08397790055248619 0.10264900662251655
