2 0.4701627486437613 0.4898236092265944 0.16998191681735986 0.29579375848032563
2 0.6021699819168175 0.27611940298507465 0.1844484629294756 0.3242876526458616
2 0.666365280289331 0.48846675712347354 0.16998191681735986 0.31207598371777484
2 0.6333634719710668 0.799864314789688 0.14556962025316456 0.2510176390773406
2 0.25768535262206177 0.3127544097693351 0.15913200723327323 0.28358208955223857
2 0.2151898734177214 0.5454545454545447 0.14104882459312842 0.31478968792401607
2 0.370253164556962 0.31886024423337855 0.10216998191681735 0.17910447761194026
2 0.3779385171790237 0.44572591587516897 0.12296564195298344 0.23744911804613256
2 0.3241410488245931 0.5793758480325649 0.11121157323688947 0.1953867028493893
2 0.30741410488245935 0.7360922659430121 0.14104882459312842 0.22388059701492538
2 0.39647377938517175 0.6824966078697423 0.14195298372513576 0.2225237449118044
2 0.5009041591320066 0.7299864314789682 0.12296564195298405 0.22523744911804602
2 0.5366184448462923 0.6126187245590223 0.14737793851717895 0.2862957937584806
2 0.5854430379746834 0.8554952510176387 0.0985533453887885 0.20759837177747645
2 0.5167269439421338 0.24966078697421962 0.13833634719710672 0.293080054274084
