2 0.573345259391771 0.3330683624801271 0.27191413237924866 0.5071542130365658
2 0.7701252236135956 0.5238473767885533 0.3613595706618963 0.4467408585055644
2 0.8591234347048301 0.25675675675675674 0.2334525939177098 0.4372019077901432
2 0.35465116279069764 0.2647058823529411 0.35867620751341683 0.5135135135135134
2 0.20930232558139536 0.6391096979332274 0.3864042933810376 0.5182829888712241
2 0.5384615384615383 0.6375198728139905 0.37388193202146686 0.3656597774244833
2 0.704830053667263 0.7988871224165341 0.29874776386404295 0.4022257551669316
2 0.3434704830053664 0.8139904610492843 0.34704830053667196 0.3720190779014302
2 0.13729874776386403 0.34817170111287754 0.26028622540250446 0.35930047694753575
2 0.1453488372093023 0.15659777424483307 0.1994633273703041 0.31319554848966613
