2 0.5265273311897106 0.19592760180995478 0.409967845659164 0.29049773755656116
2 0.28938906752411575 0.1339366515837104 0.3408360128617363 0.20995475113122172
2 0.12861736334405144 0.3877828054298644 0.22508038585209003 0.1601809954751131
2 0.08440514469453377 0.21674208144796378 0.16881028938906753 0.10588235294117647
2 0.08842443729903537 0.2986425339366516 0.17684887459807075 0.12669683257918551
2 0.3094855305466238 0.4122171945701357 0.3745980707395498 0.28687782805429857
2 0.10691318327974277 0.6276018099547511 0.21061093247588425 0.27601809954751133
2 0.15836012861736332 0.8294117647058823 0.2909967845659163 0.19276018099547515
2 0.41479099678456594 0.8719457013574663 0.2990353697749196 0.2561085972850678
2 0.6237942122186496 0.8221719457013574 0.3536977491961415 0.2832579185520362
2 0.22427652733118972 0.6104072398190045 0.3327974276527331 0.3212669683257918
2 0.4991961414790997 0.6176470588235294 0.15916398713826366 0.16561085972850675
2 0.6872990353697744 0.5004524886877826 0.3778135048231509 0.29321266968325765
2 0.8167202572347267 0.6447963800904976 0.3665594855305466 0.31945701357466055
2 0.8641479099678455 0.2828054298642534 0.2717041800643084 0.3429864253393664
2 0.8070739549839224 0.05882352941176471 0.3858520900321541 0.11764705882352942
