1 0.8788487282463189 0.3839285714285714 0.23159303882195448 0.26071428571428573
1 0.8032128514056223 0.6785714285714282 0.2650602409638555 0.4071428571428569
1 0.6800535475234271 0.42142857142857143 0.1526104417670683 0.15714285714285714
1 0.48995983935742904 0.4464285714285715 0.2382864792503347 0.3964285714285708
1 0.5769745649263722 0.6616071428571426 0.12583668005354764 0.1624999999999999
1 0.38487282463186095 0.7017857142857143 0.2208835341365465 0.23928571428571435
1 0.08835341365461845 0.7535714285714287 0.1767068273092369 0.4928571428571427
1 0.2068273092369478 0.4205357142857142 0.22356091030789826 0.2696428571428571
1 0.12717536813922353 0.12410714285714286 0.15528781793842034 0.20535714285714285
1 0.3467202141900937 0.10892857142857143 0.12315930388219545 0.17857142857142858
1 0.30589022757697454 0.25357142857142856 0.18340026773761714 0.23214285714285715
