1 0.12924528301886792 0.2858040201005025 0.2433962264150943 0.15201005025125627
1 0.6471698113207547 0.8385678391959799 0.27169811320754716 0.1494974874371859
1 0.46415094339622653 0.743090452261306 0.3584905660377357 0.13190954773869332
1 0.8745283018867925 0.4409547738693468 0.20943396226415095 0.1809045226130654
1 0.6707547169811319 0.3517587939698492 0.18679245283018864 0.15829145728643215
1 0.4084905660377358 0.335427135678392 0.19433962264150945 0.12814070351758794
1 0.23207547169811316 0.3335427135678392 0.2188679245283019 0.11934673366834174
1 0.2792452830188679 0.417713567839196 0.1509433962264151 0.06658291457286432
1 0.41132075471698115 0.5935929648241206 0.3320754716981132 0.14195979899497488
1 0.3622641509433962 0.5031407035175879 0.27169811320754716 0.13442211055276382
1 0.6650943396226414 0.32788944723618096 0.3075471698113207 0.2010050251256282
1 0.7537735849056604 0.6708542713567838 0.25471698113207547 0.17085427135678388
1 0.5849056603773585 0.6331658291457286 0.3320754716981132 0.2035175879396985
1 0.6066037735849056 0.49748743718592975 0.3 0.20603015075376885
