1 0.8747747747747748 0.5923366834170853 0.10270270270270271 0.0917085427135678
1 0.8045045045045045 0.5621859296482412 0.08108108108108109 0.08668341708542714
1 0.7324324324324324 0.5690954773869347 0.05225225225225225 0.07286432160804018
1 0.7729729729729731 0.5201005025125632 0.0900900900900902 0.06030150753768846
1 0.7189189189189189 0.49497487437185933 0.07207207207207207 0.05527638190954774
1 0.6396396396396398 0.5402010050251258 0.07207207207207207 0.07035175879396985
1 0.5378378378378378 0.4924623115577887 0.09909909909909903 0.08542713567839186
1 0.6819819819819819 0.4566582914572866 0.09549549549549549 0.07914572864321608
1 0.6279279279279278 0.42525125628140703 0.11711711711711711 0.07663316582914573
1 0.4396396396396396 0.4522613065326633 0.1261261261261261 0.07286432160804018
1 0.5423423423423425 0.36809045226130654 0.14054054054054055 0.09547738693467334
1 0.3540540540540541 0.40703517587939697 0.0918918918918919 0.1005025125628141
1 0.46936936936936935 0.2983668341708542 0.18558558558558555 0.13190954773869343
