1 0.5167410714285714 0.41959798994974873 0.23883928571428573 0.17587939698492464
1 0.6997767857142857 0.2738693467336683 0.234375 0.1834170854271356
1 0.1517857142857143 0.4340452261306532 0.3035714285714286 0.2399497487437183
1 0.2745535714285714 0.5106783919597988 0.25 0.23241206030150752
1 0.47209821428571425 0.5207286432160804 0.171875 0.16959798994974876
1 0.6183035714285714 0.16394472361809048 0.26339285714285715 0.28517587939698497
1 0.3805803571428572 0.1972361809045226 0.25223214285714285 0.2613065326633166
1 0.1919642857142857 0.15577889447236182 0.3794642857142857 0.28391959798994976
1 0.8649553571428571 0.2657035175879396 0.26116071428571425 0.17713567839195973
1 0.3459821428571429 0.18467336683417088 0.28571428571428575 0.1633165829145729
1 0.10491071428571429 0.4170854271356785 0.20982142857142858 0.2587939698492463
