0 0.6444159178433889 0.18677792041078306 0.12323491655969195 0.1681643132220796
0 0.5905006418485236 0.10141206675224648 0.13350449293966624 0.17458279845956354
2 0.15211810012836974 0.10397946084724005 0.13735558408215662 0.13350449293966624
2 0.1874197689345314 0.20410783055198972 0.14377406931964057 0.09242618741976896
2 0.08664955070603339 0.17907573812580233 0.12708600770218229 0.10397946084724005
2 0.03915275994865212 0.08729139922978177 0.07830551989730423 0.10269576379974327
2 0.03979460847240052 0.20025673940949937 0.07958921694480103 0.07702182284980745
2 0.09306803594351734 0.028883183568677792 0.10654685494223363 0.057766367137355584
2 0.7233632862644419 0.5789473684210527 0.029525032092426188 0.04878048780487805
2 0.779204107830552 0.5815147625160462 0.02310654685494224 0.05391527599486521
2 0.7464698331193839 0.5879332477535303 0.04236200256739409 0.051347881899871634
2 0.686777920410783 0.6001283697047497 0.05391527599486521 0.057766367137355584
1 0.6367137355584083 0.6309370988446728 0.07445442875481387 0.04749679075738125
2 0.6501925545571245 0.6020539152759948 0.037227214377406934 0.038510911424903725
2 0.7304236200256742 0.6450577663671373 0.02310654685494224 0.021822849807445442
2 0.688703465982028 0.6726572528883183 0.037227214377406934 0.025673940949935817
2 0.06033376123234917 0.6611039794608472 0.0410783055198973 0.038510911424903725
1 0.07445442875481387 0.6617458279845956 0.08729139922978177 0.11424903722721437
1 0.19768934531450577 0.5693196405648266 0.1643132220795892 0.11424903722721437
1 0.17329910141206675 0.6694480102695765 0.11810012836970475 0.10654685494223363
1 0.24775353016688065 0.6367137355584083 0.07445442875481387 0.1386392811296534
1 0.1290115532734275 0.718870346598203 0.08087291399229782 0.038510911424903725
1 0.6419245142559593 0.7362751814809476 0.02068768870109677 0.013610321513879468
1 0.6473686428615111 0.6902722947640351 0.02613181730664865 0.03157594591220038
1 0.6234144769970831 0.6527078073857276 0.025042991585538216 0.023954165864427848
1 0.5825835124554447 0.6197708293221392 0.03484242307553147 0.025587404446093434
1 0.5493743279615788 0.6390974858718481 0.03593124879664182 0.0337535973544211
1 0.578500416001281 0.7052436484293024 0.02449857872498308 0.029942707330534803
1 0.6000047239932104 0.7106877770348542 0.029398294469979658 0.022320927282762346
1 0.5335863550054786 0.7335531171781716 0.0337535973544211 0.03538683593608668
1 0.6707783958653838 0.6968052490906972 0.01633238581665548 0.02068768870109677
1 0.5858499896187759 0.7409026907956666 0.023954165864427848 0.02068768870109677
1 0.557268314439629 0.7128654284770749 0.025587404446093368 0.022320927282762346
1 0.5395748964715856 0.6676791610509951 0.028309468748869294 0.017965624398320765
1 0.5210648592127094 0.6532522202462827 0.028309468748869294 0.029398294469979727
1 0.5602625851726825 0.7447135808195532 0.020687688701096846 0.020687688701096912
