2 0.5018094089264173 0.40090497737556563 0.21230398069963813 0.1520361990950226
2 0.6363088057901085 0.5371040723981899 0.16767189384800965 0.09140271493212669
2 0.5784077201447527 0.6701357466063347 0.12907117008443908 0.06063348416289593
2 0.379372738238842 0.5330316742081448 0.23039806996381182 0.1339366515837104
2 0.3214716525934861 0.6248868778280543 0.2569360675512666 0.1294117647058824
2 0.34921592279855246 0.7054298642533936 0.19662243667068757 0.08959276018099548
2 0.31001206272617615 0.8022624434389141 0.1785283474065139 0.10045248868778281
2 0.3848009650180941 0.42171945701357466 0.14475271411338964 0.11040723981900452
2 0.41676718938480095 0.3199095022624434 0.13630880579010857 0.09321266968325792
2 0.6568154402895054 0.2828054298642534 0.08082026537997584 0.07873303167420814
2 0.485524728588661 0.14343891402714934 0.15560916767189384 0.05701357466063348
2 0.6845597104945718 0.07330316742081448 0.12665862484921592 0.06334841628959276
2 0.9312424607961399 0.2561085972850679 0.05548854041013269 0.05067873303167421
1 0.758745476477684 0.1832579185520362 0.38600723763570555 0.3665158371040724
1 0.5958986731001208 0.4447963800904977 0.4776839565741858 0.48778280542986424
1 0.5446320868516284 0.8434389140271492 0.5922798552472859 0.3004524886877828
