1 0.07092819614711034 0.4191270860077023 0.14185639229422067 0.06546854942233633
1 0.07530647985989493 0.5353016688061617 0.14010507880910683 0.04621309370988448
1 0.06479859894921189 0.5917843388960206 0.12959719789842378 0.09242618741976896
1 0.5376532399299474 0.8863928112965342 0.29422066549912435 0.22207958921694482
1 0.31961471103327493 0.7670089858793324 0.18739054290718038 0.06290115532734275
1 0.5061295971978985 0.7439024390243903 0.2381786339754816 0.06033376123234916
1 0.5551663747810858 0.6456996148908857 0.2136602451838879 0.13093709884467267
1 0.5464098073555167 0.6103979460847241 0.2521891418563923 0.03979460847240052
1 0.446584938704028 0.6829268292682926 0.12609457092819615 0.07958921694480103
1 0.2670753064798599 0.7432605905006419 0.12084063047285461 0.12066752246469832
1 0.2854640980735551 0.7766367137355584 0.10157618213660244 0.14377406931964057
1 0.22854640980735552 0.6617458279845957 0.19439579684763572 0.03979460847240052
1 0.19789842381786335 0.7008985879332477 0.1506129597197898 0.12836970474967907
1 0.2714535901926445 0.5436456996148908 0.14711033274956217 0.08600770218228501
1 0.34500875656742563 0.5442875481386392 0.10507880910683012 0.06418485237483953
1 0.47197898423817863 0.5231065468549423 0.2119089316987741 0.10141206675224644
1 0.30385288966725044 0.4216944801026958 0.18038528896672504 0.1116816431322208
1 0.8861646234676007 0.38125802310654683 0.12959719789842378 0.10012836970474968
1 0.9649737302977235 0.2843388960205392 0.07005253940455342 0.09114249037227214
1 0.30998248686514884 0.11617458279845959 0.3117338003502627 0.055198973042362
1 0.6838879159369528 0.11424903722721436 0.3380035026269702 0.0821566110397946
1 0.3852889667250438 0.08857509627727855 0.20315236427320488 0.12836970474967907
1 0.6549912434325745 0.27599486521180994 0.15411558669001751 0.15661103979460847
1 0.6777583187390541 0.2227214377406932 0.19264448336252188 0.09627727856225927
1 0.659369527145359 0.055840821566110393 0.2119089316987741 0.05006418485237484
1 0.44921190893169877 0.2734274711168164 0.0753064798598949 0.21822849807445444
1 0.3887915936952714 0.25673940949935814 0.10157618213660244 0.18228498074454427
1 0.30647985989492116 0.2163029525032093 0.19964973730297722 0.10397946084724005
