0 0.1302475780409042 0.6840688912809471 0.10979547900968784 0.1797631862217438
0 0.24973089343379976 0.7039827771797633 0.11410118406889128 0.19590958019375673
0 0.2158234660925727 0.8972012917115176 0.14747039827771802 0.16684607104413351
0 0.0828848223896663 0.8729817007534985 0.12271259418729817 0.1786867599569429
0 0.14531754574811626 0.8143164693218514 0.07965554359526372 0.14747039827771802
0 0.5715823466092573 0.5376749192680301 0.116254036598493 0.05059203444564048
0 0.5974165769644779 0.5780409041980624 0.10979547900968784 0.06027987082884822
0 0.6097954790096878 0.3202368137782562 0.19483315392895587 0.14531754574811626
0 0.765877287405813 0.2642626480086113 0.21205597416576963 0.17761033369214208
0 0.8708288482238966 0.18945102260495156 0.23896663078579117 0.17222820236813777
0 0.10333692142088267 0.04090419806243272 0.11410118406889128 0.04951560818083961
0 0.08073196986006458 0.07696447793326157 0.11194833153928956 0.04628632938643703
