2 0.8431137724550901 0.9185303514376996 0.1029940119760479 0.11182108626198083
2 0.8059880239520959 0.6349840255591055 0.0694610778443114 0.10702875399361023
2 0.7598802395209581 0.4656549520766773 0.07305389221556886 0.08146964856230031
2 0.7083832335329343 0.43370607028753994 0.08982035928143713 0.10063897763578275
2 0.7107784431137726 0.6094249201277955 0.05868263473053892 0.062300319488817875
2 0.7035928143712574 0.6677316293929713 0.06107784431137724 0.07028753993610223
2 0.6425149700598801 0.6956869009584665 0.04431137724550898 0.07188498402555912
2 0.567065868263473 0.5535143769968051 0.20239520958083826 0.2539936102236422
2 0.6119760479041916 0.3019169329073483 0.12934131736526946 0.18849840255591055
2 0.511377245508982 0.30670926517571884 0.1437125748502994 0.1693290734824281
2 0.6089820359281437 0.4065495207667731 0.07065868263473053 0.0463258785942492
2 0.45808383233532934 0.47204472843450473 0.12095808383233533 0.12619808306709265
2 0.4137724550898203 0.3690095846645367 0.10179640718562874 0.11501597444089456
2 0.2958083832335329 0.40894568690095845 0.1437125748502994 0.17891373801916932
2 0.4203592814371257 0.08226837060702875 0.17964071856287425 0.1645367412140575
2 0.27245508982035926 0.06869009584664537 0.12335329341317365 0.13738019169329074
2 0.22275449101796405 0.16932907348242815 0.09341317365269461 0.14376996805111825
2 0.13413173652694613 0.3386581469648562 0.1317365269461078 0.1757188498402556
2 0.04550898203592815 0.44968051118210867 0.0910179640718563 0.15175718849840256
2 0.04550898203592814 0.30431309904153353 0.08862275449101796 0.1485623003194888
2 0.1473053892215569 0.051118210862619806 0.12455089820359282 0.09904153354632587
2 0.10059880239520957 0.13258785942492013 0.20119760479041915 0.26517571884984026
