0 0.2615715823466092 0.7093649085037675 0.23681377825618946 0.36167922497308935
0 0.433799784714747 0.7115177610333692 0.12917115177610333 0.38536060279870826
0 0.2798708288482239 0.906350914962325 0.2238966630785791 0.18729817007534988
0 0.4418729817007535 0.9020452099031216 0.1108719052744887 0.19590958019375673
2 0.5941872981700754 0.6496232508073198 0.13993541442411195 0.11733046286329386
2 0.6587728740581269 0.5742734122712594 0.10333692142088267 0.11302475780409042
2 0.564585575888052 0.5522066738428417 0.12809472551130233 0.10333692142088294
2 0.6480086114101185 0.7109795479009686 0.09687836383207751 0.08073196986006458
2 0.6969860064585574 0.6587728740581272 0.10010764262648009 0.10118406889128095
2 0.7222820236813782 0.56243272335845 0.04520990312163581 0.10871905274488693
2 0.7206673842841766 0.7195909580193757 0.04628632938643703 0.05705059203444564
2 0.577502691065662 0.7384284176533907 0.08719052744886975 0.02798708288482239
1 0.6216361679224971 0.25511302475780406 0.11087190527448916 0.10764262648008606
2 0.6668460710441328 0.2653390742734123 0.02906350914962311 0.04413347685683523
2 0.6270182992465018 0.08234660925726586 0.041980624327233575 0.03982777179763186
2 0.5592034445640474 0.07534983853606027 0.03982777179763186 0.03013993541442411
2 0.6695371367061353 0.14155005382131325 0.03229278794402583 0.03336921420882669
1 0.601184068891281 0.08988159311087189 0.1603875134553283 0.13885898815931108
1 0.5376749192680301 0.18030139935414424 0.07642626480086114 0.08719052744886975
2 0.05059203444564048 0.06297093649085037 0.07534983853606028 0.08503767491926803
2 0.08127018299246502 0.025296017222820245 0.04413347685683532 0.04413347685683532
2 0.06835306781485469 0.10818083961248655 0.059203444564047365 0.04843918191603876
2 0.015069967707212058 0.1178686759956943 0.02583423035522067 0.03552206673842842
2 0.09311087190527449 0.06673842841765339 0.013993541442411194 0.03013993541442411
2 0.012917115177610333 0.027987082884822385 0.023681377825618945 0.04090419806243271
2 0.04413347685683531 0.015608180839612486 0.04305705059203444 0.024757804090419805
2 0.006996770721205597 0.07857911733046287 0.013993541442411194 0.03659849300322929
