2 0.25690607734806625 0.8231827111984283 0.1734806629834254 0.275049115913556
2 0.35248618784530394 0.6905697445972495 0.05303867403314917 0.14341846758349705
2 0.39502762430939237 0.8388998035363457 0.11602209944751381 0.2475442043222004
2 0.47403314917127076 0.7367387033398822 0.07513812154696133 0.22396856581532418
2 0.3734806629834255 0.6011787819253438 0.13038674033149172 0.22396856581532418
2 0.4331491712707182 0.4803536345776031 0.112707182320442 0.21414538310412573
2 0.3558011049723757 0.40962671905697445 0.10828729281767956 0.18271119842829076
2 0.4480662983425415 0.2917485265225933 0.10939226519337016 0.23772102161100198
2 0.5314917127071823 0.39980353634577603 0.0861878453038674 0.1512770137524558
2 0.5624309392265194 0.587426326129666 0.13922651933701705 0.3339882121807466
2 0.703867403314917 0.713163064833006 0.13259668508287292 0.349705304518664
2 0.7287292817679556 0.3163064833005894 0.09613259668508284 0.27111984282907664
2 0.8187845303867403 0.19253438113948917 0.20552486187845304 0.30648330058939094
