1 0.08671586715867159 0.15682656826568261 0.16974169741697417 0.2841328413284132
0 0.6974169741697418 0.23616236162361626 0.2066420664206642 0.12177121771217711
0 0.4225092250922509 0.8800738007380078 0.15867158671586715 0.23247232472324733
0 0.6515623239696642 0.6320296513531355 0.05670775920927702 0.10837482871106285
0 0.6855869794952305 0.7221319798745424 0.046626379794294424 0.0718298283317508
0 0.6011554268947511 0.7662380148150912 0.06174844891676831 0.1247570702604096
0 0.5501184436064018 0.7473354284119987 0.05544758678240427 0.11467569084542689
0 0.5444476676854741 0.82609620509155 0.044106034940548836 0.05040689707491298
0 0.5784723232110397 0.8468890501349517 0.06174844891676912 0.07182982833175075
0 0.6717250827996294 0.6540826688234097 0.034024655525566244 0.05922810406302272
0 0.6685746517324472 0.7038594796848865 0.03276448309869349 0.04536620736742158
0 0.5929643061200779 0.82609620509155 0.03528482795243897 0.05544758678240416
