0 0.5193003618817853 0.4959276018099547 0.5295536791314838 0.6099547511312217
0 0.3057901085645356 0.7778280542986425 0.39927623642943305 0.281447963800905
0 0.22376357056694815 0.5076923076923077 0.24487334137515085 0.17194570135746606
0 0.2340168878166466 0.3570135746606335 0.29674306393244876 0.21447963800904976
0 0.44028950542822676 0.1936651583710407 0.24607961399276235 0.18280542986425338
0 0.7406513872135102 0.21312217194570138 0.29191797346200243 0.1475113122171946
0 0.890832328106152 0.3004524886877828 0.20386007237635706 0.24434389140271492
0 0.8299155609167674 0.3895927601809954 0.16646562123039807 0.18009049773755656
0 0.8781664656212307 0.5556561085972851 0.16405307599517496 0.23529411764705876
0 0.7002412545235223 0.09004524886877827 0.2955367913148372 0.1276018099547511
0 0.46863691194209894 0.04886877828054299 0.21351025331724968 0.09773755656108599
0 0.28829915560916775 0.07104072398190045 0.26537997587454765 0.1420814479638009
0 0.9125452352231604 0.7366515837104072 0.15560916767189384 0.19366515837104076
