2 0.3535911602209945 0.6025073746312686 0.10165745856353592 0.1224188790560472
2 0.3464088397790055 0.7337758112094395 0.15138121546961325 0.12536873156342185
2 0.6232044198895028 0.6880530973451328 0.12154696132596685 0.11061946902654868
2 0.7613259668508289 0.6371681415929203 0.11712707182320442 0.13864306784660768
2 0.8143646408839779 0.5390855457227137 0.10607734806629834 0.13716814159292035
2 0.656353591160221 0.3200589970501475 0.143646408839779 0.13274336283185842
2 0.7022099447513814 0.2433628318584071 0.10939226519337016 0.13864306784660768
2 0.6906077348066301 0.1172566371681416 0.11712707182320442 0.11651917404129794
2 0.5955801104972375 0.08407079646017697 0.10828729281767956 0.11504424778761059
2 0.5767955801104973 0.2131268436578171 0.16353591160220998 0.15781710914454278
2 0.5138121546961326 0.24778761061946902 0.11933701657458563 0.12389380530973451
2 0.27679558011049726 0.13938053097345132 0.16022099447513816 0.1224188790560472
2 0.37348066298342547 0.28023598820059 0.12154696132596685 0.08259587020648967
2 0.4011049723756907 0.35398230088495575 0.0994475138121547 0.12094395280235988
2 0.35690607734806634 0.40855457227138636 0.0861878453038674 0.17404129793510326
2 0.25524861878453037 0.3805309734513274 0.112707182320442 0.09734513274336283
2 0.2270718232044199 0.31563421828908556 0.14254143646408843 0.11799410029498525
2 0.2259668508287293 0.23820058997050148 0.13812154696132597 0.09587020648967554
