0 0.5712574850299401 0.4265957446808511 0.4119760479041916 0.3638297872340426
0 0.659880239520958 0.775531914893617 0.33532934131736525 0.448936170212766
0 0.2568862275449101 0.49680851063829784 0.17125748502994007 0.48723404255319147
0 0.9293413173652694 0.4170212765957447 0.14131736526946106 0.4340425531914894
0 0.7269461077844313 0.14255319148936174 0.3856287425149701 0.2851063829787235
0 0.3910179640718563 0.19574468085106386 0.2694610778443114 0.3829787234042554
0 0.8838323353293415 0.7414893617021278 0.23233532934131737 0.3638297872340426
0 0.7736526946107783 0.43297872340425536 0.17964071856287425 0.3170212765957447
0 0.48203592814371254 0.6138297872340425 0.25269461077844313 0.2148936170212766
0 0.43413173652694614 0.8627659574468086 0.2359281437125748 0.2531914893617021
