2 0.30193756727664156 0.22927879440258347 0.19483315392895587 0.20236813778256205
2 0.45640473627556516 0.1264800861141012 0.08826695371367065 0.21205597416576963
2 0.31969860064585576 0.3466092572658773 0.16576964477933268 0.14639397201291715
2 0.44994617868675996 0.31808396124865446 0.09687836383207751 0.1689989235737352
0 0.06566200215285253 0.6356297093649084 0.12055974165769644 0.12378902045209901
0 0.11679224973089344 0.566200215285253 0.08719052744886975 0.11410118406889128
0 0.19160387513455335 0.5990312163616792 0.08826695371367065 0.12809472551130247
0 0.2696447793326157 0.588805166846071 0.09364908503767494 0.13132400430570507
1 0.5909580193756728 0.7120559741657696 0.155005382131324 0.1754574811625403
2 0.5172228202368138 0.6108719052744886 0.04628632938643703 0.05489773950484392
2 0.5522066738428418 0.651237890204521 0.04520990312163617 0.06027987082884822
0 0.7621097954790095 0.2443487621097954 0.2109795479009687 0.12917115177610325
0 0.601184068891281 0.08342303552206673 0.15392895586652314 0.10010764262648009
0 0.7987082884822388 0.12917115177610333 0.18083961248654468 0.09903121636167926
0 0.670075349838536 0.13885898815931103 0.14101184068891276 0.10548977395048437
