2 0.5482573726541554 0.20982142857142855 0.3297587131367293 0.12678571428571425
2 0.32171581769436997 0.26339285714285715 0.3056300268096514 0.10178571428571428
2 0.7252010723860589 0.30267857142857146 0.2386058981233244 0.13392857142857142
2 0.5737265415549597 0.30714285714285705 0.18766756032171583 0.1
2 0.4396782841823056 0.3723214285714286 0.2520107238605898 0.09107142857142855
2 0.4906166219839142 0.4651785714285714 0.2949061662198391 0.14821428571428572
2 0.6689008042895443 0.39017857142857154 0.26005361930294907 0.11607142857142858
2 0.7613941018766757 0.49196428571428574 0.19302949061662267 0.09821428571428575
2 0.619302949061662 0.5330357142857143 0.29490616621983906 0.15178571428571433
2 0.7640750670241286 0.6000000000000001 0.3646112600536194 0.14642857142857144
2 0.8016085790884718 0.6303571428571427 0.20911528150134054 0.12857142857142853
2 0.4973190348525469 0.6651785714285712 0.2761394101876677 0.1660714285714292
2 0.2439678284182305 0.6008928571428572 0.2734584450402146 0.15178571428571405
2 0.2640750670241287 0.5223214285714286 0.3190348525469169 0.13392857142857142
2 0.18230563002680966 0.6392857142857142 0.13941018766756033 0.08571428571428572
