0 0.08673469387755103 0.5546647230320699 0.097667638483965 0.10932944606413994
0 0.04008746355685131 0.6516034985422741 0.08017492711370262 0.1282798833819242
0 0.1763848396501458 0.6610787172011663 0.07871720116618079 0.12682215743440228
0 0.11005830903790087 0.64067055393586 0.08017492711370262 0.13556851311953352
0 0.16982507288629742 0.5721574344023325 0.11807580174927114 0.0976676384839647
0 0.18221574344023322 0.20408163265306123 0.1720116618075801 0.16326530612244924
0 0.08454810495626823 0.19314868804664725 0.12536443148688048 0.1588921282798834
0 0.17201166180758018 0.3389212827988338 0.17492711370262393 0.1618075801749271
0 0.22886297376093295 0.4205539358600583 0.17201166180758018 0.14723032069970846
0 0.25437317784256563 0.11370262390670552 0.1793002915451895 0.13411078717201166
0 0.28644314868804666 0.21720116618075802 0.18221574344023325 0.1370262390670554
0 0.6377551020408163 0.6946064139941691 0.13556851311953352 0.07725947521865889
1 0.5332576003818038 0.06645526198711896 0.014157980546789645 0.03277310311756806
1 0.5446626402667178 0.07432080673533534 0.018615122570778617 0.03749242996649789
1 0.5676038124490154 0.08100651977131923 0.023596634244648973 0.036705875491676226
1 0.6113886782140865 0.08428383008307605 0.019401677045600314 0.04168738716554658
1 0.5892340605066106 0.07471408397274615 0.0186151225707787 0.034084027242270803
1 0.5606559145880894 0.026209891358745414 0.01442016537172991 0.01835293774583813
1 0.5821550702332157 0.03014266373285356 0.018090752920897755 0.02254789494488682
1 0.6054895196529244 0.030273756145323856 0.010749577822562322 0.02490755836935174
1 0.6149281733507839 0.02699644583356705 0.010749577822562322 0.019926046695481394
1 0.6370827910582598 0.03931913260577263 0.02726722179381661 0.015731089496432676
1 0.6058827968903351 0.05767207035161077 0.02674285214393559 0.020974785995243578
1 0.5818928854082752 0.04954434077845388 0.02281007976982736 0.015206719846551581
1 0.5218525604968903 0.04167879603023755 0.017566383271016495 0.016255459146313773
1 0.5530525546648151 0.10879811121501695 0.02071260117030303 0.02307226459476793
1 0.5147735702234958 0.10892920362748722 0.021761340470065237 0.022285710119946317
1 0.6503231247177569 0.06920820264899438 0.01861512257077766 0.02779159144369763
