0 0.09580193756727663 0.6829268292682926 0.13347685683530677 0.2783357245337159
0 0.6114101184068891 0.5114777618364419 0.12917115177610333 0.2682926829268293
0 0.33046286329386443 0.5753228120516499 0.09472551130247578 0.16642754662840745
0 0.2023681377825619 0.5573888091822096 0.1054897739504844 0.20516499282639886
0 0.2707212055974166 0.5043041606886658 0.08288482238966634 0.17647058823529413
0 0.21905274488697526 0.3393113342898135 0.09580193756727665 0.25107604017216645
0 0.1636167922497309 0.30559540889526543 0.08826695371367065 0.16929698708751795
0 0.06458557588805167 0.09253945480631277 0.08396124865446715 0.15351506456241032
0 0.03552206673842842 0.07460545193687232 0.07104413347685684 0.1291248206599713
0 0.2045209903121636 0.15781922525107603 0.08611410118406888 0.16355810616929697
0 0.2890204520990312 0.1671449067431851 0.059203444564047365 0.13055954088952654
0 0.2454251883745964 0.11621233859397417 0.0581270182992465 0.12625538020086083
0 0.41496232508073194 0.27187948350071733 0.11948331539289558 0.21377331420373033
0 0.5037674919268029 0.20373027259684362 0.077502691065662 0.16929698708751795
0 0.4967707212055974 0.34218077474892394 0.11302475780409042 0.2109038737446198
0 0.3665231431646932 0.3701578192252511 0.10656620021528525 0.13199426111908177
0 0.3455328310010764 0.20946915351506454 0.07104413347685684 0.24390243902439024
0 0.4461786867599569 0.12195121951219512 0.0914962325080732 0.21807747489239598
0 0.3686759956942949 0.08464849354375895 0.08934337997847144 0.16642754662840745
0 0.667384284176534 0.36226685796269725 0.08396124865446715 0.2223816355810617
0 0.8347685683530678 0.29340028694404596 0.10010764262648009 0.20229555236728838
0 0.8606027987082885 0.42898134863701587 0.10441334768568353 0.18651362984218078
0 0.7648008611410119 0.4598278335724534 0.06566200215285253 0.13055954088952654
0 0.8003229278794405 0.5071736011477762 0.10226049515608182 0.16499282639885218
0 0.933799784714747 0.32926829268292684 0.08719052744886975 0.2453371592539455
0 0.7717976318622175 0.23529411764705885 0.08396124865446715 0.21807747489239598
0 0.6867599569429494 0.2302725968436155 0.09257265877287406 0.18220946915351507
0 0.7163616792249736 0.4361549497847921 0.12163616792249736 0.24103299856527968
