2 0.4467065868263474 0.5615015974440895 0.20119760479041915 0.26996805111821087
2 0.7119760479041919 0.41054313099041534 0.13532934131736526 0.19169329073482427
2 0.5964071856287425 0.36741214057507987 0.09580838323353297 0.13099041533546324
2 0.5401197604790419 0.4456869009584664 0.11017964071856287 0.1277955271565495
2 0.4778443113772455 0.3130990415335464 0.1508982035928144 0.17252396166134182
2 0.38023952095808383 0.30910543130990414 0.118562874251497 0.17092651757188498
2 0.3844311377245509 0.4033546325878594 0.059880239520958084 0.05591054313099041
2 0.29101796407185626 0.4408945686900958 0.07904191616766469 0.10543130990415335
2 0.22634730538922151 0.4664536741214057 0.10059880239520957 0.09904153354632587
2 0.19940119760479041 0.6357827476038338 0.08742514970059884 0.0926517571884984
2 0.28742514970059885 0.6078274760383385 0.047904191616766484 0.05910543130990416
2 0.29281437125748505 0.6749201277955271 0.0562874251497006 0.06869009584664537
2 0.34850299401197604 0.6853035143769968 0.05748502994011976 0.07667731629392971
2 0.15209580838323353 0.9321086261980831 0.08622754491017964 0.08146964856230031
2 0.5904191616766468 0.07028753993610223 0.17005988023952096 0.14057507987220447
2 0.71437125748503 0.05910543130990416 0.13532934131736526 0.11821086261980832
2 0.8449101796407186 0.07827476038338659 0.1377245508982036 0.15654952076677317
2 0.8928143712574851 0.1477635782747604 0.21437125748502994 0.2955271565495208
2 0.8550898203592817 0.3506389776357828 0.12694610778443113 0.16773162939297126
2 0.9455089820359283 0.45127795527156556 0.1089820359281437 0.19329073482428114
