0 0.15725288831835688 0.5635430038510912 0.08087291399229782 0.10526315789473685
0 0.05969191270860077 0.5648267008985879 0.11938382541720154 0.0693196405648267
0 0.06354300385109117 0.6456996148908858 0.0885750962772786 0.11810012836970475
0 0.1251604621309371 0.6418485237483954 0.07573812580231065 0.110397946084724
0 0.19897304236200256 0.6418485237483954 0.07445442875481387 0.11296534017971759
0 0.7432605905006417 0.20603337612323494 0.18228498074454427 0.2374839537869063
0 0.5693196405648266 0.22207958921694482 0.12965340179717585 0.2336328626444159
0 0.5449293966623877 0.4139922978177149 0.12965340179717585 0.1245186136071887
0 0.817715019255456 0.07317073170731708 0.19768934531450572 0.13350449293966624
0 0.8202824133504494 0.33440308087291404 0.3594351732991015 0.31450577663671375
2 0.634788189987163 0.6444159178433889 0.06033376123234916 0.07958921694480103
2 0.7002567394094996 0.5898587933247754 0.06546854942233633 0.06290115532734275
2 0.6822849807445442 0.5346598202824133 0.08087291399229782 0.057766367137355584
2 0.7528883183568681 0.5943517329910142 0.0885750962772786 0.0410783055198973
2 0.7445442875481386 0.5551989730423621 0.030808729139922986 0.052631578947368425
2 0.7811296534017971 0.5558408215661105 0.07317073170731705 0.043645699614890884
2 0.7939666238767651 0.6123234916559692 0.06546854942233633 0.06161745827984597
2 0.7233632862644416 0.6534017971758663 0.06290115532734275 0.051347881899871634
2 0.7625160462130934 0.6912708600770219 0.09242618741976896 0.04492939666238769
2 0.8093709884467263 0.7098844672657253 0.08600770218228501 0.051347881899871634
2 0.7182284980744545 0.7483953786906291 0.057766367137355584 0.07702182284980745
2 0.782413350449294 0.7689345314505779 0.06546854942233633 0.04621309370988448
2 0.8222079589216945 0.7670089858793322 0.06033376123234916 0.06033376123234916
2 0.6623876765083441 0.5905006418485237 0.06418485237483953 0.0821566110397946
2 0.5263157894736842 0.5956354300385109 0.03337612323491656 0.043645699614890884
1 0.2169448010269576 0.23812580231065467 0.038510911424903725 0.04749679075738125
1 0.2182284980744544 0.026957637997432605 0.030808729139922986 0.04878048780487805
1 0.24454428754813864 0.025673940949935817 0.04236200256739409 0.038510911424903725
1 0.2503209242618742 0.051989730423620026 0.03337612323491656 0.03979460847240052
1 0.2958921694480103 0.04621309370988448 0.05006418485237484 0.04621309370988448
1 0.17586649550706032 0.24775353016688062 0.03594351732991014 0.051347881899871634
1 0.1258023106546855 0.2458279845956354 0.0410783055198973 0.04236200256739409
1 0.10911424903722722 0.23491655969191272 0.03594351732991014 0.0410783055198973
1 0.22143774069319633 0.26636713735558404 0.04749679075738125 0.03209242618741977
1 0.18035943517329908 0.2708600770218228 0.03465982028241335 0.03594351732991014
1 0.1335044929396662 0.4107830551989729 0.07445442875481387 0.051347881899871634
1 0.21373555840821568 0.40821566110397944 0.04492939666238769 0.03594351732991014
1 0.2650834403080873 0.37483953786906277 0.052631578947368425 0.04621309370988448
1 0.21052631578947367 0.3716302952503209 0.0410783055198973 0.052631578947368425
1 0.22913992297817715 0.4390243902439025 0.057766367137355584 0.038510911424903725
1 0.17008985879332478 0.06803594351732992 0.052631578947368425 0.059050064184852376
1 0.12451861360718869 0.08151476251604621 0.04621309370988448 0.04749679075738125
1 0.13350449293966624 0.12002567394094994 0.03594351732991014 0.04492939666238769
1 0.17907573812580227 0.11553273427471114 0.052631578947368425 0.038510911424903725
1 0.28048780487804875 0.16944801026957637 0.03979460847240052 0.03594351732991014
1 0.25353016688061614 0.2041078305519898 0.03979460847240052 0.038510911424903725
1 0.14762516046213092 0.460847240051348 0.0410783055198973 0.06161745827984597
1 0.17907573812580233 0.44415917843388963 0.029525032092426188 0.03594351732991014
1 0.11553273427471118 0.17008985879332478 0.05391527599486521 0.037227214377406934
1 0.09563543003851091 0.11745827984595636 0.06290115532734275 0.04749679075738125
1 0.06097560975609756 0.059691912708600775 0.05006418485237484 0.03979460847240052
1 0.3292682926829268 0.014120667522464698 0.06033376123234916 0.028241335044929396
1 0.15468549422336328 0.3543003851091142 0.03465982028241335 0.03594351732991014
