0 0.16634050880626222 0.22113502935420742 0.15655577299412915 0.28180039138943247
0 0.22211350293542093 0.6634050880626222 0.27592954990215296 0.16438356164383564
2 0.6039371139664934 0.0341435929938239 0.11247301221494935 0.05824495275417019
2 0.6581651734272725 0.09690755070305902 0.12050679880173144 0.12351946877177472
2 0.5441858262273016 0.09640543904138513 0.0893758757779508 0.10042233233477617
2 0.5316330346854545 0.19883621802285686 0.05824495275417025 0.0863632058079075
2 0.5878695407929292 0.1822665331876188 0.09439699239468964 0.10544344895151499
2 0.68628342648101 0.20687000460963895 0.12452369209512237 0.09038009910129857
2 0.5471984961973451 0.042177379580606 0.07531674925108217 0.07230407928103887
1 0.5480995044935071 0.5671797476371145 0.08435475916121205 0.08435475916121205
2 0.7805772038485139 0.5480995044935072 0.18176442152594496 0.0984138856880807
2 0.6364711569481103 0.6193993604511981 0.12452369209512248 0.14661660520877334
2 0.768024412306667 0.6866823231154983 0.07029563263434327 0.11247301221494935
2 0.6706147499419342 0.746935722516364 0.16067573173564187 0.1084561189215582
2 0.6605725167084565 0.8418348265727275 0.06828718598764785 0.07531674925108209
2 0.7484420575013857 0.907109342590332 0.14762082853212102 0.12351946877177472
2 0.6495260601516311 0.9387423772757865 0.08435475916121193 0.10644767227486279
2 0.7429188292229728 0.7820835388335355 0.0642702926942567 0.06828718598764777
