1 0.037125748502994015 0.39542483660130723 0.047904191616766484 0.07189542483660132
1 0.0658682634730539 0.4681372549019609 0.0407185628742515 0.04084967320261437
1 0.09461077844311377 0.42401960784313725 0.04550898203592815 0.05392156862745099
1 0.10179640718562874 0.5179738562091503 0.04311377245508982 0.03594771241830066
1 0.1347305389221557 0.46895424836601296 0.039520958083832346 0.0196078431372549
1 0.17664670658682635 0.5016339869281046 0.04431137724550898 0.042483660130718956
1 0.16167664670658685 0.5498366013071897 0.04311377245508982 0.04084967320261437
1 0.24191616766467067 0.49428104575163395 0.0694610778443114 0.1715686274509804
1 0.21137724550898207 0.6846405228758169 0.20718562874251498 0.0915032679738562
1 0.33652694610778444 0.43790849673202614 0.0694610778443114 0.14379084967320263
1 0.6089820359281437 0.7998366013071895 0.06347305389221557 0.16503267973856206
1 0.5658682634730539 0.8676470588235294 0.05149700598802395 0.23529411764705876
1 0.4437125748502994 0.8431372549019608 0.039520958083832346 0.28104575163398693
1 0.4293413173652696 0.9174836601307189 0.118562874251497 0.16503267973856206
1 0.2868263473053892 0.8300653594771241 0.1377245508982036 0.10457516339869281
1 0.34431137724550903 0.7859477124183007 0.08502994011976048 0.19607843137254904
1 0.3970059880239522 0.5334967320261438 0.0658682634730539 0.2565359477124182
1 0.31736526946107785 0.5482026143790848 0.059880239520958084 0.11274509803921572
1 0.4898203592814371 0.5024509803921569 0.11976047904191617 0.24673202614379086
1 0.5772455089820359 0.6625816993464052 0.081437125748503 0.09313725490196079
1 0.9 0.6919934640522877 0.05149700598802395 0.33169934640522875
1 0.8467065868263473 0.6617647058823529 0.03592814371257485 0.2450980392156862
1 0.7862275449101798 0.6462418300653596 0.10419161676646707 0.2892156862745099
1 0.6275449101796405 0.0915032679738562 0.059880239520958084 0.1830065359477124
1 0.6598802395209582 0.43954248366013077 0.081437125748503 0.06535947712418302
1 0.7113772455089822 0.6339869281045751 0.13652694610778443 0.15359477124183007
1 0.7053892215568862 0.5620915032679739 0.10538922155688622 0.10784313725490198
1 0.7047904191616766 0.35049019607843135 0.13053892215568866 0.16503267973856206
1 0.760479041916168 0.33578431372549017 0.06706586826347305 0.23039215686274508
1 0.9005988023952095 0.3145424836601307 0.059880239520958084 0.35457516339869277
1 0.832934131736527 0.39542483660130723 0.06826347305389222 0.19607843137254904
1 0.9305389221556887 0.6470588235294117 0.12455089820359282 0.1633986928104575
