1 0.6830680173661361 0.1411764705882353 0.30680173661360344 0.24434389140271492
1 0.4688856729377713 0.37647058823529406 0.37626628075253243 0.2624434389140272
1 0.613603473227207 0.4968325791855204 0.4081041968162085 0.269683257918552
1 0.7424023154848046 0.6647058823529411 0.36468885672937773 0.2416289592760181
1 0.1968162083936324 0.9072398190045249 0.341534008683068 0.16923076923076924
1 0.5506512301013026 0.8728506787330317 0.28509406657018815 0.2235294117647059
1 0.49059334298118673 0.6963800904977375 0.13024602026049203 0.0986425339366516
1 0.18306801736613604 0.5719457013574661 0.14037626628075253 0.08144796380090497
1 0.15918958031837915 0.7262443438914028 0.13892908827785816 0.08054298642533936
1 0.08104196816208394 0.697285067873303 0.10419681620839363 0.08235294117647057
1 0.0658465991316932 0.5950226244343892 0.10564399421128799 0.08959276018099548
1 0.256150506512301 0.5063348416289593 0.1447178002894356 0.10045248868778281
