0 0.20018450184501846 0.238929889298893 0.2011070110701107 0.11623616236162361
0 0.07642822438814112 0.5493131128134362 0.11070110701107011 0.08118081180811808
0 0.0567289249667991 0.6122841480377332 0.10250329890552665 0.05868509479324049
0 0.10742368364834687 0.6793653684763394 0.11183097671256745 0.060250030654393445
0 0.16314456352520845 0.5856802383981307 0.1134578499335982 0.06650977409900687
0 0.24334752640930385 0.6267598047533992 0.11267538200302168 0.06572730616842942
0 0.2331754433118088 0.5747256873700595 0.09233121580803166 0.05086041548747513
0 0.21244004315152992 0.6932695788524044 0.08528900443284267 0.05477275514035822
0 0.2672127982918883 0.7147874469432601 0.08059419684938357 0.028951313431331976
0 0.038732162563538716 0.6533637143930018 0.03990586445940353 0.018779230333836987
2 0.7112633488940746 0.5919429742043346 0.01564935861153082 0.01956169826441348
2 0.7125914878730738 0.6145675716151469 0.013652012208238095 0.01565966106239077
2 0.6533658466755701 0.595896437271527 0.02047801831235714 0.0208795480831877
2 0.624455703175772 0.6049308571152142 0.017265780145712898 0.019674958770696135
2 0.6196373459258054 0.6199882235213592 0.01806883968737401 0.01686425037488234
2 0.6477444298839427 0.621393577719266 0.01565966106239077 0.014856601520729661
2 0.6603926176651045 0.6240035212296645 0.01445507174989921 0.016061190833221228
2 0.6632033260609183 0.6392616525212246 0.01525813129156022 0.01445507174989921
2 0.6407176588944082 0.6358486494691652 0.014455071749899106 0.011644363354085521
2 0.6415207184360694 0.6430761853441146 0.01445507174989921 0.014053541979068654
2 0.6373046558423489 0.6762023914376336 0.014856601520729661 0.02007648854152669
2 0.6037769199779994 0.651508310531556 0.021682607624848815 0.022887196937340273
2 0.5863103749468711 0.6577320219794291 0.018068839687373908 0.018470369458204464
2 0.6019700360092617 0.66997867998976 0.02047801831235745 0.022887196937340263
2 0.5921325566239133 0.6735924479272345 0.016864250374882338 0.022887196937340645
2 0.5931363810509903 0.696078115093745 0.02369025647900139 0.02047801831235714
2 0.5967501489884637 0.710934716614474 0.023690256479001692 0.021281077854018254
2 0.6061860986029819 0.7277989669893569 0.02328872670817093 0.025296375562323687
2 0.6258610573736777 0.7079232433332454 0.02489484579149316 0.028107083958137574
2 0.6194365810403902 0.6870436952500578 0.017667309916543347 0.02007648854152659
2 0.6087960421133792 0.6956765853229141 0.01646272060405246 0.020478018312357675
2 0.7617788847998139 0.5946918479590354 0.00923518472910218 0.012045893124915974
2 0.7698094802164247 0.5758199487300003 0.012447422895746428 0.012045893124915974
2 0.7832607275392472 0.566383999115483 0.01606119083322133 0.01565966106239077
2 0.6828782848316142 0.883391753186188 0.02730402441647619 0.03292544120810367
2 0.7063677764252003 0.8994529440194093 0.034130030520595406 0.02810708395813763
2 0.6790637520087244 0.9123018966859866 0.031720851895612315 0.028107083958137182
2 0.539779097454175 0.8329109747815414 0.018948189885492926 0.017490636817378055
2 0.557269734271553 0.8163920400095741 0.016033083749263138 0.017490636817377975
0 0.5715861156320852 0.03330338712784446 0.06790010967812941 0.038153394961996566
0 0.610062844449692 0.0633734356995875 0.05561342316494415 0.0310400501385735
0 0.6181461908399455 0.0801867961913148 0.04203340122931826 0.03233338556101404
0 0.6035961673374892 0.10379016765085505 0.04656007520786028 0.03427338869467486
0 0.6611495936360939 0.07113344823423087 0.07113344823423087 0.036213391828335724
0 0.6834596296731937 0.062403434132757084 0.0795401284800945 0.03686005953955601
0 0.6908963083522269 0.1154301864528201 0.055613423164944116 0.034273388694674896
0 0.656622919657552 0.11834019115331136 0.04914674605274141 0.027160043871251788
0 0.6720937529168111 0.141614919502464 0.05820009400982531 0.029273632812255215
0 0.6598562582136536 0.15681691997091807 0.05044008147518197 0.035566724117115464
0 0.6883096375073456 0.16037359238262955 0.04526673978541959 0.02845337929369236
0 0.7109430074000557 0.13935689176797045 0.05690675858738467 0.026513376160031476
0 0.6147374732399413 0.20938379738184557 0.0620801002771469 0.0284533792936924
0 0.6464672912027677 0.21651183723551398 0.06078676485470633 0.035775590688496395
0 0.6508029102565697 0.2075803353017101 0.05690675858738468 0.02586670844881124
0 0.6844296312400241 0.24864373496419798 0.047853410630300734 0.022633369892709858
0 0.6818429603951432 0.22407036193782734 0.04009339809565736 0.02263336989270983
0 0.6744290892486815 0.25746932713335213 0.059493429432265724 0.03077182555353728
0 0.6242895340965382 0.25608041364323114 0.04268006894053848 0.031040050138573468
0 0.6346362174760625 0.2803304528139917 0.051733416897622536 0.03298005327223432
0 0.6595329243580433 0.2939104747496176 0.060140097143486025 0.03298005327223412
0 0.7203196892127502 0.006466677112202808 0.038153394961996615 0.012933354224405615
0 0.72064302306836 0.014550023502456317 0.04009339809565702 0.018753363625388143
