0 0.2611580217129071 0.2090497737556561 0.21592279855247287 0.21357466063348415
0 0.39987937273823887 0.16877828054298644 0.27141133896260555 0.22714932126696832
0 0.5796139927623642 0.13891402714932125 0.2834740651387213 0.2380090497737556
0 0.7472858866103741 0.1239819004524887 0.30518697225572977 0.24253393665158376
0 0.7442702050663449 0.364253393665158 0.2581423401688776 0.26877828054298625
0 0.54583835946924 0.3633484162895928 0.19903498190591074 0.2597285067873304
0 0.3721351025331725 0.3588235294117647 0.16043425814234016 0.2253393665158371
0 0.24366706875753924 0.36606334841628957 0.17129071170084445 0.20904977375565612
0 0.23100120627261758 0.5850678733031673 0.20868516284680338 0.18733031674208145
0 0.38540410132689984 0.581447963800905 0.16284680337756327 0.20180995475113123
0 0.23160434258142337 0.7316742081447964 0.1616405307599517 0.23076923076923075
0 0.38238841978287086 0.7769230769230769 0.16646562123039807 0.22895927601809954
0 0.5271411338962606 0.8085972850678732 0.18094089264173704 0.27420814479638017
0 0.5482509047044632 0.6158371040723983 0.20868516284680338 0.23257918552036197
0 0.7569360675512665 0.6710407239819004 0.22074788902291917 0.27058823529411763
0 0.7020506634499397 0.8733031674208145 0.30156815440289503 0.25339366515837103
