1 0.2855796418473138 0.39698492462311563 0.12064090480678605 0.3592964824120603
1 0.2181903864278982 0.47801507537688437 0.11592836946277098 0.29773869346733667
1 0.4354382657869934 0.3366834170854271 0.08671065032987749 0.34170854271356776
1 0.6819038642789821 0.28454773869346733 0.14608859566446752 0.33040201005025127
1 0.5612629594721962 0.34296482412060303 0.07257304429783223 0.21608040201005024
1 0.5032987747408105 0.38756281407035176 0.07728557964184732 0.19974874371859297
1 0.8157398680490104 0.670854271356784 0.22148916116870876 0.1809045226130654
1 0.6767200754005656 0.5471105527638191 0.10179076343072574 0.2675879396984925
1 0.6833176248821867 0.7757537688442211 0.10933081998114985 0.2525125628140704
1 0.41222579636151396 0.7658684401007595 0.09802073515551331 0.25376884422110574
1 0.3567389255419416 0.7763819095477387 0.14797360980207355 0.2185929648241206
1 0.5518378887841661 0.5822864321608041 0.18001885014137606 0.31532663316582915
