0 0.24162257495590825 0.13882352941176468 0.14109347442680775 0.1741176470588235
0 0.16666666666666663 0.3541176470588235 0.18165784832451495 0.36
0 0.3412698412698411 0.19294117647058817 0.18165784832451506 0.24470588235294108
0 0.5097001763668432 0.12823529411764703 0.17989417989417938 0.25647058823529406
0 0.6922398589065255 0.1564705882352941 0.2275132275132275 0.20941176470588235
0 0.9056437389770723 0.3917647058823529 0.1851851851851852 0.2611764705882353
0 0.7689594356261029 0.4023529411764705 0.30687830687830664 0.5411764705882353
0 0.8553791887125219 0.6505882352941174 0.2892416225749562 0.2847058823529409
0 0.697530864197531 0.8176470588235292 0.1675485008818343 0.36470588235294166
0 0.5776014109347443 0.8023529411764702 0.21693121693121675 0.381176470588235
0 0.3641975308641975 0.9376470588235295 0.27336860670193996 0.1247058823529412
0 0.16656815782079876 0.7040594086674368 0.21415760874985548 0.4235294117647054
0 0.3959435626102291 0.4376470588235294 0.32627865961199304 0.40941176470588253
0 0.4135802469135801 0.692941176470588 0.2768959435626102 0.3647058823529411
0 0.5661375661375668 0.28588235294117637 0.2222222222222224 0.3882352941176472
