0 0.22374429223744285 0.46020539152759943 0.17808219178082185 0.07060333761232349
0 0.5376712328767123 0.5340179717586649 0.13470319634703196 0.07188703465982028
0 0.867579908675799 0.4127086007702182 0.1050228310502283 0.057766367137355584
0 0.5228310502283104 0.9075738125802311 0.1415525114155251 0.06675224646983312
1 0.3162100456621004 0.17907573812580233 0.13926940639269406 0.0680359435173299
1 0.3721461187214611 0.14249037227214378 0.0958904109589041 0.06675224646983312
1 0.4805936073059361 0.318356867779204 0.11187214611872143 0.051347881899871634
1 0.4406392694063927 0.2650834403080873 0.1095890410958904 0.057766367137355584
1 0.7694063926940641 0.2913992297817715 0.1095890410958904 0.06161745827984597
1 0.4657534246575342 0.607188703465982 0.0958904109589041 0.0693196405648267
1 0.6506849315068496 0.5853658536585366 0.0867579908675799 0.0410783055198973
1 0.3607305936073059 0.4865211810012837 0.08219178082191778 0.04878048780487805
1 0.8664383561643835 0.48138639281129647 0.10273972602739725 0.04878048780487805
1 0.8401826484018264 0.6014120667522465 0.2054794520547945 0.07573812580231065
1 0.42579908675799083 0.8106546854942234 0.12100456621004567 0.0680359435173299
1 0.5273972602739725 0.7811296534017974 0.09132420091324199 0.052631578947368425
1 0.16210045662100456 0.6527599486521182 0.0958904109589041 0.04749679075738125
1 0.21803652968036524 0.4030808729139923 0.12557077625570778 0.059050064184852376
1 0.23630136986301362 0.3498074454428755 0.11187214611872143 0.05006418485237484
1 0.41552511415525123 0.4403080872913992 0.0867579908675799 0.04878048780487805
1 0.3891390483555663 0.864895809680967 0.26509654660288123 0.07412796282991184
1 0.5982392655958069 0.718234033759421 0.2409968605480738 0.2112248403217922
1 0.38984786265129595 0.6441060709295087 0.07088142957296287 0.04383911780263602
1 0.3054989614594701 0.7361682183150446 0.26226128941996263 0.24390490995648442
1 0.17933001681959612 0.5978757285194561 0.2225676888591035 0.19209504346245995
1 0.3572424050477329 0.5337112015537798 0.22965583181639979 0.1259378293239365
1 0.6577796664370957 0.5408848753760293 0.18145645970678498 0.14825592565982393
1 0.8406537547353399 0.5361024261611963 0.25517314646266637 0.08448993612871686
1 0.6790440953089844 0.4037879978841492 0.08505771548755545 0.047824492148330296
1 0.5776836510196476 0.16546261201163656 0.11199265872528134 0.05420109110144102
1 0.6542355949584474 0.21408417902910568 0.11766317309111846 0.04304204293349722
1 0.7804045395983215 0.20093244368831484 0.06662854379858506 0.035868369111247696
1 0.28919623265768857 0.352376668824694 0.07655194393879995 0.037462518849525436
1 0.3409396762459515 0.36194156725436016 0.08080482971317765 0.03746251884952536
1 0.5365724218673291 0.39422309945448303 0.11766317309111834 0.033477144503831234
1 0.6202125087634252 0.31132731306404393 0.0921458584448517 0.03985374345694189
1 0.7839486110769696 0.3802742892445535 0.3118782901210367 0.14745885079068513
1 0.13821878766727763 0.41454850861752346 0.2509202606882886 0.20165994189212605
1 0.3388132333587627 0.27824870599478213 0.15877440224343692 0.12354660471651994
1 0.3912654912427551 0.3962157866273303 0.23249108899931825 0.15861789895862885
1 0.47844964961749953 0.14633281515230442 0.10915740154236285 0.06376598953110704
1 0.5436605648246252 0.24397448662181204 0.23674397477369613 0.12035830523996456
1 0.19634155991710728 0.23082275128102125 0.18287408829824428 0.12753197906221408
1 0.8888531268449547 0.16028162536223411 0.0283525718291852 0.03905666858780308
1 0.35015426209043665 0.1276015557275417 0.2013032599872146 0.08209871152130031
