2 0.1813186813186813 0.44597989949748745 0.19780219780219782 0.17336683417085427
2 0.11881868131868131 0.24811557788944721 0.16346153846153846 0.17462311557788943
2 0.478021978021978 0.5665829145728644 0.16208791208791207 0.17587939698492464
2 0.3695054945054945 0.738065326633166 0.14285714285714288 0.15201005025125627
2 0.46085164835164827 0.7644472361809045 0.13873626373626374 0.12939698492462312
2 0.40453296703296704 0.8749999999999998 0.13049450549450553 0.1444723618090452
2 0.4924450549450548 0.7474874371859299 0.10027472527472528 0.14572864321608037
2 0.7307692307692308 0.48743718592964824 0.1510989010989011 0.1608040201005025
2 0.679945054945055 0.5841708542713568 0.14835164835164835 0.1633165829145729
2 0.7898351648351649 0.5194723618090452 0.09340659340659341 0.1444723618090452
2 0.875 0.26444723618090454 0.1510989010989011 0.1494974874371859
2 0.4416208791208791 0.1042713567839196 0.14148351648351648 0.1206030150753769
2 0.2726648351648352 0.14572864321608037 0.15521978021978022 0.15326633165829145
2 0.40796703296703296 0.14698492462311558 0.1510989010989011 0.12814070351758794
2 0.3598901098901099 0.21356783919597996 0.09615384615384619 0.09296482412060302
2 0.9120879120879123 0.21042713567839197 0.13186813186813118 0.14949748743718588
