2 0.4266958424507659 0.5759849906191369 0.061269146608315096 0.035647279549718566
2 0.41356673960612694 0.6801125703564729 0.045951859956236324 0.03377110694183865
2 0.3774617067833697 0.6477485928705441 0.04814004376367615 0.02345215759849906
2 0.3320568927789935 0.6866791744840525 0.03172866520787746 0.028142589118198873
2 0.3227571115973742 0.7795497185741088 0.03938730853391685 0.03377110694183865
2 0.38949671772428884 0.7884615384615384 0.03938730853391685 0.03470919324577861
2 0.37472647702407 0.7185741088180113 0.02735229759299781 0.035647279549718566
2 0.4945295404814004 0.7889305816135084 0.030634573304157548 0.026266416510318955
2 0.5082056892778993 0.7617260787992496 0.02735229759299781 0.009380863039399626
2 0.5202407002188184 0.7176360225140713 0.016411378555798682 0.01876172607879925
2 0.46115973741794314 0.6984052532833022 0.02735229759299781 0.019699812382739212
2 0.47374179431072205 0.6449343339587241 0.032822757111597364 0.03095684803001876
2 0.5087527352297593 0.6500938086303938 0.019693654266958426 0.020637898686679174
2 0.5771334792122539 0.6585365853658537 0.03391684901531729 0.024390243902439025
2 0.7614879649890591 0.6350844277673546 0.028446389496717725 0.028142589118198873
2 0.7729759299781181 0.5417448405253283 0.057986870897155346 0.03470919324577861
2 0.74945295404814 0.31941838649155724 0.04376367614879648 0.04409005628517824
2 0.7653172866520788 0.18667917448405252 0.03391684901531729 0.0450281425891182
2 0.6761487964989061 0.12054409005628518 0.0262582056892779 0.025328330206378986
2 0.615973741794311 0.1969981238273921 0.032822757111597364 0.026266416510318955
2 0.6389496717724289 0.29549718574108824 0.028446389496717725 0.0300187617260788
2 0.6772428884026257 0.2847091932457786 0.0262582056892779 0.02345215759849906
2 0.27461706783369805 0.39352720450281425 0.037199124726477024 0.03470919324577861
2 0.27625820568927795 0.46529080675422135 0.022975929978118162 0.024390243902439025
2 0.17122538293216635 0.4957786116322701 0.0426695842450766 0.03658536585365853
2 0.25656455142231954 0.5136022514071295 0.022975929978118162 0.019699812382739212
2 0.22757111597374177 0.5572232645403379 0.045951859956236324 0.03189493433395872
2 0.2778993435448578 0.546904315196998 0.0262582056892779 0.024390243902439025
2 0.35229759299781194 0.4882739212007505 0.030634573304157548 0.027204502814258912
2 0.3047045951859957 0.44652908067542213 0.03172866520787746 0.04690431519699812
2 0.4206783369803064 0.47326454033771115 0.047045951859956234 0.0328330206378987
2 0.4184901531728666 0.522045028142589 0.05579868708971554 0.0328330206378987
2 0.9485776805251642 0.6106941838649156 0.030634573304157548 0.016885553470919325
2 0.9206783369803064 0.5722326454033773 0.03172866520787746 0.024390243902439025
2 0.8599562363238512 0.5952157598499064 0.030634573304157548 0.01594746716697936
2 0.8605032822757112 0.6191369606003754 0.04048140043763676 0.0225140712945591
1 0.4677242888402626 0.7945590994371483 0.5481400437636762 0.36397748592870544
1 0.3276805251641138 0.5525328330206378 0.462800875273523 0.3939962476547842
1 0.287199124726477 0.29878048780487804 0.4606126914660831 0.35553470919324576
1 0.6170678336980306 0.2983114446529081 0.35886214442013137 0.46904315196998125
1 0.8145514223194749 0.6111632270168856 0.37089715536105033 0.21106941838649157
