2 0.44221105527638194 0.585427135678392 0.28475711892797323 0.23869346733668348
2 0.6850921273031826 0.5138190954773869 0.19095477386934673 0.1407035175879397
2 0.6968174204355109 0.6231155778894473 0.2278056951423785 0.1608040201005025
2 0.5887772194304858 0.29020100502512564 0.21943048576214405 0.14824120603015076
2 0.6532663316582915 0.4057788944723618 0.18760469011725292 0.09798994974874371
2 0.535175879396985 0.4541457286432161 0.1457286432160804 0.12185929648241206
2 0.07872696817420435 0.8410804020100503 0.1440536013400335 0.11934673366834174
2 0.3576214405360134 0.8059045226130656 0.17922948073701842 0.09673366834170855
2 0.5452261306532664 0.7701005025125628 0.12227805695142376 0.1005025125628141
2 0.5871021775544388 0.7085427135678392 0.14237855946398661 0.11306532663316583
2 0.288107202680067 0.6419597989949748 0.11725293132328309 0.0678391959798995
2 0.39028475711892796 0.708542713567839 0.08375209380234507 0.06532663316582915
2 0.3257956448911223 0.7060301507537688 0.08877721943048575 0.07286432160804018
2 0.9137353433835846 0.4139447236180905 0.17252931323283083 0.17462311557788943
2 0.8685092127303182 0.11118090452261306 0.2629815745393635 0.22236180904522612
2 0.6482412060301509 0.13881909547738694 0.20100502512562815 0.15452261306532664
2 0.5427135678391961 0.07035175879396985 0.21105527638190952 0.1407035175879397
2 0.6934673366834171 0.06909547738693467 0.15075376884422112 0.13819095477386933
2 0.9137353433835846 0.27701005025125625 0.17252931323283083 0.13693467336683418
2 0.8350083752093803 0.2066582914572863 0.11892797319932999 0.1092964824120603
