2 0.25930680359435176 0.08664955070603338 0.14120667522464697 0.11681643132220795
2 0.13478818998716302 0.21052631578947367 0.0821566110397946 0.08472400513478819
2 0.18934531450577663 0.2612323491655969 0.11938382541720154 0.09114249037227214
2 0.24518613607188705 0.21758664955070603 0.0821566110397946 0.09370988446726573
2 0.3209242618741977 0.2426187419768935 0.10269576379974327 0.0821566110397946
2 0.736842105263158 0.09435173299101411 0.0821566110397946 0.10397946084724005
2 0.6822849807445444 0.1983311938382542 0.09370988446726573 0.1399229781771502
2 0.7156611039794609 0.33568677792041085 0.08344030808729143 0.06546854942233633
2 0.7509627727856227 0.32926829268292684 0.051347881899871634 0.09627727856225927
2 0.765725288831836 0.233632862644416 0.0885750962772786 0.10783055198973042
2 0.813222079589217 0.18870346598202825 0.07317073170731705 0.0975609756097561
2 0.7830551989730427 0.10590500641848526 0.08729139922978177 0.08087291399229782
2 0.8536585365853661 0.26187419768934533 0.07702182284980745 0.10783055198973042
2 0.9184852374839538 0.31578947368421045 0.07317073170731705 0.10012836970474968
2 0.9133504492939666 0.22849807445442874 0.0680359435173299 0.08729139922978177
2 0.8812580231065468 0.15982028241335045 0.05006418485237484 0.08087291399229782
2 0.9313222079589218 0.11874197689345316 0.07573812580231065 0.10911424903722722
2 0.9512195121951218 0.21116816431322205 0.09242618741976896 0.12195121951219512
0 0.08408215661103981 0.540436456996149 0.08344030808729143 0.03337612323491656
0 0.07958921694480103 0.5783055198973043 0.09242618741976896 0.04749679075738125
0 0.07124518613607188 0.6026957637997432 0.09884467265725286 0.06290115532734275
0 0.5763799743260591 0.5988446726572527 0.12323491655969195 0.1681643132220796
0 0.6379974326059049 0.6919127086007703 0.1360718870346598 0.19255455712451855
