0 0.16731898238747553 0.6007827788649707 0.15459882583170254 0.1722113502935421
0 0.33072407045009794 0.6526418786692758 0.20743639921722112 0.13111545988258308
0 0.4001956947162426 0.7690802348336594 0.18199608610567514 0.12915851272015652
0 0.23874755381604698 0.7592954990215264 0.14090019569471623 0.16829745596868884
0 0.1086105675146771 0.7318982387475538 0.11937377690802348 0.1643835616438356
0 0.7045009784735813 0.8248532289628177 0.3679060665362035 0.34637964774951063
0 0.8796477495107631 0.8209393346379648 0.02152641878669276 0.009784735812133072
2 0.3119363594457829 0.22823257348812775 0.10316112321663373 0.1022481929226812
2 0.15628174432687975 0.16797917408726204 0.08216372645572596 0.06207925998877071
2 0.2767885431286112 0.12552791541847025 0.07120856292829587 0.07029563263434332
2 0.33293375620669063 0.12552791541847025 0.059340469106913235 0.07029563263434332
2 0.2229256557854131 0.14789470762030674 0.05112409646134062 0.04382065410972052
2 0.24620537828120206 0.18076019820259717 0.0611663296948182 0.03651721175810045
2 0.3817755269331499 0.17391322099795328 0.032865490582290394 0.03560428146414794
2 0.40961990089870154 0.18806364055421723 0.04655944499157807 0.029213769406480346
2 0.38223199208012615 0.24649117936717793 0.03377842087624288 0.02738790881857535
2 0.38268845722710243 0.27616141392063454 0.03469135117019542 0.026474978524622838
2 0.34982296664481205 0.27890020480249206 0.031039629994385375 0.03743014205205293
2 0.4351819491293718 0.25744634289460805 0.0356042814641479 0.03651721175810045
2 0.455266415596327 0.3765837462554107 0.04655944499157807 0.03925600263995796
2 0.2274903072551756 0.027387908818575325 0.07668614469201095 0.05477581763715065
2 0.33019496532483306 0.16432745291145195 0.04108186322786303 0.018258605879050226
2 0.10926583418832543 0.06810459853583622 0.04655944499157804 0.059157885834164856
1 0.6167047316093962 0.2874252910870597 0.05952007802808648 0.037979478360778994
1 0.7048511328795625 0.21600119745335591 0.047616062422469144 0.05838636225612297
1 0.6082018633196696 0.19899546087390257 0.06178750957201363 0.06632237265986782
1 0.6694225150057014 0.15393025893835138 0.06065379380005 0.07029037786174025
1 0.6546842099701753 0.0765541575018389 0.04931663608041452 0.06632237265986782
1 0.6861448226421639 0.026075462755161705 0.08502868289726644 0.05101720973835986
1 0.5529332194364464 0.03571204681685192 0.07822638826548513 0.06915666208977672
1 0.5180714594485671 0.22107457553289275 0.035712046816851854 0.061220651686031836
