0 0.6642201834862385 0.545571245186136 0.044036697247706424 0.03337612323491656
0 0.6504587155963303 0.4743260590500642 0.03853211009174312 0.026957637997432605
0 0.581651376146789 0.44929396662387666 0.03669724770642202 0.02310654685494224
0 0.6018348623853211 0.3735558408215661 0.03669724770642202 0.015404364569961493
0 0.808256880733945 0.37034659820282423 0.03853211009174312 0.021822849807445442
0 0.8568807339449542 0.29268292682926833 0.03669724770642202 0.025673940949935817
0 0.8853211009174312 0.3241335044929396 0.02752293577981652 0.037227214377406934
0 0.49541284403669733 0.5263157894736843 0.044036697247706424 0.02053915275994865
0 0.4238532110091744 0.38510911424903727 0.03669724770642202 0.02053915275994865
1 0.8568807339449542 0.8183568677792041 0.10642201834862386 0.057766367137355584
1 0.8155963302752295 0.763157894736842 0.07522935779816514 0.055198973042362
1 0.8211009174311927 0.7317073170731707 0.07522935779816514 0.06161745827984597
1 0.8935779816513761 0.7086007702182288 0.05137614678899083 0.0410783055198973
1 0.8055045871559634 0.6752246469833119 0.06972477064220185 0.05391527599486521
1 0.5954128440366973 0.9422336328626442 0.12293577981651377 0.04878048780487805
1 0.7467889908256881 0.9422336328626444 0.05871559633027523 0.028241335044929396
1 0.3642201834862386 0.7625160462130935 0.08623853211009175 0.059050064184852376
1 0.3669724770642202 0.6970474967907575 0.12110091743119267 0.0949935815147625
1 0.37339449541284403 0.634788189987163 0.11192660550458716 0.055198973042362
1 0.5321100917431193 0.6450577663671373 0.09174311926605505 0.06033376123234916
1 0.4211009174311927 0.5693196405648266 0.09724770642201835 0.057766367137355584
1 0.444954128440367 0.5166880616174583 0.09724770642201835 0.06290115532734275
1 0.528440366972477 0.5706033376123234 0.05871559633027523 0.052631578947368425
1 0.7366972477064221 0.5706033376123235 0.06788990825688074 0.057766367137355584
1 0.7963302752293577 0.5507060333761232 0.05504587155963304 0.05648267008985879
1 0.8954128440366972 0.5378690629011554 0.05871559633027523 0.059050064184852376
1 0.7220183486238533 0.6251604621309371 0.10458715596330276 0.06675224646983312
1 0.7403669724770643 0.4974326059050064 0.07522935779816514 0.06033376123234916
1 0.5715596330275229 0.5134788189987163 0.11192660550458716 0.06418485237483953
1 0.2155963302752294 0.6187419768934531 0.07522935779816514 0.051347881899871634
1 0.1238532110091743 0.6566110397946084 0.09357798165137615 0.06290115532734275
1 0.2211009174311927 0.5654685494223364 0.09724770642201835 0.052631578947368425
1 0.2926605504587156 0.5410783055198973 0.09357798165137615 0.057766367137355584
1 0.0963302752293578 0.5815147625160463 0.08256880733944955 0.06161745827984597
1 0.1660550458715597 0.5378690629011554 0.09724770642201835 0.06161745827984597
1 0.11376146788990826 0.5006418485237485 0.09174311926605505 0.05391527599486521
1 0.208256880733945 0.4980744544287548 0.08623853211009175 0.05648267008985879
1 0.16788990825688074 0.4563543003851091 0.10091743119266056 0.0680359435173299
1 0.28256880733944956 0.44415917843388963 0.09908256880733946 0.059050064184852376
1 0.21559633027522934 0.3543003851091143 0.11926605504587157 0.05391527599486521
1 0.26788990825688075 0.3504492939666239 0.09174311926605505 0.051347881899871634
1 0.34587155963302757 0.4210526315789474 0.10458715596330276 0.06161745827984597
1 0.47247706422018354 0.4229781771501926 0.08990825688073395 0.06033376123234916
1 0.5504587155963303 0.4069319640564826 0.09174311926605505 0.06418485237483953
1 0.6623853211009174 0.39473684210526316 0.09541284403669724 0.052631578947368425
1 0.7467889908256882 0.39794608472400506 0.07706422018348624 0.07188703465982028
1 0.7266055045871559 0.33889602053915274 0.08440366972477065 0.07702182284980745
1 0.8623853211009174 0.3741976893453145 0.10642201834862386 0.055198973042362
1 0.8311926605504588 0.26700898587933247 0.11376146788990826 0.0693196405648267
1 0.7192660550458716 0.26700898587933247 0.08807339449541285 0.06418485237483953
1 0.6697247706422018 0.29717586649550704 0.08807339449541285 0.06290115532734275
1 0.634862385321101 0.2798459563543004 0.10275229357798166 0.05648267008985879
1 0.6825688073394494 0.25032092426187424 0.08440366972477065 0.06418485237483953
1 0.6174311926605506 0.1790757381258022 0.08623853211009169 0.055198973042361994
1 0.7183486238532109 0.15147625160462133 0.08990825688073395 0.07958921694480103
1 0.8137614678899082 0.15917843388960207 0.09724770642201835 0.06161745827984597
1 0.7660550458715596 0.12323491655969195 0.09724770642201835 0.0693196405648267
1 0.4220183486238532 0.2869062901155327 0.09541284403669724 0.0680359435173299
1 0.4908256880733946 0.3543003851091144 0.126605504587156 0.06161745827984597
1 0.23853211009174313 0.25096277278562257 0.08440366972477065 0.05006418485237484
1 0.24128440366972476 0.28241335044929405 0.10825688073394496 0.05391527599486521
1 0.3128440366972478 0.20988446726572532 0.08623853211009175 0.06033376123234916
1 0.27889908256880735 0.16174582798459564 0.10275229357798166 0.05648267008985879
1 0.28807339449541286 0.110397946084724 0.08807339449541285 0.051347881899871634
1 0.4376146788990826 0.20218228498074456 0.09357798165137615 0.057766367137355584
1 0.38165137614678907 0.17458279845956354 0.07339449541284404 0.0821566110397946
1 0.46972477064220186 0.17522464698331192 0.09541284403669724 0.09114249037227214
1 0.47889908256880737 0.13029525032092426 0.08807339449541285 0.04236200256739409
1 0.4504587155963303 0.07894736842105263 0.09357798165137615 0.037227214377406934
1 0.5302752293577978 0.08729139922978175 0.09908256880733939 0.05648267008985882
1 0.5899082568807341 0.1399229781771502 0.06422018348623855 0.04878048780487805
1 0.4018348623853211 0.12130937098844675 0.07339449541284404 0.06546854942233633
1 0.3440366972477065 0.0699614890885751 0.08990825688073395 0.04492939666238769
