1 0.8664921465968585 0.7473214285714286 0.2670157068062827 0.5053571428571428
1 0.20287958115183247 0.8392857142857143 0.16230366492146597 0.2714285714285714
1 0.40903141361256545 0.7089285714285714 0.281413612565445 0.28571428571428564
1 0.17146596858638743 0.5285714285714286 0.25130890052356025 0.26785714285714285
1 0.4816753926701572 0.41874999999999996 0.24345549738219893 0.2982142857142857
1 0.2990837696335079 0.36428571428571427 0.32853403141361265 0.3642857142857142
1 0.2905759162303665 0.11428571428571428 0.24083769633507854 0.22142857142857142
1 0.08115183246073299 0.20464285441807337 0.16230366492146597 0.4021428516932896
1 0.5759162303664922 0.10357142857142858 0.16230366492146597 0.2
1 0.46465968586387435 0.21250000000000002 0.1518324607329843 0.28214285714285714
1 0.7009162303664921 0.3776785714285714 0.18717277486910994 0.21964285714285714
