0 0.4391080617495713 0.39987163029525036 0.4356775300171527 0.3299101412066752
0 0.5891938250428815 0.23106546854942234 0.45454545454545453 0.21822849807445444
0 0.3259005145797599 0.15982028241335045 0.3910806174957118 0.1681643132220796
0 0.8010291595197256 0.5860077021822849 0.38078902229845624 0.21694480102695762
0 0.6543739279588335 0.8594351732991017 0.2692967409948541 0.28112965340179724
0 0.28387650085763294 0.5596919127086007 0.44082332761578047 0.21566110397946084
0 0.937392795883362 0.36328626444159184 0.12521440823327612 0.2798459563543004
0 0.7204116638078901 0.38639281129653397 0.3053173241852487 0.3029525032092426
0 0.4228130360205832 0.7644415917843389 0.6569468267581474 0.29653401797175866
0 0.16638078902229847 0.7060333761232349 0.25728987993138935 0.20025673940949937
0 0.2221269296740995 0.34531450577663675 0.2555746140651802 0.1771501925545572
0 0.8379073756432247 0.6983311938382541 0.32075471698113206 0.1540436456996149
