2 0.6538922155688622 0.7412140575079873 0.07904191616766469 0.0830670926517572
2 0.6365269461077845 0.603035143769968 0.10179640718562874 0.09744408945686901
2 0.3802395209580838 0.6869009584664536 0.14011976047904193 0.14057507987220447
2 0.24730538922155695 0.6166134185303513 0.11137724550898204 0.14696485623003194
2 0.17904191616766468 0.6110223642172524 0.13053892215568866 0.10063897763578275
2 0.18622754491017968 0.5215654952076677 0.12095808383233533 0.10063897763578275
2 0.6550898203592814 0.39696485623003197 0.13652694610778443 0.1389776357827476
2 0.7682634730538922 0.30990415335463256 0.14011976047904193 0.1501597444089457
2 0.7640718562874251 0.3769968051118211 0.1341317365269461 0.10223642172523961
2 0.6263473053892216 0.27795527156549515 0.1029940119760479 0.11182108626198083
2 0.40658682634730536 0.09424920127795527 0.11377245508982035 0.134185303514377
2 0.7149700598802395 0.15415335463258784 0.14850299401197606 0.12939297124600635
2 0.7790419161676648 0.24600638977635783 0.1497005988023952 0.09904153354632587
2 0.34131736526946105 0.33466453674121405 0.11976047904191617 0.11980830670926518
2 0.48862275449101794 0.25319488817891367 0.11976047904191617 0.13578274760383383
2 0.4095808383233534 0.21246006389776353 0.1341317365269461 0.1661341853035144
2 0.2904191616766467 0.2276357827476038 0.1497005988023952 0.09744408945686901
2 0.3005988023952096 0.12300319488817892 0.13652694610778443 0.1501597444089457
