1 0.7368103715672488 0.09063351454608713 0.09271123880647499 0.14464742725537139
1 0.6764260778709259 0.140069977025771 0.05733458189347795 0.07507018376544589
1 0.7209518701924569 0.21697114088305697 0.05367492773006441 0.07507018376544591
1 0.6105523029294833 0.23711192189329858 0.12564812627719613 0.11901370596960936
1 0.6953342910485626 0.26823858345458107 0.06343400549916703 0.10436586523488818
1 0.6654471153806856 0.3835903292405102 0.08417204575851024 0.1299995865206502
1 0.5239404877286975 0.3716889586435492 0.10612997073899105 0.1428164471635312
1 0.5965236286363983 0.4604914930977962 0.0902714693641993 0.1409854670716911
1 0.6727664237075126 0.6399275420981304 0.08173227631623455 0.14464742725537133
1 0.612992072371759 0.5547869678275636 0.07929250687395885 0.10253488514304804
1 0.5306498536949555 0.5859136293888462 0.0975907776910263 0.1098588055104086
1 0.6422693056790669 0.7287300765523772 0.07929250687395885 0.11718272587776916
1 0.5440685856274716 0.7168287059554163 0.0878316999219236 0.10070390505120798
1 0.5959136862758293 0.8596451531189476 0.10369020129671544 0.15563330780641219
1 0.5233305453681286 0.877954954037349 0.0731930832682697 0.12267566615328965
1 0.45135734682099665 0.8010537901800627 0.06831354438371841 0.14464742725537133
1 0.3385180101157475 0.7626032082514198 0.12564812627719638 0.19591486982689543
1 0.15065576306052184 0.5968995099398862 0.09149135408533716 0.12816860642880992
1 0.2244587886893605 0.3634495482302686 0.09027146936419933 0.11168978560224875
1 0.2201891921653781 0.46049149309779613 0.07441296798940755 0.07873214394912613
1 0.27874365877999385 0.444012672271235 0.0719731985471319 0.10436586523488818
1 0.24641671366984141 0.5694348085622849 0.07807262215282104 0.1098588055104086
1 0.37999409063443373 0.3506326875873875 0.08417204575851014 0.11901370596960936
1 0.4397684419701874 0.39457620979155095 0.07441296798940762 0.12267566615328965
1 0.3952426496486565 0.4714773736488371 0.09515100824875061 0.10070390505120792
1 0.3330285288706272 0.5840826492970058 0.10734985546012892 0.1354925267961707
1 0.3897531684035363 0.624364211317489 0.08417204575851014 0.13183056661249026
