2 0.21524064171122992 0.3794642857142857 0.15775401069518716 0.09107142857142855
2 0.3649732620320856 0.3991071428571429 0.17914438502673796 0.09464285714285714
2 0.23930481283422464 0.4482142857142857 0.21122994652406424 0.12857142857142864
2 0.42245989304812837 0.49107142857142855 0.1925133689839572 0.125
2 0.2780748663101604 0.5589285714285712 0.21925133689839565 0.11785714285714295
2 0.5454545454545454 0.5491071428571429 0.1925133689839572 0.10892857142857143
2 0.6510695187165775 0.3991071428571429 0.17379679144385027 0.09464285714285714
2 0.7192513368983957 0.46428571428571436 0.1497326203208556 0.12142857142857143
2 0.8248663101604278 0.44375 0.16310160427807488 0.09821428571428571
2 0.8302139037433155 0.5383928571428571 0.22192513368983957 0.0875
2 0.8957219251336896 0.638392857142857 0.20320855614973263 0.12678571428571425
2 0.7352941176470587 0.5973214285714286 0.18716577540106946 0.11607142857142858
2 0.7406417112299464 0.7062499999999998 0.19786096256684477 0.11607142857142864
2 0.5601604278074866 0.7660714285714285 0.15240641711229946 0.08571428571428572
2 0.2433155080213904 0.7883928571428572 0.17647058823529416 0.0875
2 0.4732620320855616 0.979464285714286 0.10160427807486631 0.041071428571428564
2 0.6016042780748665 0.9767857142857144 0.12834224598930483 0.04642857142857143
2 0.6991978609625669 0.9500000000000003 0.11497326203208556 0.05357142857142857
