2 0.16243093922651933 0.3753687315634218 0.09281767955801107 0.1430678466076696
2 0.19558011049723756 0.45427728613569324 0.1480662983425414 0.14454277286135694
2 0.2624309392265194 0.3613569321533923 0.13812154696132597 0.15044247787610618
2 0.3580110497237569 0.29572271386430676 0.20552486187845304 0.14601769911504425
2 0.6314917127071823 0.40044247787610615 0.10497237569060774 0.12536873156342185
2 0.6662983425414365 0.2551622418879056 0.11491712707182321 0.0943952802359882
2 0.6386740331491713 0.5921828908554574 0.12154696132596685 0.11356932153392331
2 0.5900552486187844 0.6157817109144543 0.12154696132596685 0.11356932153392331
2 0.7629834254143644 0.6246312684365782 0.10718232044198896 0.09587020648967554
2 0.7795580110497236 0.6769911504424779 0.1292817679558011 0.11799410029498525
2 0.7856353591160221 0.7676991150442478 0.0994475138121547 0.11061946902654868
2 0.7276243093922653 0.8429203539823008 0.14696132596685083 0.12536873156342185
2 0.6270718232044201 0.7123893805309734 0.11160220994475138 0.12684365781710918
2 0.4988950276243094 0.7337758112094396 0.11160220994475138 0.1224188790560472
2 0.33812154696132596 0.6674041297935104 0.12596685082872924 0.10766961651917403
2 0.3060773480662984 0.7610619469026548 0.13922651933701657 0.10029498525073746
2 0.41270718232044196 0.7772861356932154 0.14475138121546963 0.17994100294985252
2 0.30994475138121547 0.8702064896755162 0.15359116022099448 0.14454277286135694
2 0.3966850828729281 0.9063421828908557 0.10607734806629834 0.12831858407079647
