0 0.43864370290635096 0.5707456978967496 0.3821313240043057 0.3690248565965583
0 0.2395048439181916 0.5898661567877629 0.2185145317545748 0.23135755258126195
0 0.2002152852529602 0.3824091778202678 0.1076426264800861 0.1529636711281071
0 0.5328310010764262 0.36042065009560226 0.26480086114101187 0.22753346080305928
0 0.7298170075349839 0.24569789674952197 0.16361679224973083 0.1739961759082218
0 0.7314316469321852 0.5143403441682601 0.20990312163616792 0.41300191204588915
0 0.5871905274488696 0.7915869980879532 0.2938643702906348 0.41682600382409163
0 0.2723358449946178 0.8097514340344167 0.37244348762109797 0.38049713193116635
0 0.08557588805166846 0.5745697896749522 0.17115177610333693 0.42638623326959846
0 0.1178686759956943 0.26959847036328877 0.22497308934337998 0.367112810707457
0 0.35360602798708285 0.1921606118546845 0.3606027987082885 0.384321223709369
0 0.5656620021528522 0.15487571701720837 0.2465016146393977 0.30975143403441674
