2 0.38839779005524877 0.13696612665684832 0.08066298342541436 0.09425625920471281
2 0.32928176795580105 0.10235640648011783 0.08397790055248619 0.08689248895434462
2 0.38839779005524866 0.06774668630338733 0.07845303867403315 0.09131075110456553
2 0.45856353591160215 0.1782032400589102 0.07513812154696133 0.09425625920471281
2 0.38066298342541427 0.1980854197349043 0.09171270718232044 0.08689248895434462
2 0.4171270718232044 0.22017673048600883 0.1005524861878453 0.08100147275405006
2 0.5784530386740331 0.30927835051546393 0.0718232044198895 0.14138438880706922
2 0.7712707182320442 0.2621502209131075 0.09060773480662984 0.12665684830633284
2 0.6895027624309392 0.3159057437407953 0.10165745856353592 0.08689248895434462
2 0.7099447513812155 0.40427098674521356 0.1005524861878453 0.08689248895434462
2 0.6430939226519337 0.4042709867452136 0.05966850828729282 0.09867452135493374
2 0.6961325966850828 0.49263622974963184 0.06629834254143646 0.11634756995581737
2 0.7425414364640887 0.6745213549337261 0.07955801104972374 0.09425625920471281
2 0.6292817679558013 0.5147275405007365 0.07845303867403329 0.12812960235640644
2 0.5718232044198895 0.5139911634756996 0.04972375690607735 0.07363770250368189
2 0.5977900552486186 0.4359351988217968 0.061878453038674036 0.08836524300441827
2 0.5530386740331491 0.36597938144329895 0.08508287292817678 0.08100147275405006
2 0.5 0.36597938144329895 0.04530386740331492 0.0515463917525773
2 0.53646408839779 0.44403534609720174 0.08066298342541436 0.08394698085419733
2 0.49613259668508286 0.41899852724595005 0.08176795580110499 0.07216494845360823
2 0.4535911602209945 0.39985272459499266 0.0740331491712707 0.05743740795287187
2 0.39944751381215476 0.42415316642120765 0.05193370165745858 0.050073637702503684
2 0.4314917127071823 0.4572901325478645 0.04751381215469613 0.08394698085419733
2 0.48011049723756904 0.4653902798232694 0.08287292817679556 0.1119293078055965
2 0.5082872928176796 0.5228276877761412 0.10386740331491716 0.08541973490427099
2 0.5464088397790055 0.6016200294550811 0.08508287292817678 0.09572901325478649
2 0.36243093922651937 0.53240058910162 0.09723756906077348 0.10456553755522828
2 0.4353591160220994 0.5360824742268041 0.05966850828729282 0.07952871870397642
2 0.46629834254143643 0.6045655375552283 0.07734806629834254 0.08394698085419733
2 0.5215469613259668 0.6973490427098674 0.07513812154696133 0.10456553755522828
2 0.5314917127071823 0.7665684830633285 0.08397790055248619 0.09278350515463918
2 0.4668508287292818 0.7569955817378498 0.0718232044198895 0.12960235640648013
2 0.4276243093922652 0.8041237113402062 0.061878453038674036 0.10603829160530191
