1 0.7475915221579962 0.7522464698331192 0.046242774566473986 0.01797175866495507
1 0.7157996146435452 0.7432605905006416 0.02119460500963391 0.012836970474967908
1 0.7292870905587668 0.7310654685494223 0.02119460500963391 0.01668806161745828
1 0.708092485549133 0.7201540436456996 0.04431599229287091 0.025673940949935817
1 0.6897880539499036 0.736842105263158 0.015414258188824663 0.015404364569961493
1 0.6726919571064763 0.7228186566001753 0.01631427543508019 0.021738405521968512
1 0.6939005151720807 0.7003556375608081 0.036979024319515254 0.015941497382776785
1 0.6590967275772428 0.7090509997695953 0.013051420348064153 0.021738405521968214
1 0.6406072154174853 0.7115871470804919 0.03045331414548317 0.022463019039367395
1 0.6759548121934924 0.6815156861084354 0.03589140595717664 0.018839951452372498
1 0.6601843459395815 0.6778926185214408 0.039154261044192666 0.02028917848717043
1 0.6340815052434531 0.6851387536954302 0.028278077420805844 0.018839951452372498
1 0.6569214908525655 0.6623134278973635 0.034803787594837925 0.01666611090017568
1 0.6041720002791399 0.6818779928671351 0.03806664268185396 0.03260760828295246
1 0.6226615124388971 0.6449227034797888 0.03806664268185396 0.018115337934973608
1 0.6232053216200665 0.6210104574056239 0.04785520794290207 0.025361473108963035
1 0.5889453432063977 0.6525311454124778 0.03589140595717664 0.023187632556766223
1 0.5628425025102693 0.65108191837768 0.03589140595717664 0.023187632556766223
1 0.5557729831550678 0.6242712182339188 0.04567997121822475 0.024636859591564073
1 0.5100930119368432 0.6206481506469244 0.04785520794290207 0.039129129939543005
1 0.48018350697252926 0.5970982113314586 0.03806664268185396 0.02825992717855882
1 0.5873139156628898 0.598185131607557 0.04567997121822475 0.02608608662636201
1 0.6172234206272035 0.5485491056657292 0.055468536479272974 0.029709154213356608
1 0.5737186861336562 0.5688382841528996 0.07504566700136933 0.031158381248154673
1 0.5633863116914387 0.5413029704917398 0.06743233846499841 0.04130297049173988
1 0.4910596905959161 0.5630413760137081 0.046767589580563415 0.03985374345694197
1 0.6237491308012356 0.5159414973827768 0.033716169232499205 0.02246301903936725
1 0.6476767347726871 0.49347847834340963 0.01631427543508019 0.02246301903936725
1 0.6215738940765583 0.48550772965202105 0.022839985609112375 0.029709154213356674
1 0.591120579931075 0.48333388909982433 0.040241879406531386 0.03260760828295246
1 0.5628425025102693 0.480797741788928 0.04459235285588615 0.04202758400913877
1 0.4981292099511176 0.5061592148978911 0.039154261044192624 0.03188299476555357
1 0.5242320506472461 0.45652318895606336 0.04785520794290207 0.023912246074165106
1 0.4725701784361584 0.48007312827152904 0.046767589580563464 0.03188299476555351
1 0.4964977824076097 0.43804554426239023 0.059819009928627626 0.030433767730755644
1 0.4491863836458767 0.5478244921483303 0.017401893797418962 0.019564564969771464
1 0.44048543674716734 0.5597806151854128 0.03480378759483786 0.021738405521968283
1 0.41166355014519224 0.5800697936725835 0.029365695783144453 0.024636859591564152
1 0.3915426104419265 0.5963735978140595 0.034803787594837925 0.02246301903936725
1 0.3425997841366856 0.6655741887256587 0.03045331414548317 0.014492270347978857
1 0.35401977694124187 0.6391257953405973 0.03806664268185396 0.03550606235254825
1 0.3148655158970492 0.6420242494101929 0.04024187940653134 0.03260760828295246
1 0.31486551589704925 0.6039820397467486 0.03806664268185396 0.04202758400913877
1 0.3545635861224111 0.5941997572618628 0.036979024319515254 0.044201424561335544
1 0.32465408115809746 0.5648529098072055 0.0489428263052408 0.039129129939543005
1 0.33879311986850025 0.5249991663502636 0.042417116131208715 0.02028917848717043
1 0.3360740739626536 0.49094233103251317 0.039154261044192666 0.02608608662636201
1 0.3676150064704754 0.5083330554500879 0.036979024319515295 0.036230675869947215
1 0.4018749848841441 0.5123184297957821 0.04894282630524085 0.02825992717855882
1 0.39154261044192645 0.5499983327005271 0.03045331414548317 0.0340568353177504
1 0.3687026248328141 0.4652185511648507 0.03262855087016055 0.023912246074165172
1 0.40133117570297466 0.48550772965202116 0.019577130522096284 0.012318429795782036
1 0.44701114692119936 0.5050722946217926 0.04350473449354737 0.02825992717855882
1 0.4932349273205936 0.3782649290769774 0.04459235285588609 0.025361473108963035
1 0.47474541516083585 0.3989164143228473 0.02719045905846713 0.017390724417574645
1 0.5998215268297847 0.39022105211406005 0.03806664268185396 0.02608608662636201
1 0.5709996402278096 0.38080107638787375 0.026102840696128414 0.023187632556766143
1 0.5410901352634957 0.3775403155595785 0.04024187940653128 0.02825992717855882
1 0.5372834709953103 0.40580024273813736 0.04132949776886999 0.02825992717855882
1 0.568824403503132 0.40072794811634466 0.034803787594837925 0.025361473108963035
1 0.5111806302991819 0.46630547144094914 0.021752367246773662 0.02028917848717043
