1 0.665129151291513 0.10147601476014761 0.2822878228782288 0.16974169741697417
0 0.5793357933579335 0.5673431734317343 0.1070110701107011 0.06826568265682657
0 0.6761992619926199 0.5627306273062731 0.08671586715867159 0.11070110701107011
0 0.6060885608856086 0.6300738007380073 0.1162361623616237 0.06826568265682666
0 0.5885608856088561 0.6955719557195572 0.11808118081180811 0.07011070110701105
0 0.6752767527675276 0.6540590405904059 0.0996309963099631 0.07564575645756458
0 0.24169741697416974 0.6992619926199262 0.11439114391143912 0.2066420664206642
2 0.11550791591170878 0.028403585879928396 0.04544573740788542 0.039765020231899754
2 0.14911882586962405 0.019409117017951068 0.033137516859916456 0.027456799683930777
2 0.15101239826161933 0.05917413724985081 0.04260537881989261 0.04639252360388304
2 0.1775224117495525 0.07337593018981502 0.04071180642789738 0.03881823403590214
2 0.11172077112771833 0.06296128203384126 0.03787144783990452 0.031243944467921236
2 0.12260881238169091 0.09041808171777205 0.048286095995878284 0.03503108925191168
2 0.0937318334037637 0.17515544625955845 0.045445737407885434 0.03976502023189974
2 0.1372839984196539 0.18983063229752145 0.03408430305591407 0.033137516859916456
2 0.24048369378339374 0.20261224594348923 0.028403585879928396 0.022722868703942724
2 0.23574976280340568 0.16663437049557991 0.032190730663918844 0.026510013487933172
2 0.23906351448939728 0.1145611297157112 0.03503108925191168 0.04165859262389497
2 0.22817547323542478 0.07621628877780785 0.03408430305591407 0.03503108925191168
2 0.26604692107532935 0.042131985721893785 0.049232882191875896 0.03692466164390691
2 0.28971657597526956 0.06390806822983888 0.03976502023189977 0.029350372075926008
2 0.28545603809327963 0.08899790242377555 0.04071180642789731 0.04355216501589022
