0 0.1752767527675277 0.16328413284132842 0.2730627306273063 0.15313653136531366
0 0.17527675276752777 0.6900369003690034 0.1771217712177122 0.29889298892988914
0 0.2232472324723247 0.9252767527675275 0.11439114391143912 0.11254612546125461
0 0.07380073800738007 0.8738007351921051 0.14760147601476015 0.21180812371173016
1 0.6409953342296963 0.2827168497801093 0.023560837792535302 0.018251353219569656
1 0.6439819193019896 0.2652951035250655 0.012278183074983174 0.015264768147276413
1 0.617600417830066 0.2654610249179707 0.022565309435104253 0.021569781077673208
1 0.6189277889733074 0.25235323487846156 0.022565309435104253 0.01725582486213855
1 0.6862918744928099 0.23509741001632306 0.019246881577000698 0.014601082575655733
1 0.7017225640329916 0.2332722746943661 0.018915038791190386 0.015596610933086778
1 0.6834712108134219 0.21900303490452072 0.020242409934431847 0.016923982076328215
1 0.7086386676859912 0.2146981561451514 0.021985349514107397 0.020398777899687266
1 0.7008191361577777 0.2035921548442105 0.020398777899687293 0.012692572915360956
1 0.6823469095041721 0.20585868572195357 0.01881220628526708 0.01269257291536098
1 0.7282441597784685 0.18681982634891217 0.02538514583072196 0.022212002601881702
1 0.7064854633521354 0.19021962266552667 0.019945471724138675 0.015865716144201215
1 0.7171381584775277 0.17254068181913104 0.017225634670846986 0.012239266739812365
1 0.7026323608599722 0.16778096697587067 0.015865716144201243 0.011785960564263748
1 0.7198579955308193 0.15610833295549406 0.016772328495298364 0.013825838354232494
1 0.7139650152486874 0.14602227054953756 0.016772328495298465 0.014959103793103983
1 0.718158097372512 0.13015655440533636 0.017905593934169958 0.017225634670847034
1 0.6917530126468058 0.1157640833316681 0.019945471724138675 0.018358900109718548
1 0.6737340921687485 0.14137588225016437 0.017452287758621336 0.013372532178683878
1 0.6678411118866165 0.15814821074546279 0.021532043338558883 0.016998981583072725
1 0.7068254429837967 0.1001250202752412 0.01382583835423252 0.01745228775862133
1 0.7221245264085624 0.10069165299467693 0.020398777899687293 0.017225634670847034
1 0.7291507721295655 0.08391932449937853 0.013599185266458157 0.017678940846395638
1 0.7148716275997846 0.0797262423755539 0.018132247021944208 0.01654567540752412
1 0.729490751761227 0.06329389351191696 0.023798574216301858 0.019945471724138675
1 0.742976610483798 0.04561495266552131 0.014505797617555495 0.013145879090909569
1 0.7454697944493137 0.025216174765834105 0.028558289059559986 0.03037151376175657
1 0.6409690264924716 0.16165588573637235 0.022084137395679267 0.021281077854018206
1 0.6496019165653281 0.1857476719862043 0.02569790533315407 0.01967495877069608
1 0.6487988570236668 0.20783180938188356 0.02569790533315407 0.01565966106239077
1 0.6397644371799801 0.22088152693387583 0.0381453282289005 0.019273428999865526
