2 0.28040904198062433 0.6826516220028209 0.18406889128094725 0.23413258110014104
2 0.28310010764262644 0.28843441466854725 0.1377825618945102 0.14245416078984485
2 0.4165769644779332 0.227080394922426 0.12486544671689989 0.18899858956276447
2 0.5818083961248653 0.12976022566995765 0.10226049515608182 0.14668547249647387
2 0.6318622174381054 0.38928067700987307 0.06458557588805167 0.10719322990126937
2 0.48493003229278797 0.5691114245416079 0.08288482238966634 0.09732016925246827
2 0.576426264800861 0.5789844851904091 0.04843918191603876 0.08603667136812412
2 0.6711517761033369 0.3899858956276446 0.06350914962325081 0.12552891396332863
2 0.8353067814854684 0.26234132581100134 0.049515608180839984 0.09873060648801125
2 0.8740581270182993 0.25035260930888575 0.06027987082884822 0.08603667136812412
2 0.7066738428417654 0.18688293370944994 0.061356297093649086 0.08885754583921016
2 0.9278794402583422 0.843441466854725 0.04951560818083961 0.07898448519040903
2 0.5236813778256191 0.5077574047954866 0.03552206673842842 0.05923836389280677
2 0.5123789020452097 0.3942172073342736 0.04736275565123789 0.04372355430183357
2 0.24327233584499464 0.40832157968970384 0.04520990312163617 0.04372355430183357
2 0.5441334768568353 0.2566995768688293 0.04413347685683532 0.045133991537376586
2 0.7524219590958019 0.28067700987306066 0.03659849300322929 0.05359661495063468
2 0.6603875134553283 0.2468265162200282 0.041980624327233575 0.05923836389280677
2 0.7884822389666308 0.44710860366713684 0.04628632938643703 0.05923836389280677
2 0.4736275565123789 0.2545839210155148 0.04736275565123789 0.0465444287729196
2 0.378902045209903 0.5909732016925247 0.0581270182992465 0.05923836389280677
1 0.383745963401507 0.5007052186177715 0.4531754574811625 0.45416078984485186
1 0.7459634015069969 0.3603667136812412 0.33369214208826703 0.5232722143864598
