0 0.490053050397878 0.4867491166077739 0.6167108753315649 0.5106007067137809
0 0.07493368700265254 0.28180212014134287 0.1498673740053051 0.3162544169611308
0 0.05835543766578247 0.525618374558304 0.11671087533156493 0.18197879858657248
0 0.06830238726790462 0.6987632508833919 0.13660477453580924 0.2667844522968192
0 0.21551724137931033 0.25353356890459355 0.14721485411140578 0.3409893992932861
0 0.7712201591511931 0.664310954063603 0.263925729442972 0.32508833922261454
0 0.3421750663129974 0.761484098939929 0.22015915119363386 0.23321554770318018
0 0.75 0.07332155477031801 0.25066312997347484 0.14664310954063603
0 0.5576923076923076 0.09452296819787984 0.1870026525198939 0.16784452296819785
0 0.3176392572944297 0.10335689045936397 0.18965517241379307 0.20671378091872794
