1 0.5321285140562249 0.228643216080402 0.321285140562249 0.457286432160804
1 0.37349397590361444 0.353643216080402 0.1927710843373494 0.157035175879397
1 0.8463717523474931 0.5233651847243039 0.28112449799196776 0.38333705345993396
1 1.3591593023891728 0.6943070317980873 0.718355014543814 0.20994029953094376
1 0.6004016064257028 0.7110552763819095 0.4457831325301205 0.08040201005025124
1 0.23895582329317266 0.8837939698492462 0.47791164658634533 0.15452261306532664
1 0.26104417670682734 0.9522613065326634 0.5220883534136547 0.08542713567839194
1 0.1937751004016064 0.7248743718592965 0.36746987951807225 0.12814070351758794
1 0.20180722891566263 0.614321608040201 0.39558232931726905 0.16834170854271358
1 0.29417670682730923 0.5006281407035176 0.29518072289156627 0.11683417085427136
1 0.48594377510040154 0.8128140703517588 0.28915662650602403 0.10301507537688442
1 0.5732931726907631 0.8894472361809044 0.2991967871485944 0.1683417085427141
