2 0.3856353591160221 0.8674521354933724 0.11491712707182321 0.08836524300441827
2 0.33259668508287293 0.9005891016200295 0.0861878453038674 0.10751104565537557
2 0.3784530386740332 0.8085419734904273 0.1005524861878453 0.0824742268041237
2 0.46243093922651934 0.8136966126656848 0.08729281767955803 0.101620029455081
2 0.40773480662983436 0.7621502209131076 0.112707182320442 0.08689248895434462
2 0.7607734806629836 0.7430044182621502 0.09392265193370167 0.14285714285714288
2 0.5878453038674034 0.6818851251840943 0.07292817679558011 0.12371134020618557
2 0.7430939226519335 0.34315169366715764 0.11160220994475138 0.1119293078055965
2 0.7093922651933704 0.5007363770250369 0.10165745856353592 0.10603829160530191
2 0.7044198895027624 0.5898379970544919 0.09613259668508284 0.10751104565537557
2 0.6933701657458564 0.6509572901325478 0.08287292817679556 0.10014727540500737
2 0.6508287292817678 0.5964653902798233 0.055248618784530384 0.12665684830633284
2 0.556353591160221 0.6340206185567011 0.08950276243093923 0.08689248895434462
2 0.5430939226519337 0.5449189985272459 0.05414364640883978 0.08541973490427099
2 0.4701657458563536 0.5147275405007364 0.06740331491712707 0.09572901325478649
2 0.4790055248618784 0.5795287187039765 0.06519337016574586 0.08100147275405006
2 0.5016574585635359 0.6192930780559647 0.046408839779005534 0.060382916053019146
2 0.4348066298342541 0.6016200294550811 0.05414364640883978 0.060382916053019146
2 0.4138121546961326 0.5662739322533138 0.04530386740331492 0.0662739322533137
2 0.4281767955801105 0.4536082474226804 0.06519337016574586 0.07363770250368189
2 0.3740331491712707 0.4543446244477172 0.0718232044198895 0.11634756995581737
2 0.4679558011049723 0.24300441826215022 0.08287292817679556 0.08541973490427099
2 0.5243093922651934 0.30338733431516934 0.10497237569060774 0.09425625920471281
2 0.5469613259668509 0.39101620029455075 0.07071823204419891 0.09278350515463918
2 0.567403314917127 0.48085419734904283 0.05193370165745858 0.06921944035346098
2 0.5972375690607735 0.5640648011782033 0.05414364640883978 0.08541973490427099
2 0.6243093922651934 0.4690721649484535 0.06850828729281767 0.11929307805596466
2 0.5121546961325967 0.472017673048601 0.0740331491712707 0.08394698085419733
2 0.4607734806629834 0.39469808541973483 0.06408839779005525 0.09131075110456553
2 0.5265193370165746 0.22459499263622973 0.06519337016574586 0.09867452135493374
