1 0.3202380952380952 0.07410714285714286 0.37857142857142845 0.13035714285714287
1 0.31428571428571433 0.22589285714285717 0.22380952380952387 0.14464285714285718
1 0.5226190476190478 0.24196428571428574 0.2119047619047619 0.1767857142857143
1 0.511904761904762 0.4321428571428571 0.35714285714285715 0.16428571428571426
1 0.6464285714285715 0.5625 0.23571428571428574 0.175
1 0.4630952380952381 0.6357142857142859 0.2642857142857143 0.16428571428571426
1 0.7523809523809526 0.7455357142857142 0.21904761904761905 0.15535714285714286
1 0.525 0.8723214285714286 0.24047619047619048 0.19464285714285715
1 0.8261904761904761 0.9117857115609305 0.2 0.17357142312186105
1 0.10119047619047616 0.2714285714285714 0.15952380952380948 0.14642857142857144
1 0.1595238095238095 0.5151785714285714 0.20952380952380953 0.1767857142857143
1 0.18333333333333332 0.6928571428571428 0.15238095238095237 0.12142857142857143
1 0.2642857142857143 0.9232142857142858 0.21904761904761905 0.15357142857142858
1 0.325 0.6249999999999999 0.11190476190476194 0.11071428571428571
1 0.33214285714285713 0.3919642857142857 0.12142857142857143 0.13392857142857142
