0 0.10922235963909305 0.6632856897900754 0.10331844361871517 0.14513781463889563
0 0.061007081558056994 0.555785307911922 0.0875746815391492 0.10922235699434321
0 0.07232291348279343 0.6099044943000798 0.08855867093952768 0.11217431128572074
2 0.21708844749668704 0.2704261351838079 0.08494765336826884 0.06890198550981803
2 0.22888673268672438 0.34735095462285137 0.10476877248753155 0.09438628152029876
2 0.5168728870556231 0.09951275843414031 0.03330550958871616 0.05393504164739879
2 0.5529124310135627 0.08870089524675859 0.04175616127540315 0.059651658964864566
2 0.6198962730595277 0.09976130701316097 0.040513418380298115 0.050455361541114435
2 0.5709322029925321 0.05104578552518766 0.035045349641859284 0.043993098486587945
2 0.6571785599125681 0.06310039160767102 0.031068572377532654 0.04374454990756784
2 0.6360519306958453 0.04135239094339712 0.037530835432057104 0.04896407006699323
0 0.6042377125812533 0.02221415035883644 0.046975681434829906 0.029080183745371805
0 0.6637039760885596 0.6312137285760179 0.10801024314420272 0.09251101542844362
0 0.596137030265169 0.5730916246419189 0.08524575243668081 0.12254076912772897
0 0.5544828557790625 0.5740603263741524 0.001937403464470024 0.0004843508661174702
0 0.570708609794 0.6755318328257701 0.12060336566325822 0.08621445416891492
0 0.6511108535695043 0.6987806743994094 0.12738427778890293 0.05230989354069023
0 0.6726644671117342 0.5459679761393382 0.08330834897221032 0.09057361196397155
0 0.7017255190787833 0.6738366047943584 0.04649768314728111 0.10510413794749883
