0 0.5898815931108718 0.5990312163616792 0.15931108719052745 0.09795479009687837
0 0.5931108719052746 0.6835306781485468 0.1679224973089343 0.077502691065662
0 0.7405812701829927 0.7131324004305704 0.15715823466092577 0.08288482238966634
0 0.698600645855759 0.6431646932185145 0.15285252960172227 0.10010764262648009
0 0.8336921420882669 0.6141011840688912 0.1797631862217438 0.10441334768568353
1 0.07104413347685684 0.052206673842841764 0.06673842841765339 0.059203444564047365
1 0.059741657696447785 0.10818083961248652 0.0742734122712594 0.0527448869752422
1 0.0882669537136706 0.6216361679224971 0.062432723358449946 0.0527448869752422
1 0.09526372443487623 0.6759956942949406 0.08288482238966634 0.04736275565123789
2 0.7750269106566201 0.34122712594187293 0.02152852529601722 0.02798708288482239
1 0.7265877287405812 0.4445640473627557 0.18729817007534988 0.1076426264800861
1 0.6097954790096878 0.2723358449946179 0.1431646932185145 0.14639397201291715
1 0.7793326157158235 0.27933261571582346 0.18083961248654468 0.1797631862217438
1 0.7561894510226047 0.1506996770721206 0.19268030139935413 0.116254036598493
1 0.5602798708288481 0.0898815931108719 0.12378902045209894 0.16899892357373525
1 0.6942949407965554 0.05651237890204521 0.19806243272335844 0.11302475780409042
