2 0.667312661498708 0.4583710407239819 0.06589147286821706 0.051583710407239816
2 0.4948320413436693 0.46742081447963807 0.06976744186046512 0.04253393665158371
2 0.6414728682170542 0.5217194570135747 0.0710594315245478 0.044343891402714934
2 0.5968992248062014 0.5570135746606335 0.06459948320413435 0.046153846153846156
2 0.6027131782945736 0.6226244343891403 0.06330749354005166 0.039819004524886875
2 0.8068475452196385 0.6253393665158371 0.06330749354005166 0.03800904977375565
2 0.8798449612403101 0.6751131221719455 0.06459948320413435 0.03438914027149322
2 0.8507751937984496 0.6968325791855204 0.050387596899224806 0.04343891402714932
2 0.9147286821705426 0.6009049773755657 0.046511627906976744 0.03076923076923077
2 0.37984496124031003 0.47601809954751134 0.046511627906976744 0.04162895927601809
2 0.4198966408268734 0.611764705882353 0.05426356589147287 0.04162895927601809
2 0.23708010335917312 0.7963800904977374 0.06589147286821706 0.036199095022624445
2 0.6027131782945735 0.2669683257918552 0.07622739018087855 0.04162895927601809
1 0.687984496124031 0.18190045248868777 0.5155038759689923 0.2823529411764706
1 0.2926356589147287 0.3289592760180996 0.47932816537467704 0.32669683257918547
1 0.3081395348837209 0.5678733031674209 0.45348837209302323 0.3429864253393665
1 0.41214470284237736 0.793212669683258 0.4186046511627908 0.3393665158371041
1 0.7157622739018088 0.7316742081447966 0.40310077519379844 0.39366515837104077
1 0.6795865633074937 0.4239819004524887 0.3669250645994832 0.2597285067873304
