0 0.46526946107784434 0.4345047923322683 0.09461077844311377 0.08945686900958466
0 0.7377245508982034 0.48722044728434516 0.033532934131736525 0.05750798722044728
0 0.3143712574850299 0.44329073482428116 0.0562874251497006 0.05910543130990416
0 0.9892215568862275 0.1501597444089457 0.02155688622754491 0.07348242811501597
0 0.02874251497005988 0.10543130990415335 0.055089820359281436 0.07987220447284345
0 0.061676646706586825 0.7412140575079873 0.0562874251497006 0.0670926517571885
1 0.6616766467065868 0.44648562300319483 0.08023952095808383 0.10063897763578275
1 0.6131736526946108 0.4928115015974441 0.09341317365269461 0.0878594249201278
1 0.6125748502994013 0.5678913738019169 0.10419161676646707 0.06549520766773162
1 0.7215568862275447 0.5822683706070287 0.06826347305389222 0.10063897763578275
1 0.758083832335329 0.5319488817891375 0.06467065868263473 0.09584664536741214
1 0.8934131736526946 0.6517571884984025 0.06227544910179641 0.06389776357827474
1 0.9317365269461081 0.5782747603833865 0.09580838323353297 0.09904153354632587
1 0.8682634730538922 0.5367412140575079 0.04550898203592815 0.10223642172523961
1 0.9491017964071855 0.48801916932907347 0.07784431137724551 0.10702875399361023
1 0.6329341317365269 0.2563897763578275 0.05868263473053892 0.09105431309904154
1 0.5568862275449102 0.2803514376996806 0.07664670658682635 0.10702875399361023
1 0.44371257485029936 0.25159744408945683 0.06826347305389222 0.08146964856230031
1 0.444311377245509 0.35782747603833864 0.05269461077844311 0.06389776357827474
1 0.27365269461077835 0.32587859424920124 0.08982035928143713 0.09584664536741214
1 0.16706586826347306 0.3466453674121406 0.06826347305389222 0.10223642172523961
1 0.255688622754491 0.426517571884984 0.07784431137724551 0.10223642172523961
1 0.3407185628742515 0.5375399361022365 0.08023952095808383 0.07507987220447285
1 0.3604790419161678 0.31150159744408945 0.047904191616766484 0.0926517571884984
1 0.19401197604790418 0.26038338658146964 0.09820359281437126 0.0926517571884984
1 0.08383233532934131 0.31150159744408945 0.081437125748503 0.1277955271565495
1 0.02035928143712575 0.28993610223642174 0.0407185628742515 0.15495207667731628
1 0.08922155688622753 0.1996805111821086 0.1497005988023952 0.0830670926517572
1 0.118562874251497 0.09424920127795527 0.11497005988023952 0.09904153354632587
1 0.6568862275449102 0.1413738019169329 0.0754491017964072 0.06869009584664537
1 0.7071856287425148 0.2563897763578275 0.04431137724550898 0.0878594249201278
1 0.6682634730538922 0.05591054313099041 0.08383233532934131 0.0670926517571885
1 0.7874251497005988 0.04472843450479233 0.05868263473053892 0.08945686900958466
1 0.9526946107784431 0.040734824281150155 0.08982035928143713 0.07827476038338659
1 0.6149700598802396 0.6325878594249201 0.08982035928143713 0.04792332268370607
1 0.18383233532934132 0.7611821086261981 0.06347305389221557 0.0878594249201278
1 0.218562874251497 0.6509584664536742 0.05868263473053892 0.11661341853035143
1 0.13952095808383233 0.7108626198083067 0.06107784431137724 0.0926517571884984
1 0.07784431137724551 0.8921725239616611 0.05029940119760479 0.05591054313099041
1 0.13592814371257483 0.8490415335463258 0.06107784431137724 0.06549520766773162
1 0.03952095808383233 0.8162939297124601 0.05029940119760479 0.0670926517571885
1 0.9748502994011976 0.9680511182108628 0.047904191616766484 0.06389776357827474
1 0.9706586826347307 0.9017571884984025 0.05868263473053892 0.08146964856230031
1 0.732934131736527 0.9440894568690095 0.19880239520958085 0.11182108626198083
1 0.5550898203592816 0.17891373801916935 0.09221556886227543 0.07028753993610223
1 0.38502994011976044 0.4560702875399361 0.04431137724550898 0.07507987220447285
