2 0.5499611088220612 0.0751561953996425 0.05210031075513067 0.05210031075513067
2 0.5763106912729318 0.07755161198608528 0.036530102943252464 0.040123227822916704
2 0.601462565430581 0.08863041369838318 0.03173926977036695 0.02994270733053485
2 0.6104453776297415 0.061981404174207146 0.03413468635680967 0.03772781123647392
2 0.592779180304726 0.03682953001655787 0.041919790262748856 0.0413209361161381
2 0.6924883957154073 0.08773213247846712 0.014971353665267402 0.011378228785603248
2 0.6939855310819337 0.07635390369286388 0.015570207811878189 0.012575937078824635
2 0.678714750343361 0.1272565061547731 0.022157603424595846 0.02575072830425997
2 0.6628451154581775 0.12965192274121595 0.023954165864427782 0.024553020011038568
2 0.6730256359505593 0.14671926591962078 0.019163332691542342 0.023954165864427873
2 0.7481818313502019 0.2170846281463777 0.020959895131374428 0.020959895131374386
2 0.7637520391620802 0.0838395805254976 0.012575937078824682 0.013174791225435342
2 0.7583623518425837 0.07605447661955854 0.011378228785603248 0.01077937463899255
2 0.7661474557485228 0.0733596329598104 0.013773645372046115 0.012575937078824635
2 0.7733337055078513 0.07934817442591738 0.014971353665267546 0.016169061958488825
2 0.71225058255356 0.1856447854493161 0.016169061958488835 0.016767916105099513
2 0.7200356864594991 0.20001728496797289 0.0185644785449317 0.019163332691542308
2 0.7350070401247665 0.20001728496797283 0.022157603424595714 0.023954165864427893
2 0.7296173528052702 0.18534535837601074 0.016169061958488835 0.012575937078824649
2 0.7263236549989114 0.22546858619892743 0.014372499518656753 0.016169061958488835
2 0.7158437074332242 0.21798290936629375 0.020959895131374428 0.016767916105099513
0 0.770685027424437 0.7480452794958572 0.15287664838370874 0.2707433772902322
0 0.6744077488621777 0.6821099311471583 0.11669973159061739 0.29291632629244946
0 0.37332244135838494 0.7690512311821682 0.3150892752946668 0.13303769401330393
0 0.3943283930446961 0.6815264324892053 0.21472750612673594 0.10036176916793099
0 0.10082856809429348 0.13770568327692845 0.13653868596102228 0.06535184969074571
