1 0.5946398659966501 0.8731155778894475 0.2814070351758794 0.24874371859296482
1 0.3149078726968174 0.8040201005025125 0.4388609715242881 0.3065326633165829
1 0.5552763819095478 0.6714824120603016 0.24288107202680068 0.13693467336683418
1 0.5443886097152428 0.5131909547738693 0.509212730318258 0.29020100502512564
1 0.29983249581239535 0.37751256281407036 0.32830820770519265 0.24246231155778894
1 0.25544388609715235 0.121859296482412 0.48743718592964813 0.243718592964824
1 0.5979899497487438 0.20603015075376885 0.36515912897822445 0.2512562814070352
1 0.7018425460636516 0.3002512562814071 0.2780569514237856 0.2236180904522613
1 0.8509212730318257 0.1394472361809046 0.2780569514237856 0.2236180904522613
1 0.891122278056951 0.3360552763819096 0.20435510887772124 0.17211055276381895
1 0.3450586264656612 0.567211055276382 0.20435510887772124 0.17211055276381895
1 0.21859296482412036 0.29657677591607345 0.4371859296482407 0.1721105527638191
