0 0.31972361809045224 0.21922110552763818 0.1721105527638191 0.09422110552763821
0 0.23115577889447259 0.12562814070351763 0.1557788944723621 0.11557788944723629
0 0.08668341708542715 0.13756281407035176 0.1633165829145729 0.08919597989949749
0 0.1614321608040199 0.28768844221105516 0.18718592964824107 0.12311557788944727
0 0.16834170854271358 0.17211055276381904 0.18090452261306528 0.1206030150753768
0 0.3121859296482412 0.2945979899497488 0.1494974874371859 0.114321608040201
0 0.3071608040201005 0.12751256281407036 0.12939698492462315 0.0992462311557789
0 0.1080402010050251 0.22613065326633167 0.16582914572864316 0.08040201005025122
1 0.5891959798994977 0.11809045226130643 0.16331658291457296 0.21105527638190943
0 0.6331658291457286 0.21105527638190955 0.09045226130653267 0.05276381909547738
0 0.5389447236180903 0.04145728643216081 0.07537688442211037 0.07788944723618092
0 0.6275125628140705 0.030150753768844213 0.09673366834170867 0.060301507537688426
0 0.5276381909547738 0.12625628140703526 0.05276381909547738 0.08919597989949747
0 0.6206030150753769 0.17964824120603015 0.09798994974874371 0.06281407035175879
1 0.0998963908732632 0.5200365409944877 0.023209963912145703 0.038683273186909554
1 0.13277717308213627 0.5338980472197968 0.03223606098909125 0.03545966708800036
1 0.10118583331282684 0.5625881415000881 0.03610438830778218 0.042551600505600445
1 0.1340666155216999 0.5761272871155064 0.023209963912145692 0.04770937026385509
1 0.07442990269188111 0.7057162522916535 0.03159133976930943 0.055446024901236964
1 0.11311317587879062 0.7344063465719445 0.03417022464843672 0.03932799440669133
1 0.03735843255442614 0.7737343409786382 0.0644721219781824 0.15537781396742192
1 0.11182373343922716 0.8330486931985709 0.039327994406690936 0.03545966708801454
1 0.09892930904359051 0.6009490540771067 0.019986357813236565 0.02643357001105482
1 0.5449892511707376 0.5785189740920743 0.05284239216844408 0.03038437549685532
1 0.6039965890921668 0.5573820172246968 0.027301902620362823 0.0858688872737216
1 0.6268949590318259 0.5470337154250431 0.029944022228784947 0.08542853400565126
1 0.6238124861553335 0.6967538265689679 0.02554048954808125 0.07926358825266616
1 0.6519950953118364 0.6949924134966867 0.027301902620363614 0.0695758163551181
1 0.683700530612901 0.6949924134966883 0.03258614183721154 0.07309864249968406
1 0.6803978811023756 0.5807207404324265 0.07353899576775139 0.04007214739440304
1 0.5588603791149542 0.6262973036777091 0.07353899576775136 0.02201766340351839
1 0.5892447546118091 0.6855248182331737 0.02950366896071526 0.06649334347862554
1 0.551374373557758 0.6483149670812276 0.06737405001476628 0.021136956867377554
1 0.5487322539493359 0.6731949267272034 0.04975991929195149 0.02598084281615162
1 0.6898654763658885 0.6265174803117445 0.05548451177686629 0.039191440858262615
1 0.587263164905493 0.5840233899429539 0.05460380524072555 0.05724592484914777
1 0.6226952262107253 0.6385070988378424 0.04803853833494917 0.027294624053948353
1 0.633431111671945 0.6072092632559815 0.03457319046833466 0.025111054129632538
