2 0.4403314917127071 0.8285024154589371 0.1580110497237569 0.21980676328502416
2 0.23812154696132598 0.8780193236714976 0.1425414364640884 0.12560386473429952
2 0.15745856353591162 0.7294685990338166 0.11160220994475138 0.1280193236714976
2 0.16022099447513816 0.5984299516908212 0.112707182320442 0.12681159420289856
2 0.2093922651933702 0.6316425120772946 0.12044198895027625 0.0748792270531401
2 0.09005524861878453 0.5573671497584541 0.1005524861878453 0.09541062801932364
2 0.054696132596685085 0.5096618357487922 0.09171270718232044 0.09903381642512077
2 0.5867403314917127 0.5030193236714976 0.16132596685082873 0.13405797101449277
2 0.7303867403314916 0.6328502415458938 0.16574585635359113 0.09903381642512077
2 0.8839779005524862 0.5929951690821256 0.15469613259668508 0.14492753623188406
2 0.7701657458563538 0.553743961352657 0.11491712707182321 0.0881642512077295
2 0.7480662983425417 0.5006038647342996 0.12375690607734807 0.10990338164251208
2 0.5823204419889503 0.2971014492753623 0.1281767955801105 0.13043478260869565
2 0.4839779005524862 0.2578502415458937 0.11712707182320442 0.15579710144927536
2 0.2850828729281768 0.23429951690821255 0.16132596685082873 0.13285024154589373
2 0.2906077348066298 0.41183574879227053 0.13922651933701657 0.0966183574879227
2 0.2712707182320442 0.3152173913043479 0.10718232044198896 0.07004830917874397
2 0.2756906077348066 0.1195652173913043 0.1138121546961326 0.1207729468599033
2 0.4226519337016573 0.0785024154589372 0.13149171270718232 0.12318840579710147
2 0.2060773480662984 0.08091787439613526 0.10718232044198896 0.10628019323671496
