2 0.5480678605089538 0.39510050251256285 0.20452403393025448 0.24246231155778894
2 0.6154571159283694 0.22989949748743715 0.20735155513666353 0.2638190954773869
2 0.4538171536286522 0.32286432160804013 0.176248821866164 0.23618090452261306
2 0.353440150801131 0.2933417085427136 0.20169651272384542 0.2022613065326633
2 0.7686145146088597 0.6469849246231155 0.22148916116870876 0.21608040201005024
2 0.6244109330819981 0.5577889447236181 0.18944392082940623 0.18592964824120603
2 0.42318567389255424 0.6055276381909548 0.20735155513666353 0.22110552763819097
2 0.37370405278039576 0.44597989949748745 0.1950989632422243 0.2135678391959799
2 0.3242224316682374 0.6513819095477387 0.15080113100848253 0.22738693467336685
2 0.653628652214892 0.7606783919597991 0.14797360980207291 0.23994974874371855
2 0.5391140433553252 0.6840452261306532 0.1489161168708765 0.17713567839195973
2 0.48350612629594725 0.7474874371859297 0.15268614514608864 0.20603015075376885
2 0.727144203581527 0.4522613065326633 0.16870876531573986 0.1934673366834171
