0 0.3200455580865604 0.5 0.30751708428246016 0.1681643132220796
0 0.28359908883826873 0.39088575096277284 0.26651480637813213 0.13222079589216945
0 0.11617312072892938 0.362002567394095 0.23234624145785876 0.20539152759948653
0 0.07061503416856492 0.6309370988446726 0.14123006833712984 0.10911424903722722
0 0.6161731207289293 0.6578947368421052 0.09339407744874716 0.06546854942233633
0 0.957858769931663 0.47753530166880614 0.08428246013667426 0.0821566110397946
0 0.5353075170842826 0.4525032092426188 0.05922551252847381 0.04749679075738125
0 0.752847380410023 0.4293966623876765 0.05694760820045558 0.03979460847240052
0 0.714123006833713 0.9287548138639281 0.05694760820045558 0.03209242618741977
1 0.32801822323462415 0.72400513478819 0.22779043280182232 0.12836970474967907
1 0.10820045558086562 0.7445442875481387 0.13439635535307518 0.0693196405648267
1 0.5034168564920273 0.5725288831835688 0.2232346241457859 0.12323491655969195
1 0.7460136674259684 0.44094993581514763 0.19817767653758542 0.07830551989730423
0 0.5296127562642369 0.4249037227214377 0.17084282460136674 0.08729139922978177
1 0.5523917995444192 0.45571245186136083 0.21184510250569477 0.08472400513478819
1 0.7835990888382688 0.7734274711168164 0.19134396355353075 0.09370988446726573
1 0.6457858769931663 0.7881899871630297 0.23006833712984054 0.0975609756097561
1 0.4567198177676538 0.7740693196405648 0.1662870159453303 0.0949935815147625
1 0.35079726651480636 0.9075738125802311 0.1731207289293849 0.08472400513478819
1 0.46127562642369013 0.8793324775353016 0.1070615034168565 0.04621309370988448
1 0.5854214123006836 0.8754813863928114 0.16400911161731213 0.051347881899871634
1 0.9145785876993167 0.9743260590500643 0.17084282460136674 0.051347881899871634
1 0.94874715261959 0.9024390243902438 0.10250569476082004 0.07445442875481387
1 0.9009111617312072 0.7907573812580233 0.11617312072892938 0.07958921694480103
1 0.6981776765375856 0.9191270860077022 0.13895216400911162 0.07188703465982028
1 0.8018223234624144 0.8690629011553274 0.12300683371298404 0.051347881899871634
