2 0.3612786489746684 0.9289592760180996 0.1411338962605549 0.0751131221719457
2 0.4969843184559711 0.7416289592760181 0.10856453558504234 0.057013574660633504
2 0.5585042219541617 0.7647058823529411 0.06272617611580217 0.065158371040724
2 0.5500603136308806 0.692760180995475 0.09167671893848009 0.06606334841628961
2 0.904704463208685 0.6212669683257919 0.08443908323281062 0.051583710407239816
2 0.8648974668275031 0.5886877828054299 0.06272617611580217 0.044343891402714934
2 0.8359469240048248 0.592760180995475 0.05790108564535586 0.03800904977375565
2 0.7310012062726176 0.42036199095022625 0.07478890229191797 0.04253393665158371
2 0.6924004825090471 0.37918552036199094 0.06755126658624849 0.05067873303167421
2 0.7430639324487335 0.36334841628959275 0.04342581423401689 0.051583710407239816
2 0.7593486127864897 0.3846153846153846 0.05910735826296743 0.04162895927601809
2 0.7816646562123037 0.36289592760180994 0.06755126658624849 0.032579185520362
2 0.7394451145958989 0.3158371040723982 0.05548854041013269 0.036199095022624445
2 0.7750301568154405 0.3212669683257918 0.06634499396863691 0.032579185520362
2 0.7979493365500605 0.304524886877828 0.04463208685162848 0.03167420814479638
2 0.7876960193003619 0.28371040723981905 0.04825090470446319 0.046153846153846156
2 0.7466827503015682 0.28099547511312223 0.05548854041013269 0.03529411764705882
2 0.7147165259348611 0.22171945701357465 0.04463208685162848 0.04343891402714932
2 0.6899879372738239 0.18823529411764703 0.05307599517490953 0.04162895927601809
2 0.6242460796139928 0.17647058823529413 0.04945717732207479 0.04162895927601809
2 0.4837153196622437 0.1751131221719457 0.06031363088057901 0.03891402714932127
2 0.4662243667068757 0.21085972850678736 0.06151990349819059 0.03438914027149322
2 0.6115802171290713 0.22669683257918552 0.045838359469240045 0.03529411764705882
2 0.646562123039807 0.22805429864253393 0.03618817852834741 0.03076923076923077
2 0.6459589867310013 0.2665158371040724 0.030156815440289506 0.028054298642533938
2 0.6507840772014474 0.24434389140271492 0.03739445114595898 0.023529411764705882
2 0.5946924004825092 0.2547511312217195 0.05066344993968637 0.03167420814479638
2 0.6598311218335344 0.32443438914027145 0.038600723763570564 0.03891402714932127
2 0.7098914354644147 0.3407239819004524 0.04704463208685163 0.04253393665158371
2 0.35645355850422183 0.18190045248868777 0.03498190591073583 0.032579185520362
2 0.33896260554885393 0.13981900452488688 0.045838359469240045 0.02986425339366516
2 0.3039806996381182 0.12760180995475115 0.05548854041013269 0.047058823529411764
