2 0.2402200488997555 0.11363636363636363 0.15036674816625917 0.14438502673796794
2 0.08863080684596576 0.4431818181818182 0.1430317848410758 0.10561497326203212
2 0.051344743276283626 0.4699197860962567 0.09779951100244501 0.07887700534759358
2 0.16687041564792174 0.39505347593582885 0.1234718826405868 0.11898395721925134
2 0.20599022004889975 0.35093582887700536 0.06234718826405868 0.08155080213903744
2 0.15464547677261617 0.2774064171122995 0.1332518337408313 0.11898395721925134
2 0.44559902200489004 0.17780748663101606 0.12102689486552567 0.14705882352941177
2 0.7231051344743276 0.3556149732620321 0.1234718826405868 0.0962566844919786
2 0.8801955990220048 0.4157754010695187 0.13447432762836187 0.11497326203208556
2 0.7799511002444988 0.4558823529411764 0.15403422982885082 0.11497326203208556
2 0.7310513447432763 0.49532085561497324 0.09290953545232274 0.11631016042780748
2 0.5794621026894865 0.4779411764705881 0.13691931540342298 0.13502673796791442
2 0.5867970660146699 0.6764705882352942 0.13447432762836187 0.11497326203208556
2 0.4822738386308068 0.7272727272727272 0.12102689486552567 0.14438502673796794
2 0.3068459657701712 0.771390374331551 0.1100244498777506 0.10695187165775401
2 0.27444987775061125 0.6149732620320855 0.11858190709046454 0.10962566844919783
2 0.2762836185819071 0.877005347593583 0.12224938875305623 0.10962566844919783
2 0.4278728606356968 0.8943850267379679 0.1271393643031785 0.10695187165775401
2 0.19621026894865523 0.9157754010695187 0.11613691931540339 0.10695187165775401
2 0.2701711491442543 0.6751336898395722 0.1002444987775061 0.06684491978609626
