1 0.39056224899598396 0.39572864321608037 0.2429718875502008 0.1633165829145729
1 0.48393574297188735 0.5094221105527641 0.43373493975903576 0.14698492462311566
1 0.2771084337349398 0.13253768844221106 0.38152610441767076 0.2198492462311558
1 0.5140562248995983 0.28454773869346733 0.2931726907630522 0.17964824120603015
1 0.21787148594377512 0.30967336683417085 0.41164658634538154 0.17964824120603015
1 0.23192771084337346 0.5150753768844221 0.37148594377510036 0.1984924623115578
1 0.5291164658634538 0.7041457286432165 0.3795180722891567 0.1444723618090452
1 0.7028112449799196 0.6972361809045227 0.43373493975903615 0.24874371859296482
1 0.32630522088353414 0.7751256281407035 0.3755020080321285 0.22110552763819097
1 0.6987951807228915 0.9221105527638191 0.40160642570281124 0.15577889447236182
1 0.572289156626506 0.4082914572864321 0.3654618473895582 0.1407035175879397
