0 0.07050592034445641 0.18891280947255112 0.10871905274488698 0.17761033369214208
0 0.1743810548977395 0.2217438105489774 0.11194833153928956 0.20667384284176535
0 0.2664155005382131 0.21582346609257264 0.11948331539289558 0.1883745963401507
0 0.2142088266953714 0.38536060279870826 0.08826695371367065 0.13132400430570507
0 0.2717976318622174 0.37459634015069965 0.11302475780409042 0.16146393972012915
0 0.06889128094725512 0.8040904198062434 0.08826695371367065 0.1743810548977395
0 0.1636167922497309 0.7594187298170073 0.12271259418729817 0.20344456404736275
0 0.2658772874058127 0.7728740581270184 0.11410118406889128 0.1765339074273413
0 0.2685683530678149 0.61248654467169 0.10226049515608182 0.16146393972012915
0 0.19698600645855754 0.5834230355220668 0.1076426264800861 0.11410118406889128
0 0.6431646932185145 0.6221743810548979 0.13240043057050593 0.07319698600645858
0 0.7244348762109797 0.5963401506996769 0.12055974165769644 0.09041980624327234
0 0.628632938643703 0.1232508073196986 0.17222820236813777 0.13240043057050593
0 0.6921420882669536 0.20667384284176535 0.16361679224973083 0.20021528525296017
0 0.5952637244348761 0.20667384284176535 0.12917115177610333 0.13993541442411195
0 0.7055974165769645 0.3353067814854683 0.13885898815931108 0.14747039827771802
0 0.6517761033369212 0.4074273412271259 0.16254036598493 0.13455328310010764
0 0.7997847147470398 0.18729817007534982 0.10979547900968784 0.18083961248654468
