2 0.23948439620081408 0.7945701357466064 0.2265943012211669 0.12126696832579185
2 0.4708276797829038 0.9764705882352939 0.11940298507462688 0.047058823529411764
2 0.6078697421981004 0.9710407239819002 0.15739484396200815 0.05791855203619909
2 0.717774762550882 0.9547511312217195 0.11397557666214382 0.04343891402714932
2 0.5379918588873813 0.7579185520361991 0.18860244233378562 0.11493212669683257
2 0.7618724559023066 0.7054298642533936 0.2075983717774762 0.13665158371040723
2 0.898236092265943 0.629864253393665 0.20352781546811397 0.1248868778280543
2 0.734056987788331 0.6 0.20895522388059695 0.10497737556561086
2 0.5461329715061057 0.5570135746606335 0.17774762550881948 0.11493212669683257
2 0.26797829036635007 0.55158371040724 0.22116689280868385 0.11131221719457013
2 0.40366350067842605 0.4882352941176471 0.2103120759837177 0.10950226244343891
2 0.242876526458616 0.45656108597285067 0.22795115332428764 0.0986425339366516
2 0.20149253731343278 0.37104072398190047 0.21573948439620075 0.08144796380090497
2 0.3582089552238806 0.3714932126696832 0.2198100407055631 0.11312217194570136
2 0.5569877883310719 0.46334841628959283 0.15332428765264586 0.10135746606334842
2 0.6295793758480326 0.38235294117647056 0.18995929443690637 0.08416289592760182
2 0.7021709633649933 0.4610859728506787 0.18317503392130263 0.10588235294117647
2 0.8297150610583448 0.4262443438914027 0.19402985074626866 0.12307692307692308
2 0.8385345997286295 0.5411764705882353 0.26051560379918587 0.10316742081447963
