1 0.5347190105327732 0.1213300551487433 0.061748448916768214 0.05922810406302268
1 0.5876462524614319 0.1534644520340003 0.07939086289298791 0.08569172502735199
1 0.5756746144061401 0.3462708333455423 0.12601724268728234 0.09577310444233461
1 0.6727078912753475 0.19378996969393067 0.05544758678240427 0.06552896619738681
1 0.7105130640815321 0.12385040000248898 0.11593586327229985 0.07939086289298787
1 0.7577695300892631 0.2328553149269882 0.05166706950178583 0.06048827648989552
1 0.6960210811724947 0.27192066016004574 0.044106034940548836 0.06300862134364117
0 0.5958373732361052 0.6279193707516181 0.08065103531986076 0.05166706950178583
0 0.6764884085559653 0.6776961816130943 0.12097655297979096 0.08065103531986165
0 0.7180740986427687 0.6644643711309299 0.08317138017360627 0.05166706950178583
1 0.07656826568265683 0.5940959409594094 0.15313653136531366 0.1402214022140221
1 0.06273062730627306 0.753690036900369 0.11808118081180811 0.10885608856088562
