1 0.8764150943396224 0.7198492462311555 0.21698113207547173 0.1834170854271356
1 0.7839622641509434 0.6771356783919598 0.22452830188679246 0.17587939698492464
1 0.6292452830188678 0.6608040201005025 0.14150943396226415 0.11557788944723618
1 0.719811320754717 0.5791457286432161 0.14150943396226415 0.11306532663316583
1 0.36415094339622645 0.17399497487437188 0.2490566037735849 0.14195979899497488
1 0.5971698113207548 0.2443467336683417 0.15660377358490565 0.13944723618090452
1 0.2569821109429309 0.5069345813799607 0.21132075471698092 0.26914597590413764
1 0.33679245283018866 0.66143216080402 0.17169811320754713 0.13442211055276382
1 0.36226415094339626 0.5659547738693467 0.22641509433962267 0.22487437185929646
1 0.5047169811320755 0.6105527638190955 0.1830188679245283 0.1633165829145729
1 0.2349056603773585 0.353643216080402 0.24716981132075472 0.2022613065326633
1 0.42169811320754713 0.3285175879396985 0.2169811320754717 0.22487437185929646
1 0.5830188679245283 0.4126884422110553 0.2188679245283019 0.1721105527638191
1 0.6094339622641509 0.5621859296482412 0.2490566037735849 0.17713567839195973
