2 0.1944801026957638 0.6964056482670089 0.09114249037227214 0.10911424903722722
2 0.23106546854942234 0.7907573812580231 0.08729139922978177 0.09242618741976896
2 0.2811296534017972 0.7952503209242618 0.08729139922978177 0.13222079589216945
2 0.30872913992297824 0.7053915275994865 0.08344030808729143 0.12195121951219512
2 0.3543003851091142 0.6181001283697047 0.06418485237483953 0.09884467265725286
2 0.368421052631579 0.7188703465982029 0.06161745827984597 0.10012836970474968
2 0.4268292682926828 0.7599486521180999 0.06290115532734275 0.11296534017971759
2 0.2304236200256739 0.5770218228498074 0.06033376123234916 0.07317073170731705
2 0.27663671373555837 0.6566110397946084 0.07060333761232349 0.1116816431322208
2 0.24133504492939667 0.5558408215661104 0.09242618741976896 0.07445442875481387
2 0.3087291399229781 0.5994865211810013 0.04749679075738125 0.07958921694480103
2 0.41912708600770215 0.600770218228498 0.055198973042362 0.07188703465982028
2 0.41078305519897307 0.6675224646983311 0.059050064184852376 0.05648267008985879
2 0.46983311938382544 0.6771501925545571 0.05391527599486521 0.12708600770218229
2 0.09114249037227214 0.08600770218228497 0.11810012836970475 0.11553273427471117
2 0.1643132220795892 0.18228498074454427 0.1258023106546855 0.11553273427471117
2 0.06418485237483953 0.20603337612323494 0.11810012836970475 0.08600770218228501
2 0.20924261874197683 0.09370988446726573 0.06675224646983312 0.08729139922978177
2 0.15596919127086006 0.037869062901155326 0.10141206675224644 0.06546854942233633
0 0.55198973042362 0.6508344030808729 0.08472400513478819 0.1386392811296534
0 0.6277278562259307 0.6341463414634146 0.07188703465982028 0.1360718870346598
0 0.7015404364569962 0.6707317073170732 0.10397946084724005 0.13478818998716302
0 0.7477535301668806 0.6007702182284982 0.13222079589216945 0.1463414634146341
1 0.6822849807445444 0.25609756097560976 0.29653401797175866 0.3273427471116817
