1 0.7911646586345379 0.29821428571428577 0.1793842034805891 0.21071428571428574
1 0.9390896921017403 0.30625 0.11914323962516735 0.3589285714285715
1 0.6900937081659974 0.11875000000000001 0.20214190093708165 0.1767857142857143
1 0.49531459170013387 0.17232142857142857 0.1713520749665328 0.21607142857142858
1 0.32597054886211513 0.21339285714285716 0.18607764390896922 0.20178571428571432
1 0.06559571619812583 0.2626785687037877 0.13119143239625167 0.2182142802647182
1 0.1499330655957162 0.4008928571428572 0.12315930388219545 0.15535714285714286
1 0.10040160642570281 0.4724999972752162 0.20080321285140562 0.19071429116385324
1 0.3674698795180723 0.4401785714285715 0.1887550200803213 0.1875
1 0.5696117804551539 0.5107142857142857 0.13788487282463185 0.29642857142857143
1 0.7556894243641231 0.5285714285714286 0.1539491298527443 0.1821428571428571
1 0.44912985274431055 0.6410714285714284 0.12182061579651941 0.1928571428571429
1 0.20615796519410978 0.725 0.2034805890227577 0.23928571428571435
1 0.038821954484605084 0.7546428544180734 0.07764390896921017 0.29499999455043246
