0 0.7754491017964072 0.4473684210526316 0.032934131736526956 0.024390243902439025
0 0.7552395209580837 0.3684210526315788 0.025449101796407185 0.02053915275994865
0 0.8562874251497006 0.37869062901155315 0.020958083832335328 0.02053915275994865
0 0.9094311377245506 0.426829268292683 0.025449101796407185 0.01668806161745828
0 0.9468562874251496 0.39152759948652116 0.025449101796407185 0.02310654685494224
0 0.33308383233532934 0.30872913992297824 0.03143712574850299 0.026957637997432605
0 0.3218562874251497 0.2227214377406932 0.02694610778443114 0.01668806161745828
0 0.40568862275449097 0.2137355584082156 0.041916167664670656 0.021822849807445442
0 0.5 0.21437740693196405 0.017964071856287425 0.012836970474967908
0 0.4565868263473053 0.2939666238767651 0.02694610778443114 0.02053915275994865
0 0.47305389221556887 0.3465982028241335 0.020958083832335328 0.01797175866495507
0 0.4161676646706586 0.3145057766367137 0.03592814371257485 0.02310654685494224
0 0.5172155688622755 0.3523748395378691 0.02245508982035928 0.021822849807445442
0 0.27919161676646703 0.5346598202824133 0.025449101796407185 0.019255455712451863
0 0.2522455089820359 0.4865211810012837 0.02844311377245509 0.02053915275994865
0 0.27245508982035926 0.44801026957637985 0.020958083832335328 0.02053915275994865
0 0.16841317365269462 0.5006418485237485 0.0404191616766467 0.02310654685494224
0 0.35179640718562877 0.5057766367137357 0.014970059880239521 0.025673940949935817
0 0.4101796407185629 0.5231065468549422 0.02694610778443114 0.026957637997432605
0 0.27919161676646703 0.6052631578947368 0.02245508982035928 0.024390243902439025
0 0.6452095808383236 0.7124518613607188 0.029940119760479042 0.02053915275994865
0 0.7567365269461078 0.8042362002567394 0.0404191616766467 0.03209242618741977
0 0.6721556886227544 0.8754813863928113 0.029940119760479042 0.02053915275994865
0 0.625 0.7997432605905007 0.02844311377245509 0.015404364569961493
0 0.22380239520958084 0.4396662387676508 0.02245508982035928 0.019255455712451863
0 0.3667664670658683 0.34338896020539145 0.02694610778443114 0.01668806161745828
0 0.40793413173652693 0.35943517329910135 0.02245508982035928 0.012836970474967908
0 0.434880239520958 0.4165596919127086 0.0344311377245509 0.024390243902439025
0 0.26646706586826346 0.3889602053915277 0.023952095808383242 0.02310654685494224
1 0.5920658682634731 0.5436456996148908 0.08532934131736529 0.07830551989730423
1 0.406437125748503 0.6919127086007703 0.07335329341317365 0.08985879332477538
1 0.3315868263473054 0.7284980744544285 0.10928143712574853 0.0680359435173299
1 0.26272455089820357 0.7682926829268295 0.07634730538922156 0.057766367137355584
1 0.20209580838323352 0.699614890885751 0.07485029940119758 0.03337612323491656
1 0.11302395209580839 0.7792041078305522 0.18712574850299402 0.07958921694480103
1 0.29715568862275443 0.6431322207958923 0.11826347305389222 0.10269576379974327
1 0.375 0.5513478818998716 0.1062874251497006 0.08344030808729143
1 0.2679640718562874 0.5147625160462131 0.10179640718562874 0.0949935815147625
1 0.16841317365269462 0.47946084724005134 0.07934131736526946 0.055198973042362
1 0.1324850299401198 0.4146341463414634 0.1452095808383234 0.08472400513478819
1 0.25 0.44159178433889607 0.09880239520958084 0.0410783055198973
1 0.3570359281437126 0.4685494223363286 0.10329341317365269 0.051347881899871634
1 0.27095808383233533 0.355584082156611 0.1347305389221557 0.11810012836970475
1 0.7679640718562876 0.5449293966623876 0.1377245508982036 0.05006418485237484
1 0.7290419161676647 0.48973042362002567 0.15868263473053892 0.06033376123234916
1 0.8428143712574849 0.4473684210526316 0.16467065868263472 0.055198973042362
1 0.7881736526946108 0.38125802310654683 0.12425149700598803 0.08985879332477538
1 0.9670658682634731 0.3189987163029525 0.06586826347305391 0.08600770218228501
1 0.9071856287425151 0.39088575096277284 0.11077844311377243 0.05006418485237484
1 0.8705089820359284 0.34082156611039793 0.12125748502994012 0.06033376123234916
1 0.6482035928143712 0.30231065468549423 0.08982035928143713 0.06290115532734275
1 0.6706586826347305 0.24454428754813864 0.08682634730538923 0.0680359435173299
1 0.658682634730539 0.17394094993581516 0.11676646706586827 0.07060333761232349
1 0.6032934131736527 0.2105263157894737 0.0718562874251497 0.05648267008985879
1 0.5800898203592815 0.2605905006418485 0.06137724550898204 0.043645699614890884
1 0.5531437125748503 0.33119383825417203 0.08233532934131736 0.07958921694480103
1 0.44311377245508976 0.40693196405648263 0.13173652694610782 0.11553273427471117
1 0.2949101796407186 0.26379974326059047 0.09580838323353297 0.06546854942233633
1 0.36377245508982026 0.21951219512195116 0.1616766467065868 0.08729139922978177
1 0.4154191616766467 0.1399229781771502 0.11526946107784435 0.08472400513478819
1 0.379491017964072 0.32926829268292684 0.11826347305389222 0.14505776636713735
1 0.5127245508982036 0.26123234916559696 0.07035928143712575 0.11938382541720154
1 0.5112275449101795 0.1360718870346598 0.10329341317365269 0.1514762516046213
1 0.4281437125748503 0.05648267008985879 0.12275449101796408 0.08472400513478819
