2 0.5245508982035928 0.6261980830670927 0.0910179640718563 0.10223642172523961
2 0.6622754491017966 0.5623003194888178 0.06467065868263473 0.09584664536741214
2 0.40898203592814364 0.4968051118210862 0.13293413173652693 0.1693290734824281
2 0.5251497005988024 0.36341853035143773 0.1377245508982036 0.17092651757188498
2 0.43173652694610787 0.39376996805111825 0.13532934131736526 0.15814696485623003
2 0.32874251497005985 0.4017571884984026 0.0754491017964072 0.05910543130990416
2 0.6203592814371257 0.29792332268370614 0.12934131736526946 0.19648562300319491
2 0.719760479041916 0.3178913738019169 0.09341317365269461 0.18210862619808307
2 0.7928143712574852 0.31869009584664537 0.10538922155688622 0.1900958466453674
1 0.9790419161676646 0.6461661341853034 0.025149700598802394 0.052715654952076675
1 0.9610778443113773 0.6110223642172524 0.032335329341317366 0.030351437699680503
1 0.925748502994012 0.6246006389776358 0.04311377245508982 0.038338658146964855
1 0.897005988023952 0.5335463258785943 0.047904191616766484 0.051118210862619806
1 0.9107784431137728 0.4744408945686901 0.05389221556886228 0.060702875399361006
1 0.9544910179640719 0.5367412140575079 0.05269461077844311 0.038338658146964855
1 0.9844311377245509 0.5423322683706069 0.031137724550898204 0.06869009584664537
1 0.8389221556886227 0.4904153354632589 0.039520958083832346 0.06389776357827474
1 0.8167664670658681 0.6126198083067094 0.1029940119760479 0.11661341853035143
1 0.7473053892215569 0.5383386581469649 0.033532934131736525 0.04792332268370607
1 0.6544910179640719 0.4520766773162939 0.04431137724550898 0.054313099041533544
1 0.7754491017964072 0.46805111821086265 0.06347305389221557 0.07028753993610223
1 0.6916167664670657 0.4968051118210862 0.046706586826347304 0.051118210862619806
1 0.5832335329341318 0.5175718849840255 0.04550898203592815 0.054313099041533544
1 0.4982035928143712 0.7531948881789137 0.04550898203592815 0.07188498402555912
1 0.41796407185628753 0.7172523961661341 0.06706586826347305 0.09584664536741214
2 0.28622754491017965 0.652555910543131 0.05748502994011976 0.07507987220447285
2 0.07485029940119761 0.7052715654952075 0.06826347305389222 0.06549520766773162
2 0.14550898203592813 0.46645367412140587 0.04431137724550898 0.051118210862619806
2 0.1317365269461078 0.49121405750798725 0.033532934131736525 0.043130990415335455
2 0.2275449101796407 0.42971246006389774 0.019161676646706587 0.02875399361022364
2 0.32215568862275445 0.4520766773162939 0.02874251497005988 0.02875399361022364
2 0.3059880239520958 0.5327476038338659 0.022754491017964076 0.03354632587859425
2 0.2502994011976048 0.9289137380191695 0.033532934131736525 0.039936102236421724
1 0.39520958083832347 0.90814696485623 0.05269461077844311 0.062300319488817875
1 0.34910179640718575 0.8746006389776357 0.04910179640718563 0.04952076677316294
1 0.34850299401197615 0.7835463258785943 0.05269461077844311 0.05910543130990416
1 0.2844311377245509 0.7899361022364217 0.07065868263473053 0.08146964856230031
1 0.21736526946107781 0.7683706070287539 0.05868263473053892 0.07667731629392971
1 0.16347305389221556 0.7851437699680511 0.0562874251497006 0.04952076677316294
1 0.1155688622754491 0.6429712460063898 0.06347305389221557 0.07827476038338659
1 0.05089820359281437 0.5782747603833865 0.0754491017964072 0.09584664536741214
1 0.08982035928143713 0.8674121405750799 0.08622754491017964 0.08626198083067091
1 0.15149700598802396 0.9744408945686901 0.10419161676646707 0.051118210862619806
1 0.04491017964071856 0.9153354632587858 0.07065868263473053 0.0830670926517572
1 0.20239520958083834 0.8698083067092653 0.05748502994011976 0.06869009584664537
1 0.28502994011976046 0.8666134185303513 0.06227544910179641 0.06549520766773162
1 0.3401197604790419 0.5630990415335464 0.1029940119760479 0.1645367412140575
1 0.2958083832335329 0.5247603833865816 0.059880239520958084 0.07188498402555912
1 0.2311377245508982 0.43530351437699677 0.08862275449101796 0.09105431309904154
1 0.31676646706586825 0.45287539936102233 0.05868263473053892 0.09105431309904154
1 0.008982035928143712 0.8306709265175718 0.017964071856287425 0.07667731629392971
1 0.40958083832335335 0.8346645367412142 0.033532934131736525 0.039936102236421724
1 0.434131736526946 0.6317891373801917 0.046706586826347304 0.08146964856230031
1 0.5203592814371257 0.5111821086261981 0.0562874251497006 0.0670926517571885
1 0.02035928143712575 0.5375399361022364 0.03592814371257485 0.10702875399361023
