1 0.22117962466487937 0.5053571428571428 0.14209115281501344 0.05714285714285714
1 0.3619302949061662 0.46160714285714294 0.13404825737265416 0.08035714285714286
1 0.40482573726541554 0.3580357142857143 0.12332439678284182 0.09464285714285714
1 0.5201072386058981 0.3339285714285714 0.128686327077748 0.10357142857142858
1 0.5777479892761395 0.28035714285714286 0.14209115281501344 0.09642857142857145
1 0.4839142091152815 0.03482142857142858 0.14745308310991956 0.06607142857142859
1 0.5804289544235925 0.10714285714285714 0.13672922252010722 0.05714285714285714
1 0.6152815013404824 0.16071428571428573 0.13672922252010722 0.04285714285714286
1 0.7158176943699732 0.1776785714285714 0.13404825737265416 0.14107142857142857
1 0.7117962466487936 0.43125 0.17426273458445046 0.08392857142857142
1 0.6300268096514746 0.50625 0.10187667560321716 0.0875
1 0.7158176943699732 0.5571428571428573 0.08579088471849866 0.07857142857142857
1 0.67828418230563 0.6196428571428573 0.1447721179624665 0.08214285714285713
1 0.6702412868632708 0.7446428571428572 0.10723860589812333 0.15357142857142858
