2 0.276797829036635 0.7497737556561086 0.15739484396200815 0.08235294117647057
2 0.41519674355495256 0.7638009049773757 0.07598371777476255 0.04162895927601809
2 0.6295793758480326 0.7502262443438913 0.08412483039348712 0.03438914027149322
2 0.5393487109905021 0.748868778280543 0.06648575305291723 0.03891402714932127
2 0.4423337856173677 0.6773755656108597 0.08955223880597013 0.04253393665158371
2 0.4443690637720488 0.6307692307692307 0.10447761194029848 0.05972850678733032
2 0.4172320217096337 0.56289592760181 0.08005427408412484 0.04886877828054299
2 0.49796472184531887 0.5257918552036199 0.07327001356852103 0.03800904977375565
2 0.5637720488466758 0.49140271493212667 0.08819538670284936 0.05248868778280543
2 0.6702849389416555 0.39411764705882346 0.09497964721845319 0.06063348416289593
2 0.6967435549525102 0.3271493212669683 0.06648575305291723 0.0497737556561086
2 0.7767978290366347 0.2886877828054299 0.12075983717774763 0.07782805429864253
2 0.8867028493894167 0.30814479638009046 0.06648575305291723 0.051583710407239816
2 0.8534599728629578 0.37149321266968327 0.10040705563093623 0.06063348416289593
2 0.5264586160108549 0.3294117647058824 0.07869742198100407 0.06334841628959276
2 0.4592944369063771 0.31266968325791855 0.08548168249660787 0.05882352941176469
2 0.5915875169606513 0.29095022624434397 0.07055630936227951 0.05339366515837104
2 0.4531886024423336 0.2271493212669683 0.06784260515603797 0.05067873303167421
2 0.5156037991858888 0.28371040723981905 0.054274084124830396 0.04253393665158371
2 0.10786974219810042 0.302262443438914 0.12075983717774763 0.08325791855203618
2 0.22184531886024422 0.22986425339366515 0.09633649932157395 0.05791855203619909
2 0.07666214382632291 0.4633484162895927 0.10447761194029848 0.056108597285067875
2 0.1370420624151967 0.4004524886877829 0.09769335142469471 0.06606334841628961
2 0.10719131614654001 0.567420814479638 0.09226594301221164 0.04886877828054299
2 0.18521031207598374 0.5076923076923077 0.06105834464043419 0.03800904977375565
2 0.2564450474898236 0.5443438914027151 0.06241519674355495 0.028054298642533938
2 0.12211668928086841 0.4832579185520362 0.06241519674355495 0.03438914027149322
2 0.30597014925373134 0.4737556561085973 0.0773405698778833 0.05339366515837104
2 0.6899592944369064 0.6248868778280543 0.0773405698778833 0.05339366515837104
2 0.7903663500678426 0.579185520361991 0.06105834464043419 0.04343891402714932
1 0.47354138398914514 0.651131221719457 0.48846675712347354 0.248868778280543
2 0.15603799185888736 0.7126696832579185 0.054274084124830396 0.03529411764705882
1 0.18521031207598374 0.5294117647058824 0.29986431478968795 0.2678733031674208
1 0.41383989145183164 0.3429864253393665 0.5481682496607868 0.3076923076923077
1 0.8283582089552242 0.41628959276018096 0.29715061058344633 0.4072398190045249
