2 0.08805790108564535 0.6194570135746608 0.07478890229191797 0.06787330316742081
2 0.13932448733413752 0.5914027149321267 0.08323281061519903 0.05520361990950226
2 0.1899879372738239 0.4619909502262443 0.051869722557297944 0.047963800904977386
2 0.2002412545235223 0.4289592760180995 0.04825090470446319 0.03800904977375565
2 0.2322074788902292 0.4628959276018099 0.06151990349819059 0.05520361990950226
2 0.26357056694813025 0.4244343891402715 0.051869722557297944 0.032579185520362
2 0.3100120627261761 0.3891402714932126 0.05307599517490953 0.05067873303167421
2 0.23642943305186973 0.3882352941176471 0.06031363088057901 0.032579185520362
2 0.22195416164053075 0.3529411764705882 0.06513872135102533 0.04524886877828054
2 0.22979493365500603 0.3307692307692308 0.04945717732207479 0.044343891402714934
2 0.18938480096501809 0.3131221719457014 0.02895054282267793 0.04162895927601809
2 0.2159227985524729 0.2877828054298643 0.04342581423401689 0.039819004524886875
2 0.25512665862484923 0.28099547511312223 0.04463208685162848 0.03891402714932127
2 0.24969843184559712 0.30633484162895924 0.07961399276236429 0.04072398190045248
2 0.28769601930036187 0.33574660633484166 0.06151990349819059 0.039819004524886875
2 0.25814234016887816 0.35837104072398185 0.04825090470446319 0.05067873303167421
2 0.34378769601930026 0.3312217194570136 0.038600723763570564 0.04524886877828054
2 0.3630880579010857 0.2882352941176471 0.04342581423401689 0.03167420814479638
2 0.39867310012062723 0.2561085972850679 0.032569360675512665 0.032579185520362
2 0.35404101326899884 0.2683257918552036 0.04704463208685163 0.02986425339366516
2 0.35464414957780455 0.2502262443438914 0.038600723763570564 0.02262443438914027
2 0.2852834740651387 0.22352941176470587 0.06151990349819059 0.03800904977375565
2 0.30759951749095293 0.19457013574660628 0.06513872135102533 0.04524886877828054
2 0.3908323281061521 0.18144796380090497 0.06755126658624849 0.037104072398190045
2 0.5259348612786491 0.17104072398190048 0.045838359469240045 0.05067873303167421
2 0.5307599517490954 0.21900452488687783 0.05066344993968637 0.03800904977375565
2 0.6537997587454766 0.18235294117647058 0.04825090470446319 0.024434389140271497
2 0.667068757539204 0.14389140271493214 0.02895054282267793 0.02171945701357466
2 0.683956574185766 0.11447963800904977 0.045838359469240045 0.028054298642533938
2 0.6507840772014475 0.1588235294117647 0.04704463208685163 0.03529411764705882
2 0.514475271411339 0.7461538461538462 0.09047044632086852 0.05882352941176469
2 0.45476477683956573 0.7076923076923077 0.11338962605548854 0.056108597285067875
2 0.4505428226779251 0.7633484162895927 0.13148371531966224 0.07873303167420814
2 0.661037394451146 0.9407239819004526 0.14234016887816647 0.09140271493212669
2 0.36670687575392036 0.23031674208144795 0.03618817852834741 0.046153846153846156
2 0.3944511459589868 0.22805429864253393 0.07237635705669482 0.03438914027149322
2 0.5235223160434258 0.3135746606334842 0.045838359469240045 0.04072398190045248
2 0.5482509047044632 0.32398190045248865 0.06151990349819059 0.04524886877828054
