0 0.5582191780821918 0.47368421052631576 0.10273972602739725 0.07958921694480103
1 0.6601027397260273 0.2811296534017972 0.1284246575342466 0.10783055198973042
0 0.5565068493150683 0.31001283697047494 0.0547945205479452 0.055198973042362
1 0.75 0.4403080872913992 0.1404109589041096 0.07958921694480103
1 0.5470890410958904 0.6591784338896021 0.1113013698630137 0.08600770218228501
1 0.4075342465753425 0.6065468549422337 0.06164383561643835 0.07573812580231065
1 0.4974315068493151 0.6091142490372272 0.06678082191780822 0.08344030808729143
1 0.7191780821917808 0.5481386392811298 0.08561643835616438 0.07445442875481387
1 0.7448630136986302 0.6270860077021824 0.10273972602739725 0.06546854942233633
1 0.8561643835616438 0.6694480102695765 0.10273972602739725 0.06546854942233633
1 0.9452054794520545 0.6758664955070602 0.0821917808219178 0.0680359435173299
0 0.5136986301369862 0.7471116816431324 0.06164383561643835 0.051347881899871634
1 0.41609589041095885 0.7195121951219512 0.1232876712328767 0.052631578947368425
0 0.35787671232876705 0.6745827984595636 0.06164383561643835 0.04236200256739409
1 0.36900684931506844 0.8767650834403081 0.056506849315068476 0.05648267008985879
1 0.4434931506849315 0.8761232349165597 0.05136986301369863 0.07317073170731705
1 0.4289383561643835 0.9255455712451861 0.1113013698630137 0.07445442875481387
1 0.5136986301369862 0.9403080872913993 0.10616438356164384 0.08344030808729143
1 0.9589041095890412 0.9557124518613608 0.0821917808219178 0.0885750962772786
0 0.8570205479452055 0.9878048780487805 0.09417808219178082 0.024390243902439025
1 0.690068493150685 0.09627727856225932 0.1198630136986301 0.08729139922978177
1 0.7970890410958904 0.08087291399229782 0.13184931506849315 0.0949935815147625
1 0.9246575342465754 0.11810012836970474 0.0958904109589041 0.0949935815147625
1 0.6532534246575342 0.17458279845956354 0.11472602739726029 0.06161745827984597
1 0.3647260273972603 0.21245186136071895 0.10273972602739725 0.07060333761232349
1 0.24914383561643835 0.18613607188703468 0.11815068493150685 0.07702182284980745
1 0.273972602739726 0.13157894736842105 0.07534246575342465 0.04749679075738125
0 0.2662671232876712 0.062259306803594344 0.0702054794520548 0.06033376123234916
1 0.15068493150684933 0.13543003851091143 0.07191780821917808 0.06033376123234916
1 0.11215753424657535 0.08857509627727858 0.0702054794520548 0.05391527599486521
0 0.1977739726027397 0.03016688061617458 0.056506849315068476 0.03465982028241335
0 0.03339041095890411 0.01989730423620026 0.06678082191780822 0.03209242618741977
1 0.04794520547945205 0.2580231065468549 0.0958904109589041 0.07445442875481387
1 0.028253424657534238 0.6919127086007703 0.056506849315068476 0.12066752246469832
1 0.06506849315068493 0.9730423620025674 0.10616438356164384 0.030808729139922986
1 0.4648972602739726 0.3363286264441592 0.0702054794520548 0.06418485237483953
1 0.8184931506849316 0.5571245186136072 0.09246575342465753 0.07188703465982028
1 0.6438356164383562 0.4319640564826701 0.0547945205479452 0.08087291399229782
0 0.7011986301369862 0.39730423620025673 0.04280821917808219 0.04236200256739409
1 0.7508561643835615 0.1777920410783055 0.11815068493150685 0.0680359435173299
1 0.6986301369863014 0.02503209242618742 0.1506849315068493 0.05006418485237484
0 0.9015410958904111 0.021822849807445442 0.1113013698630137 0.043645699614890884
0 0.5436643835616439 0.3851091142490371 0.08047945205479452 0.04621309370988448
1 0.6267123287671234 0.35301668806161746 0.0547945205479452 0.030808729139922986
1 0.4717465753424658 0.7599486521180999 0.08047945205479452 0.05391527599486521
