1 0.8102529960053262 0.12387676508344032 0.1584553928095872 0.09370988446726573
1 0.41145139813581877 0.8087291399229781 0.07989347536617843 0.08729139922978177
1 0.32822902796271636 0.7650834403080873 0.08122503328894809 0.11810012836970475
1 0.21970705725699063 0.7734274711168168 0.16777629826897464 0.10397946084724032
1 0.3229027962716378 0.6951219512195123 0.13981358189081225 0.06033376123234916
1 0.4307589880159788 0.7310654685494223 0.11584553928095871 0.052631578947368425
1 0.42876165113182424 0.6309370988446726 0.07456724367509987 0.08087291399229782
1 0.4061251664447402 0.5044929396662388 0.07723035952063916 0.12836970474967907
1 0.4966711051930759 0.4948652118100128 0.12516644474034622 0.055198973042362
1 0.4527296937416778 0.37676508344030807 0.08255659121171771 0.17073170731707318
1 0.862849533954727 0.8388960205391528 0.06657789613848203 0.14249037227214376
1 0.8701731025299602 0.9544287548138639 0.09454061251664447 0.09114249037227214
1 0.6138482023968043 0.891527599486521 0.1464713715046604 0.07317073170731705
1 0.6278295605858856 0.8157894736842103 0.09720372836218376 0.05006418485237484
1 0.5199733688415447 0.8138639281129656 0.10252996005326231 0.10012836970474968
1 0.5978695073235686 0.6810012836970475 0.06391478029294274 0.1116816431322208
1 0.5239680426098535 0.6193838254172015 0.0865512649800266 0.09370988446726573
1 0.7157123834886818 0.8478818998716302 0.0492676431424767 0.22978177150192555
1 0.7110519307589881 0.9428754813863928 0.19973368841544603 0.10397946084724005
1 0.7936085219707059 0.8530166880616175 0.045272969374167776 0.06290115532734275
1 0.5752330226364846 0.9672657252888318 0.07190412782956059 0.06546854942233633
1 0.7063914780292941 0.684852374839538 0.19573901464713714 0.10397946084724005
1 0.840878828229028 0.6187419768934531 0.2756324900133156 0.10526315789473685
1 0.6258322237017311 0.56803594351733 0.14380825565912117 0.15532734274711169
1 0.5399467376830889 0.34403080872914005 0.08655126498002655 0.3055198973042363
1 0.6158455392809585 0.27150192554557134 0.0785619174434088 0.18870346598202828
1 0.6864181091877497 0.4518613607188705 0.17709720372836218 0.14890885750962773
1 0.8102529960053262 0.38061617458279834 0.05459387483355526 0.04236200256739409
1 0.6937416777629827 0.37291399229781774 0.2529960053262317 0.08600770218228501
1 0.8029294274300932 0.5051347881899872 0.1278295605858855 0.10141206675224644
1 0.929427430093209 0.5044929396662388 0.12250332889480692 0.12836970474967907
1 0.9487350199733687 0.3318356867779204 0.10252996005326231 0.11681643132220795
1 0.9886817576564582 0.21887034659820284 0.022636484687083888 0.07060333761232349
1 0.9427430093209054 0.1277278562259307 0.10386151797603196 0.17843388960205392
1 0.8621837549933423 0.0410783055198973 0.2197070572569907 0.0821566110397946
