1 0.536813922356091 0.3508928571428572 0.0937081659973226 0.13750000000000004
1 0.6767068273092369 0.4330357142857143 0.08165997322623829 0.10892857142857143
1 0.7844712182061576 0.6669642857142857 0.10441767068273046 0.19464285714285773
1 0.7242302543507363 0.6571428571428571 0.0856760374832664 0.2
1 0.6211512717536813 0.6973214285714288 0.13386880856760375 0.23392857142857143
1 0.5254350736278447 0.6241071428571429 0.1459170013386881 0.20535714285714285
1 0.4330655957161981 0.5946428571428573 0.1459170013386881 0.16428571428571426
1 0.3360107095046854 0.5776785714285715 0.107095046854083 0.1125
1 0.41633199464524767 0.49464285714285716 0.1526104417670683 0.18928571428571428
1 0.07228915662650603 0.29375 0.0749665327978581 0.1125
1 0.28714859437751006 0.34375 0.0468540829986613 0.08392857142857142
1 0.14993306559571618 0.5053571428571428 0.08032128514056225 0.1
1 0.13386880856760375 0.43660714285714286 0.2597054886211513 0.36964285714285716
1 0.3473895582329317 0.2 0.27710843373493976 0.2785714285714286
1 0.13453815261044177 0.11785714285714285 0.26907630522088355 0.22142857142857142
