2 0.5759615384615384 0.16944801026957637 0.1442307692307692 0.059050064184852376
2 0.10865384615384617 0.23234916559691918 0.1519230769230769 0.051347881899871634
2 0.09615384615384615 0.1899871630295251 0.11538461538461538 0.04621309370988448
2 0.20096153846153847 0.17843388960205392 0.09807692307692309 0.059050064184852376
2 0.14807692307692308 0.26187419768934533 0.11923076923076924 0.06161745827984597
2 0.18557692307692306 0.42747111681643135 0.12115384615384615 0.038510911424903725
2 0.20096153846153847 0.4646983311938383 0.10192307692307692 0.05648267008985879
2 0.2625 0.4672657252888318 0.075 0.04878048780487805
2 0.2278846153846154 0.5166880616174583 0.1173076923076923 0.0680359435173299
2 0.41730769230769227 0.44094993581514763 0.10384615384615385 0.06033376123234916
2 0.3778846153846154 0.4159178433889601 0.10192307692307692 0.0410783055198973
2 0.34807692307692306 0.4711168164313222 0.10384615384615385 0.04878048780487805
2 0.42019230769230775 0.47753530166880614 0.05961538461538462 0.030808729139922986
2 0.5384615384615384 0.4839537869062901 0.12307692307692308 0.051347881899871634
2 0.4471153846153847 0.5378690629011553 0.125 0.05648267008985879
2 0.39134615384615384 0.5776636713735559 0.10192307692307692 0.043645699614890884
2 0.4903846153846154 0.5982028241335046 0.11153846153846154 0.06161745827984597
2 0.7086538461538461 0.6630295250320922 0.12115384615384615 0.07060333761232349
2 0.6259615384615385 0.6957637997432606 0.09423076923076923 0.0410783055198973
2 0.7634615384615385 0.7182284980744543 0.12307692307692308 0.05006418485237484
2 0.6615384615384617 0.7182284980744543 0.06923076923076923 0.037227214377406934
2 0.7923076923076923 0.6835686777920412 0.08846153846153847 0.05006418485237484
2 0.9423076923076923 0.47881899871630296 0.10384615384615385 0.07702182284980745
2 0.7201923076923076 0.8433889602053918 0.11346153846153846 0.06418485237483953
2 0.8673076923076922 0.8145057766367135 0.09615384615384617 0.07317073170731705
2 0.951923076923077 0.7926829268292682 0.09230769230769231 0.06546854942233633
2 0.9538461538461537 0.8491655969191272 0.09230769230769231 0.05006418485237484
2 0.7413461538461539 0.9922978177150193 0.1326923076923077 0.015404364569961493
