0 0.15532734274711169 0.0982028241335045 0.1463414634146341 0.15019255455712452
0 0.20988446726572527 0.1675224646983312 0.13735558408215662 0.15019255455712452
0 0.19897304236200256 0.3042362002567394 0.18228498074454427 0.15661103979460847
0 0.28883183568677795 0.31450577663671375 0.11553273427471117 0.14890885750962773
0 0.14890885750962773 0.40436456996148906 0.18741976893453147 0.11810012836970475
0 0.09114249037227214 0.2907573812580231 0.16944801026957637 0.12708600770218229
0 0.6976893453145059 0.31835686777920413 0.21181001283697054 0.17458279845956354
0 0.787548138639281 0.3119383825417201 0.14249037227214376 0.1514762516046213
0 0.6322207958921695 0.38767650834403083 0.19897304236200256 0.11296534017971759
0 0.6007702182284981 0.2939666238767651 0.15917843388960207 0.11296534017971759
0 0.7002567394094994 0.17008985879332478 0.14249037227214376 0.1681643132220796
0 0.6527599486521182 0.10783055198973043 0.17329910141206675 0.15917843388960207
0 0.6893453145057766 0.5905006418485237 0.25673940949935814 0.12323491655969195
0 0.7329910141206675 0.6835686777920411 0.28754813863928114 0.1245186136071887
1 0.05969191270860077 0.5783055198973043 0.0680359435173299 0.07317073170731705
1 0.20474967907573813 0.5905006418485238 0.08344030808729143 0.06675224646983312
1 0.24454428754813864 0.6277278562259307 0.06033376123234916 0.03594351732991014
1 0.26700898587933247 0.5744544287548139 0.06675224646983312 0.06290115532734275
1 0.17907573812580233 0.5308087291399229 0.055198973042362 0.05006418485237484
1 0.03594351732991014 0.5609756097560976 0.059050064184852376 0.08985879332477538
1 0.22913992297817706 0.5147625160462131 0.07317073170731705 0.04878048780487805
