0 0.47309833024118736 0.35099337748344367 0.02968460111317255 0.037086092715231785
0 0.5454545454545454 0.33576158940397355 0.03339517625231911 0.054304635761589407
0 0.44805194805194803 0.4225165562913908 0.025974025974025972 0.031788079470198675
0 0.37662337662337664 0.40132450331125824 0.025974025974025972 0.031788079470198675
0 0.536178107606679 0.5092715231788079 0.025974025974025972 0.04105960264900662
0 0.3863636363636364 0.5841059602649007 0.02504638218923933 0.03973509933774835
0 0.3701298701298701 0.19470198675496694 0.024118738404452687 0.05033112582781457
0 0.296382189239332 0.14437086092715232 0.030612244897959183 0.045033112582781455
1 0.7625231910946196 0.633112582781457 0.0686456400742115 0.09271523178807944
1 0.6883116883116882 0.6456953642384106 0.0686456400742115 0.104635761589404
1 0.6915584415584415 0.5052980132450331 0.07328385899814471 0.09403973509933772
1 0.647495361781076 0.4721854304635762 0.06307977736549167 0.08874172185430464
1 0.8274582560296847 0.14172185430463574 0.061224489795918366 0.09006622516556291
1 0.8914656771799627 0.08741721854304636 0.08348794063079777 0.07682119205298013
1 0.7230983302411874 0.18278145695364237 0.05473098330241188 0.07417218543046357
1 0.7634508348794062 0.17682119205298016 0.04638218923933209 0.07549668874172186
1 0.7277365491651208 0.09735099337748344 0.06400742115027831 0.07019867549668875
1 0.641465677179963 0.26423841059602643 0.05658627087198516 0.09668874172185431
1 0.5742115027829314 0.26092715231788083 0.061224489795918366 0.0794701986754967
1 0.5602968460111317 0.16754966887417214 0.08534322820037106 0.07549668874172186
1 0.5046382189239332 0.25960264900662255 0.06307977736549167 0.10860927152317881
1 0.3998144712430427 0.25496688741721857 0.06493506493506492 0.09933774834437087
1 0.3441558441558441 0.2569536423841059 0.055658627087198514 0.08741721854304636
1 0.37615955473098334 0.34503311258278146 0.08812615955473097 0.08609271523178809
1 0.3752319109461966 0.12980132450331122 0.05287569573283859 0.07152317880794702
1 0.4267161410018553 0.5331125827814569 0.0816326530612245 0.08874172185430464
1 0.4114100185528757 0.44503311258278144 0.05658627087198516 0.10596026490066228
1 0.4475881261595547 0.4165562913907284 0.06400742115027831 0.09668874172185431
1 0.4457328385899815 0.3185430463576158 0.04916512059369202 0.1152317880794702
1 0.5046382189239332 0.42980132450331127 0.06679035250463822 0.11788079470198676
1 0.5449907235621522 0.3483443708609272 0.05844155844155843 0.047682119205298024
1 0.5445269016697588 0.5781456953642384 0.0593692022263451 0.05695364238410596
1 0.6280148423005566 0.6218543046357615 0.04638218923933209 0.10198675496688742
1 0.8589981447124305 0.5443708609271523 0.05009276437847866 0.07417218543046357
1 0.7875695732838589 0.4158940397350995 0.061224489795918366 0.10066225165562914
1 0.719851576994434 0.40264900662251657 0.04638218923933209 0.06622516556291391
1 0.7064007421150278 0.3688741721854305 0.05102040816326531 0.0728476821192053
1 0.9452690166975881 0.41854304635761586 0.061224489795918366 0.07152317880794702
1 0.8682745825602969 0.38874172185430456 0.04081632653061225 0.04900662251655629
1 0.8576066790352505 0.4827814569536424 0.05287569573283859 0.033112582781456956
1 0.7875695732838589 0.5854304635761589 0.051948051948051945 0.08211920529801324
1 0.5644712430426717 0.585430463576159 0.041743970315398886 0.047682119205298024
1 0.5217996289424861 0.5589403973509934 0.05844155844155843 0.09271523178807944
1 0.44897959183673464 0.09735099337748343 0.061224489795918366 0.0781456953642384
1 0.4819109461966605 0.14900662251655628 0.06215213358070501 0.06754966887417219
1 0.2625231910946197 0.1682119205298013 0.07235621521335805 0.08741721854304636
1 0.2657699443413729 0.26490066225165554 0.07328385899814471 0.10066225165562914
1 0.24072356215213353 0.3013245033112583 0.07142857142857141 0.09139072847682123
1 0.3047309833024119 0.31324503311258284 0.06586270871985157 0.09139072847682123
1 0.26159554730983303 0.3894039735099338 0.0686456400742115 0.0794701986754967
1 0.2959183673469388 0.5986754966887418 0.06679035250463822 0.08741721854304636
1 0.35064935064935066 0.5331125827814569 0.04638218923933209 0.08874172185430464
1 0.35807050092764386 0.4390728476821193 0.0575139146567718 0.07019867549668875
1 0.3181818181818181 0.5423841059602648 0.07235621521335805 0.08609271523178809
1 0.43692022263450836 0.6960264900662252 0.055658627087198514 0.0781456953642384
1 0.4276437847866419 0.633112582781457 0.03339517625231911 0.07152317880794702
1 0.3803339517625232 0.6317880794701987 0.06679035250463822 0.07417218543046357
1 0.45500927643784783 0.6264900662251656 0.06957328385899815 0.08211920529801324
1 0.5380333951762524 0.6801324503311258 0.061224489795918366 0.0781456953642384
1 0.5296846011131724 0.7423841059602648 0.0686456400742115 0.09403973509933772
1 0.6173469387755101 0.791390728476821 0.07699443413729128 0.09668874172185431
1 0.5705009276437848 0.7516556291390727 0.06307977736549167 0.08609271523178809
1 0.6730055658627088 0.8847682119205298 0.06215213358070501 0.06887417218543046
1 0.5728200371057514 0.8933774834437087 0.05102040816326531 0.06754966887417219
1 0.5264378478664193 0.8364238410596028 0.06957328385899815 0.07549668874172186
1 0.45269016697588127 0.8357615894039738 0.07050092764378477 0.06622516556291391
1 0.4958256029684601 0.7900662251655629 0.07328385899814471 0.08344370860927153
1 0.4981447124304267 0.876158940397351 0.061224489795918366 0.08079470198675497
1 0.5598330241187383 0.9105960264900662 0.06029684601113174 0.05695364238410596
1 0.35760667903525056 0.7927152317880793 0.07513914656771802 0.0728476821192053
1 0.3460111317254174 0.7271523178807948 0.07050092764378477 0.07682119205298013
1 0.3297773654916513 0.6841059602649007 0.05844155844155843 0.06754966887417219
1 0.21474953617810758 0.7066225165562914 0.05473098330241188 0.09139072847682123
1 0.2606679035250464 0.7596026490066226 0.044526901669758805 0.06754966887417219
1 0.1567717996289425 0.7192052980132451 0.09090909090909091 0.10860927152317881
1 0.1855287569573284 0.6165562913907284 0.07606679035250463 0.08609271523178809
1 0.2036178107606679 0.5536423841059603 0.06957328385899815 0.11390728476821192
1 0.24489795918367346 0.5192052980132451 0.05380333951762523 0.10860927152317881
1 0.14656771799628943 0.5172185430463575 0.06493506493506492 0.10198675496688742
1 0.1743970315398887 0.39536423841059604 0.06493506493506492 0.08079470198675497
1 0.21150278293135436 0.38874172185430467 0.0575139146567718 0.12317880794701987
1 0.09786641929499072 0.5403973509933775 0.06400742115027831 0.09271523178807944
1 0.11038961038961037 0.6927152317880796 0.06493506493506492 0.08476821192052983
1 0.08256029684601113 0.6887417218543048 0.04638218923933209 0.10596026490066228
1 0.0640074211502783 0.633112582781457 0.051948051948051945 0.10596026490066228
1 0.05565862708719851 0.4860927152317882 0.04267161410018553 0.08741721854304636
1 0.1396103896103896 0.4132450331125827 0.05844155844155843 0.06887417218543046
1 0.14471243042671614 0.2801324503311259 0.07792207792207792 0.09139072847682123
1 0.15166975881261596 0.1814569536423841 0.08256029684601113 0.08741721854304636
1 0.09972170686456401 0.2278145695364239 0.05287569573283859 0.07152317880794702
1 0.14935064935064937 0.3278145695364239 0.09276437847866419 0.0781456953642384
