0 0.3070776255707763 0.2554557124518613 0.15753424657534246 0.0949935815147625
0 0.6803652968036529 0.23812580231065467 0.1095890410958904 0.06546854942233633
0 0.05136986301369863 0.46020539152759943 0.09360730593607305 0.057766367137355584
0 0.07990867579908675 0.8453145057766365 0.1598173515981735 0.06546854942233633
1 0.410958904109589 0.7618741976893453 0.4063926940639269 0.21181001283697054
1 0.5194063926940639 0.39858793324775355 0.2990867579908676 0.21437740693196405
1 0.271689497716895 0.45892169448010256 0.24200913242009134 0.14762516046213095
1 0.14726027397260277 0.2946084724005135 0.27625570776255715 0.24518613607188705
1 0.4988584474885844 0.16623876765083437 0.2945205479452055 0.19127086007702182
1 0.3047945205479452 0.23170731707317074 0.3264840182648402 0.2015404364569962
1 0.6974885844748858 0.26059050064184847 0.2808219178082192 0.19255455712451855
1 0.9143835616438356 0.5378690629011554 0.17123287671232876 0.28754813863928114
1 0.10616438356164384 0.46213093709884473 0.2123287671232877 0.16944801026957637
1 0.1187214611872146 0.8318356867779202 0.2191780821917808 0.19768934531450572
