0 0.140120588749611 0.18621645256551642 0.1518756092103357 0.08721569637821268
0 0.06944580030519741 0.0796027823376668 0.12962056944486042 0.07368222625055887
0 0.18974331255100838 0.1271202996747626 0.1205982560264252 0.05924652478106172
0 0.09305418708343793 0.1552398431622201 0.10766627346000053 0.05774280587798903
2 0.07185175055011381 0.12426323375892363 0.1067640421181568 0.04691602977586615
2 0.795515076934508 0.2509368251097346 0.20710306436557194 0.14157194549168947
2 0.8879386832707857 0.17767797995355464 0.18051968595446866 0.15331808944078162
0 0.8607370867570984 0.1260567683878076 0.23739575139217792 0.12673471102967837
0 0.1672399763545023 0.5693319646055257 0.1927716447147657 0.1292637850857029
0 0.31448828806082507 0.6353688982906152 0.17029098643899135 0.10397304452545661
0 0.3113971975479061 0.563711800036589 0.1461242787925338 0.09104666601688467
0 0.11497244586332676 0.6350878900621658 0.17253905226656874 0.0741861723100556
0 0.16358686938468886 0.680611223070613 0.1832173649475615 0.10790715972371538
0 0.09221077935910517 0.7199523750532166 0.15848864084420974 0.09217069893067506
0 0.23130985244045987 0.7317547206480023 0.15680259147352754 0.11352732429265892
0 0.32038946085821557 0.7286636301350767 0.1000389293271962 0.1050970774392454
0 0.724830673527856 0.8080307849306207 0.23745757847633547 0.12726750363156059
0 0.6668893981400561 0.8875221519158892 0.2028961204654462 0.12198163471544968
0 0.921836495121934 0.9074305639526768 0.15632700975613148 0.1413157230389716
0 0.787447916527243 0.909885451219774 0.20492914628593972 0.1341797984432277
0 0.891162198875761 0.9762708280429471 0.1518666966913374 0.04745834391410473
