1 0.11260053619302947 0.28035714285714286 0.19302949061662195 0.12857142857142853
1 0.2774798927613941 0.3580357142857143 0.2761394101876676 0.15892857142857142
1 0.6514745308310992 0.35 0.19302949061662195 0.13214285714285717
1 0.8592493297587132 0.4375 0.16890080428954424 0.13214285714285717
1 0.5107238605898123 0.4080357142857143 0.21715817694369974 0.14107142857142857
1 0.6675603217158177 0.46249999999999997 0.20911528150134054 0.1357142857142857
1 0.39008042895442363 0.4589285714285715 0.22788203753351205 0.14642857142857144
1 0.4048257372654155 0.5741071428571428 0.23592493297587133 0.1767857142857143
1 0.7292225201072385 0.6714285714285714 0.24664879356568364 0.15
1 0.4651474530831099 0.7374999999999999 0.32439678284182305 0.13214285714285717
1 0.6327077747989277 0.8571428571428572 0.2037533512064343 0.09642857142857145
