0 0.4383561643835617 0.47946084724005134 0.1095890410958904 0.07060333761232349
0 0.4443493150684931 0.3164313222079589 0.056506849315068476 0.052631578947368425
0 0.30308219178082196 0.39281129653401803 0.0547945205479452 0.03337612323491656
0 0.10273972602739725 0.022464698331193845 0.07534246575342465 0.04492939666238769
0 0.7337328767123289 0.06097560975609756 0.0702054794520548 0.057766367137355584
0 0.4820205479452053 0.7432605905006417 0.06335616438356165 0.04621309370988448
1 0.2559931506849315 0.634788189987163 0.10445205479452055 0.0680359435173299
1 0.2893835616438356 0.5603337612323491 0.11301369863013695 0.06290115532734275
1 0.25 0.44801026957638 0.1095890410958904 0.07445442875481387
1 0.351027397260274 0.4454428754813864 0.08561643835616438 0.059050064184852376
1 0.06164383561643835 0.6591784338896021 0.08561643835616438 0.07573812580231065
1 0.14726027397260275 0.6681643132220796 0.07191780821917808 0.07830551989730423
1 0.4486301369863014 0.6553273427471116 0.10616438356164384 0.09884467265725286
1 0.5154109589041096 0.6245186136071886 0.10273972602739725 0.07830551989730423
1 0.5710616438356165 0.6193838254172015 0.11472602739726029 0.07830551989730423
1 0.5967465753424659 0.7240051347881901 0.11815068493150685 0.0821566110397946
1 0.5034246575342465 0.9415917843388959 0.0993150684931507 0.07317073170731705
1 0.5684931506849314 0.944801026957638 0.10616438356164384 0.08472400513478819
1 0.6284246575342466 0.8786906290115533 0.07534246575342465 0.06546854942233633
1 0.5625000000000001 0.8812580231065471 0.08732876712328767 0.0680359435173299
1 0.9280821917808219 0.978818998716303 0.11301369863013695 0.04236200256739409
1 0.9580479452054793 0.7246469833119384 0.0702054794520548 0.1399229781771502
1 0.08732876712328767 0.9724005134788191 0.0684931506849315 0.055198973042362
1 0.04794520547945205 0.9467265725288831 0.0958904109589041 0.08600770218228501
1 0.1523972602739726 0.9762516046213093 0.0821917808219178 0.037227214377406934
1 0.05393835616438356 0.8632862644415918 0.10787671232876712 0.03979460847240052
1 0.052226027397260275 0.7721437740693199 0.10445205479452055 0.08344030808729143
1 0.20547945205479454 0.5449293966623877 0.07191780821917808 0.08344030808729143
1 0.06592465753424658 0.7073170731707318 0.13184931506849315 0.05391527599486521
1 0.5530821917808221 0.34210526315789463 0.0684931506849315 0.07317073170731705
1 0.336472602739726 0.26572528883183566 0.14212328767123286 0.0821566110397946
1 0.261986301369863 0.18228498074454427 0.11301369863013695 0.09242618741976896
1 0.37157534246575336 0.17008985879332478 0.09246575342465753 0.07830551989730423
1 0.324486301369863 0.09114249037227214 0.10102739726027397 0.08729139922978177
1 0.20804794520547942 0.08857509627727858 0.15924657534246575 0.0975609756097561
1 0.08732876712328766 0.11553273427471117 0.11301369863013695 0.0975609756097561
1 0.74486301369863 0.193196405648267 0.07191780821917808 0.08344030808729143
1 0.648972602739726 0.20539152759948656 0.08904109589041095 0.05648267008985879
1 0.7431506849315069 0.13414634146341461 0.0821917808219178 0.06546854942233633
1 0.872431506849315 0.07573812580231065 0.07363013698630137 0.05391527599486521
1 0.8407534246575343 0.137997432605905 0.10616438356164384 0.04749679075738125
1 0.6378424657534246 0.08023106546854943 0.07363013698630137 0.06546854942233633
1 0.4195205479452055 0.2644415917843389 0.0821917808219178 0.0821566110397946
1 0.5282534246575341 0.769576379974326 0.09417808219178082 0.03209242618741977
1 0.4297945205479452 0.9075738125802312 0.06506849315068493 0.051347881899871634
1 0.3364726027397259 0.3510911424903722 0.125 0.055198973042362
1 0.4452054794520548 0.36906290115532736 0.09246575342465753 0.057766367137355584
