0 0.26315789473684215 0.7445442875481386 0.1951219512195122 0.110397946084724
0 0.0969191270860077 0.7137355584082156 0.19127086007702182 0.10526315789473685
0 0.29717586649550704 0.6296534017971759 0.16302952503209242 0.10397946084724005
0 0.17008985879332478 0.6405648267008986 0.15019255455712452 0.10012836970474968
0 0.09563543003851091 0.576379974326059 0.1681643132220796 0.0949935815147625
0 0.1970474967907574 0.3697047496790758 0.3940949935815148 0.26957637997432604
0 0.28369704749679076 0.12323491655969195 0.3620025673940949 0.2464698331193839
2 0.6668806161745828 0.79204107830552 0.09114249037227214 0.0949935815147625
2 0.7593068035943518 0.7991014120667522 0.09627727856225927 0.07830551989730423
2 0.7432605905006419 0.7130937098844672 0.10269576379974327 0.06290115532734275
2 0.7779204107830551 0.6790757381258022 0.0821566110397946 0.07188703465982028
2 0.7849807445442876 0.6001283697047498 0.08344030808729143 0.08600770218228501
2 0.8433889602053916 0.7150192554557125 0.110397946084724 0.10526315789473685
2 0.9460847240051348 0.7394094993581513 0.0949935815147625 0.08985879332477538
2 0.9646983311938382 0.6193838254172016 0.055198973042362 0.12195121951219512
2 0.9826700898587933 0.5629011553273428 0.03465982028241335 0.09370988446726573
2 0.6116816431322207 0.23491655969191277 0.1116816431322208 0.09242618741976896
2 0.6020539152759948 0.29781771501925547 0.11810012836970475 0.07445442875481387
2 0.702824133504493 0.1951219512195122 0.13478818998716302 0.07445442875481387
2 0.7381258023106547 0.25994865211810014 0.11553273427471117 0.08600770218228501
2 0.6925545571245186 0.3183568677792041 0.12708600770218229 0.10783055198973042
2 0.8177150192554558 0.21373555840821568 0.10012836970474968 0.07060333761232349
2 0.8465982028241333 0.2426187419768935 0.0885750962772786 0.07188703465982028
2 0.7984595635430041 0.30551989730423623 0.11296534017971759 0.07188703465982028
2 0.7599486521181003 0.3562259306803594 0.11810012836970475 0.07060333761232349
2 0.7958921694480102 0.40949935815147626 0.08472400513478819 0.07188703465982028
2 0.7400513478819001 0.4088575096277278 0.08087291399229782 0.07317073170731705
2 0.6765083440308088 0.365211810012837 0.0949935815147625 0.06546854942233633
2 0.6251604621309371 0.4281129653401798 0.11296534017971759 0.0680359435173299
2 0.7233632862644416 0.4582798459563543 0.1245186136071887 0.07188703465982028
