2 0.30696902654867253 0.8980099502487562 0.0586283185840708 0.0978441127694859
2 0.23340707964601773 0.786898839137645 0.03982300884955752 0.048092868988391387
2 0.22400442477876104 0.5456053067993366 0.06526548672566372 0.06633499170812604
2 0.30696902654867253 0.5530679933665008 0.034292035398230086 0.06135986733001658
2 0.2776548672566372 0.4825870646766169 0.0420353982300885 0.03980099502487562
2 0.28705752212389385 0.3988391376451078 0.04756637168141593 0.06135986733001658
2 0.32411504424778764 0.2893864013266999 0.03982300884955752 0.05140961857379768
2 0.39048672566371684 0.3349917081260365 0.0420353982300885 0.06965174129353234
2 0.49446902654867253 0.4361525704809287 0.04424778761061947 0.09286898839137643
2 0.5182522123893806 0.49834162520729686 0.043141592920353966 0.06799336650082918
2 0.5586283185840708 0.5762852404643449 0.048672566371681415 0.0812603648424544
2 0.6288716814159292 0.5580431177446102 0.049778761061946904 0.07131011608623547
2 0.48838495575221236 0.6691542288557214 0.0586283185840708 0.09452736318407959
2 0.5414823008849557 0.724709784411277 0.043141592920353966 0.05306799336650083
2 0.519358407079646 0.7976782752902156 0.056415929203539814 0.06965174129353234
2 0.5641592920353982 0.8747927031509122 0.05530973451327434 0.06467661691542287
2 0.7571902654867257 0.7280265339966833 0.04535398230088496 0.08623548922056384
2 0.7627212389380531 0.599502487562189 0.056415929203539814 0.06799336650082918
2 0.7488938053097347 0.4527363184079603 0.04424778761061947 0.06301824212271975
2 0.7350663716814161 0.3756218905472637 0.051991150442477874 0.06467661691542287
2 0.6332964601769914 0.3399668325041459 0.0586283185840708 0.07296849087893864
2 0.581858407079646 0.20812603648424546 0.046460176991150445 0.06135986733001658
2 0.35840707964601765 0.1616915422885572 0.046460176991150445 0.06135986733001658
2 0.27101769911504425 0.21144278606965172 0.05752212389380531 0.0912106135986733
2 0.31249999999999994 0.11442786069651742 0.038716814159292026 0.06301824212271975
2 0.5929203539823009 0.05638474295190714 0.0420353982300885 0.06301824212271975
2 0.5702433628318584 0.5091210613598672 0.051991150442477874 0.06301824212271975
2 0.5879424778761062 0.41044776119402987 0.038716814159292026 0.05140961857379768
2 0.4043141592920354 0.8474295190713101 0.06969026548672566 0.10281923714759536
2 0.4646017699115045 0.9137645107794361 0.05088495575221239 0.06301824212271975
2 0.4889380530973451 0.8689883913764511 0.035398230088495575 0.05638474295190713
2 0.7040929203539822 0.8407960199004976 0.049778761061946904 0.06301824212271975
2 0.6814159292035399 0.5563847429519072 0.028761061946902654 0.06135986733001658
2 0.2787610619469026 0.6824212271973467 0.046460176991150445 0.06135986733001658
2 0.4314159292035399 0.6077943615257049 0.048672566371681415 0.07794361525704809
2 0.4352876106194691 0.48424543946932 0.04092920353982301 0.07296849087893864
1 0.314712389380531 0.6691542288557214 0.37942477876106195 0.6086235489220564
1 0.6012168141592921 0.6028192371475953 0.31747787610619477 0.6583747927031509
1 0.4319690265486726 0.20563847429519072 0.37942477876106195 0.41127694859038144
