0 0.18726937269372693 0.19557195571955718 0.16051660516605165 0.2915129151291513
0 0.13745387453874536 0.4252767527675277 0.11623616236162361 0.10516605166051661
0 0.28136531365313655 0.36808118081180813 0.15682656826568267 0.21955719557195572
0 0.614391143911439 0.0959409594095941 0.08856088560885605 0.15498154981549817
0 0.6974169741697418 0.08948339483394833 0.1070110701107011 0.13837638376383762
0 0.6485239852398522 0.19095940959409585 0.09778597785977877 0.16051660516605157
0 0.5885608856088561 0.23892988929889286 0.09963099630996307 0.15313653136531358
0 0.6872693726937268 0.32195571955719554 0.0940959409594096 0.15682656826568267
0 0.06273062730627306 0.6217712177121771 0.11439114391143912 0.07011070110701106
0 0.07195571955719557 0.5747232472324721 0.0996309963099631 0.046125461254612546
0 0.14760147601476015 0.5784132841328413 0.12177121771217711 0.07195571955719557
0 0.2333948339483395 0.5498154981549815 0.10516605166051661 0.08856088560885608
0 0.24907749077490773 0.6125461254612546 0.11439114391143912 0.05904059040590406
0 0.19464944649446492 0.6466789667896681 0.11254612546125461 0.08671586715867159
0 0.09686346863468634 0.6955719557195571 0.08671586715867159 0.055350553505535055
1 0.5377336181491891 0.5032368121416787 0.011538702650328183 0.010096364819037095
1 0.5449453073056443 0.5139513217455548 0.013187088743232165 0.008447978726133116
1 0.5477269588374198 0.523429541779753 0.006387496110003137 0.0067995926332291325
1 0.5577202995256504 0.5227083728641074 0.006593544371616134 0.008654026987746111
1 0.570186219353237 0.5217811556868488 0.007623785679681123 0.006799592633229028
1 0.5725557743617867 0.5299200620205625 0.008654026987746111 0.005357254801938044
1 0.5472118381833873 0.531259375721047 0.01442337831291015 0.009684268295811205
1 0.5428848246895143 0.5457857781647638 0.016071764405814235 0.014835474836136252
1 0.5796644393874352 0.5396043303163738 0.012981040481619166 0.014835474836136146
1 0.5894517318140529 0.558766818646383 0.01277499222000617 0.005769351325164144
1 0.5438120418667727 0.5601061323468673 0.012981040481619273 0.008860075249359108
1 0.5642108197664601 0.5751476554446165 0.008035882202907118 0.009684268295811099
1 0.5881124181135684 0.5740143900057451 0.01545361962097514 0.007005640894842025
1 0.5300068083387016 0.5899831302807529 0.008447978726133116 0.010920557865489088
1 0.5283584222457977 0.601109736407855 0.01174475091194118 0.008035882202907118
1 0.5554537686479074 0.5904982509347851 0.008241930464520117 0.008241930464520117
1 0.5705983158764631 0.5983280848760795 0.008860075249359214 0.008654026987746111
1 0.5698771469608177 0.6106909805728598 0.014011281789684155 0.005357254801938044
1 0.5248556017983765 0.6175935973368951 0.02534393617839934 0.0067995926332291325
1 0.5437090177359661 0.5962676022599495 0.009890316557424096 0.007417737418068126
1 0.5431938970819337 0.5819472480778457 0.005151206540325046 0.007623785679681123
