1 0.6821428571428572 0.18303571428571427 0.15 0.25535714285714284
1 0.8142857142857143 0.4080357142857143 0.2785714285714286 0.10892857142857143
1 0.6946428571428571 0.3419642857142858 0.15714285714285714 0.20535714285714285
1 0.8241071428571428 0.4928571428571429 0.3053571428571428 0.13214285714285717
1 0.5107142857142857 0.2517857142857143 0.15714285714285714 0.3
1 0.43482142857142864 0.18214285714285716 0.13392857142857142 0.23928571428571435
1 0.34375 0.20982142857142858 0.1625 0.24107142857142858
1 0.25535714285714284 0.34285714285714275 0.20357142857142857 0.1392857142857143
1 0.4196428571428571 0.45535714285714285 0.23571428571428565 0.18928571428571428
1 0.20357142857142857 0.4982142857142857 0.2714285714285714 0.11785714285714283
1 0.21517857142857136 0.6098214285714285 0.29821428571428565 0.11249999999999995
1 0.18571428571428572 0.7294642857142857 0.2 0.14107142857142857
1 0.3071428571428572 0.7714285714285714 0.1357142857142857 0.23571428571428565
1 0.4035714285714285 0.6598214285714286 0.09285714285714286 0.20892857142857144
1 0.49910714285714286 0.7642857142857142 0.18392857142857147 0.18571428571428572
1 0.7107142857142856 0.75 0.1357142857142857 0.25714285714285706
1 0.5973214285714288 0.6008928571428573 0.16964285714285715 0.15892857142857142
1 0.5973214285714283 0.4571428571428572 0.14821428571428572 0.175
