0 0.43110871905274484 0.5497131931166348 0.4294940796555436 0.3919694072657744
0 0.3799784714747039 0.21892925430210322 0.4477933261571582 0.38814531548757164
0 0.12917115177610333 0.265774378585086 0.25834230355220666 0.35946462715105165
0 0.09741657696447793 0.5478011472275335 0.19483315392895587 0.43021032504780116
0 0.2168998923573735 0.5602294455066922 0.1646932185145317 0.2447418738049713
0 0.28471474703982774 0.818355640535372 0.3821313240043057 0.36328871892925396
0 0.6151776103336921 0.8212237093690249 0.31969860064585576 0.35755258126195033
0 0.7438105489773951 0.5325047801147228 0.19806243272335844 0.43021032504780116
0 0.6017222820236813 0.13479923518164436 0.232508073196986 0.2695984703632887
0 0.7158234660925729 0.25717017208413007 0.1743810548977395 0.1778202676864245
0 0.5430570505920346 0.3298279158699809 0.22927879440258342 0.21606118546845124
