0 0.1097560975609756 0.07702182284980745 0.21694480102695762 0.1514762516046213
0 0.6662387676508346 0.6296534017971759 0.2926829268292682 0.18100128369704746
1 0.13725379252130823 0.5909169477127149 0.04899715744996611 0.04300861598385921
1 0.2153770380109764 0.5846561998163302 0.045186267426079875 0.041375377402193624
1 0.16338560982795683 0.523137546573595 0.055530111776628255 0.03048712019109009
1 0.211021735126535 0.5609742403821799 0.034298010214976284 0.03647566165719696
1 0.20693863867237117 0.6366476279993498 0.051174808892186834 0.043008615983859126
1 0.25974668614622354 0.632564531545186 0.053352460334407555 0.045730680286635066
1 0.2932280770703671 0.6439972016168447 0.04300861598385916 0.023954165864427848
1 0.29948882496675167 0.6069771270990926 0.04028655168108322 0.03702007451775219
1 0.2621965440187218 0.5767622133382801 0.039742138820528045 0.03974213882052812
1 0.23225383668818697 0.5500859831710764 0.04191979026274881 0.028853881609424516
1 0.168557532003231 0.7613181730664859 0.037564487378307344 0.04627509314719013
1 0.20726033718088105 0.7606995220885824 0.05280804747385237 0.03919772595997297
1 0.21238276727792296 0.7321920850267837 0.05117480889218687 0.04028655168108326
1 0.18216785351711054 0.7245703049790113 0.03756448737830736 0.04573068028663499
1 0.13099304462492367 0.7444413743892754 0.045186267426079875 0.03538683593608668
1 0.10486122731827505 0.7615903794967636 0.02776505588831413 0.025042991585538216
1 0.12146581956520804 0.788266609663967 0.03266477163331074 0.034842423075531384
1 0.27744010411426684 0.8271921291936626 0.031031533051645237 0.04083096454163826
1 0.2450475389112337 0.7918052932575759 0.0435530288444143 0.03647566165719696
1 0.2766234848234341 0.78227806819786 0.021776514422207172 0.029398294469979658
1 0.18815639498321748 0.8889829888666755 0.0321203587727556 0.03048712019109009
1 0.14923087545352215 0.8775503187950168 0.03375359735442108 0.034842423075531544
1 0.127454361031315 0.8421634828589297 0.04464185456552468 0.02613181730664865
1 0.216837054318829 0.9717895154075954 0.03464445476260232 0.03167493006866495
1 0.23861356874103617 0.9792133271424387 0.03959366258583119 0.029695246939373518
1 0.26311214746601924 0.9403620457300917 0.03810890023886254 0.024251118333821643
1 0.3116143841336625 0.957684273111393 0.029200326157050514 0.027220643027758937
1 0.27795977093570595 0.9665928471932049 0.025240959898467398 0.024251118333821643
1 0.31186184452482385 0.9839150745745061 0.05147176136158055 0.02524095989846736
1 0.35393011102226957 0.9839150745745061 0.029695246939373372 0.024251118333821497
1 0.3526928090664624 0.9465485555091279 0.04008858336815412 0.03662413789189397
1 0.1693246592158315 0.9388772833831232 0.02276635598685296 0.03414953398027939
1 0.15076512987872318 0.9123990215288486 0.025240959898467398 0.023756197551498784
1 0.12428686802444855 0.9128939423111714 0.037613979456539666 0.036624137891893824
1 0.20941324258398564 0.7931231129890319 0.04256318727976857 0.04256318727976857
1 0.06062779583455404 0.9413518872947377 0.031180009286342084 0.03810890023886254
1 0.032664771633310746 0.9611487185876529 0.03662413789189387 0.03216985085098781
1 0.7235741837560655 0.39001013578703797 0.035634296327248106 0.0440479496267372
1 0.6869500458641715 0.3981763286953656 0.033654613197956526 0.02870540537472758
1 0.658244640489444 0.40139331378046444 0.0247460391161445 0.040088583368154046
1 0.5904404933112081 0.4179731599882813 0.06433970170197577 0.02573588068079029
1 0.6394376507611742 0.43158348150216064 0.04751239510299743 0.03315969241563367
1 0.6686379769182245 0.44346158027791005 0.01880698972826977 0.05790573153177817
1 0.6956111595548221 0.4454412634072015 0.018312068945946912 0.04899715744996616
1 0.7156554512388992 0.44123443675745705 0.02573588068079037 0.03464445476260232
1 0.6216205025975501 0.47117714408799183 0.03464445476260232 0.032169850850987884
1 0.5924201764404995 0.48528238638419424 0.033654613197956526 0.014847623469686686
1 0.5369890488203358 0.2989447118396262 0.05741081074945532 0.03810890023886254
1 0.5867285874437862 0.3093380482684069 0.022271435204529993 0.018312068945946985
1 0.5753454094503598 0.28533439032574665 0.03414953398027939 0.033654613197956526
1 0.6283019331589089 0.33235186464642125 0.037119058674216755 0.046522553538351635
1 0.6179085967301283 0.30760582553027677 0.029200326157050514 0.030685088504019235
1 0.6065254187367018 0.2531645394747588 0.061865097790361256 0.048502236667643216
1 0.598854146610697 0.27419867272348164 0.033654613197956526 0.024251118333821643
1 0.6795262341293281 0.321711067826479 0.0217765144222072 0.07176351343681904
1 0.6446343189755643 0.2996870930131104 0.031180009286342025 0.038603821021185446
1 0.7349573617494921 0.3204737658706718 0.015837465034332476 0.08314669143024553
1 0.7557440346070533 0.30587360279214665 0.02276635598685293 0.06681430561359017
1 0.7908834101519784 0.24450342578410822 0.06137017700803833 0.04107842493279991
1 0.8346838993875543 0.2690020045090913 0.02227143520453007 0.038603821021185473
1 0.8084530979244411 0.29498534558104306 0.029200326157050514 0.04998699901461193
1 0.7601983216479593 0.3907525169605223 0.029695246939373372 0.040583504150477054
1 0.7559914949982146 0.43183094189332216 0.02326127676917579 0.02870540537472758
1 0.5416907962524032 0.15121085831624342 0.0440479496267372 0.023756197551498732
1 0.5869760478349477 0.1658110213947687 0.03266477163331074 0.01435270268736383
1 0.6005863693488273 0.14304466540791574 0.043058108062091496 0.02029175207523849
1 0.6315189182440079 0.1427972050167543 0.03464445476260232 0.030685088504019176
1 0.6181560571212898 0.17249245195612772 0.026725722245436002 0.027715563810081868
1 0.6772990906088752 0.1316614874144893 0.030190167721696377 0.029200326157050514
1 0.6624514671391886 0.15022101675159769 0.02227143520453007 0.020786672857561382
1 0.6597294028364127 0.18536039229652282 0.0435530288444144 0.041573345715122764
1 0.6250849480738101 0.19649610989878796 0.029695246939373372 0.028210484592404727
1 0.6777940113911981 0.2029300800689855 0.04107842493279998 0.032169850850987884
1 0.6745770263060992 0.2474729504780456 0.07918732517166238 0.04800731588532036
1 0.7099638622421861 0.2341100893553275 0.03711905867421682 0.03810890023886254
1 0.7176351343681909 0.19649610989878788 0.04751239510299743 0.07473303813075641
1 0.7577237177363451 0.20169277811317826 0.049492078232289 0.027715563810081837
1 0.8119175434007013 0.20293008006898547 0.03612921710957096 0.045037791191382986
1 0.7136757681096078 0.1383429179758483 0.053451444490872156 0.035634296327248086
1 0.7921207121077858 0.1460141901018531 0.035139375544925106 0.05196668214390347
1 0.6483462248429862 0.47662127269354376 0.030685088504019166 0.035139375544925244
