1 0.41707317073170735 0.054464285714285715 0.1902439024390244 0.10178571428571428
1 0.5109756097560976 0.14107142857142857 0.15853658536585366 0.11428571428571428
1 0.7097560975609756 0.21517857142857144 0.16585365853658537 0.13750000000000004
1 0.8146341463414634 0.30714285714285716 0.16585365853658537 0.1392857142857143
1 0.4951219512195123 0.24553571428571436 0.21951219512195125 0.12321428571428575
1 0.43536585365853664 0.35625 0.16341463414634153 0.12321428571428575
1 0.551219512195122 0.3187499999999999 0.13658536585365855 0.09821428571428571
1 0.6085365853658536 0.3848214285714286 0.17317073170731706 0.10178571428571428
1 0.9146341463414633 0.43142856870378754 0.17073170731707307 0.14499999455043291
1 0.921951219512195 0.5651785714285714 0.15609756097560976 0.07678571428571429
1 0.4817073170731709 0.4696428571428572 0.19756097560975616 0.09642857142857145
1 0.6853658536585365 0.5839285714285716 0.13170731707317074 0.11071428571428571
1 0.7402439024390244 0.4491071428571428 0.0951219512195122 0.10892857142857143
1 0.32926829268292684 0.6955357142857144 0.16097560975609757 0.10892857142857143
1 0.5926829268292684 0.6991071428571429 0.10243902439024391 0.09464285714285714
1 0.7109756097560976 0.767857142857143 0.16829268292682933 0.11785714285714283
1 0.7182926829268295 0.8357142857142857 0.14878048780487807 0.04642857142857143
1 0.2804878048780488 0.9080357142857143 0.24878048780487805 0.06607142857142859
1 0.3024390243902439 0.7714285714285714 0.16097560975609757 0.075
1 0.48292682926829267 0.7339285714285713 0.0975609756097561 0.08214285714285713
1 0.40731707317073174 0.8464285714285713 0.13170731707317074 0.05714285714285714
1 0.4524390243902438 0.6508928571428569 0.1 0.1517857142857143
