1 0.12572254335260116 0.5732142857142856 0.10693641618497113 0.11785714285714283
1 0.19797687861271676 0.5473214285714286 0.09248554913294797 0.16964285714285715
1 0.2673410404624278 0.49017857142857146 0.11271676300578035 0.10535714285714287
1 0.28901734104046245 0.5785714285714287 0.08959537572254335 0.09285714285714286
1 0.3619942196531792 0.46517857142857144 0.12572254335260116 0.1517857142857143
1 0.38367052023121395 0.586607142857143 0.1199421965317919 0.11964285714285718
1 0.46820809248554907 0.5294642857142857 0.0809248554913295 0.13035714285714287
1 0.45664739884393063 0.4017857142857143 0.11271676300578035 0.175
1 0.43569364161849705 0.6580357142857143 0.11127167630057803 0.1517857142857143
1 0.5382947976878613 0.6473214285714286 0.1315028901734104 0.11964285714285718
1 0.6047687861271677 0.3464285714285715 0.08236994219653178 0.08571428571428572
1 0.6387283236994219 0.4169642857142857 0.10115606936416185 0.12678571428571425
1 0.6748554913294798 0.6937499999999999 0.08959537572254335 0.15535714285714286
1 0.7846820809248555 0.6169642857142856 0.1300578034682081 0.09464285714285714
1 0.7839595375722543 0.7660714285714285 0.1199421965317919 0.15357142857142858
