1 0.10094772960339526 0.6068954651700093 0.021478240341147918 0.019163332691542342
1 0.11426423861490699 0.5871332783318565 0.037801703000420385 0.011977082932214033
1 0.1275807476264187 0.5979126529708488 0.02319649956843977 0.015570207811878045
1 0.15464333045626513 0.6024040590704292 0.01890085150021016 0.017366770251710267
1 0.14261551586522225 0.5778510390593905 0.024055629182085675 0.011378228785603248
1 0.14819985835392072 0.5577894251479322 0.048970387977817297 0.02155874927798521
1 0.18084678367246557 0.583540153452192 0.03694257338677446 0.021558749277985064
1 0.23153543087757467 0.5748567683263369 0.036942573386774404 0.018564478544931554
1 0.1860015613543411 0.5470100505089396 0.04553386952323362 0.02874499903731337
1 0.268907569071172 0.5664728102737873 0.027492147636669354 0.04611176928902379
1 0.2117754497637186 0.5140730724453513 0.031787795704898945 0.020361040984763778
1 0.24485193988908638 0.5251518741576493 0.036083443773128485 0.0185644785449317
1 0.3058501424579465 0.5377278112364737 0.030928666091253026 0.020959895131374428
1 0.2744919115598705 0.4763452612088775 0.023196499568439784 0.01796562439832091
1 0.28694929095773625 0.4967063021936411 0.044674739909587674 0.025151874157649218
1 0.38703789094748564 0.5491060400220771 0.011168684977396919 0.013773645372045968
1 0.3801648540383183 0.521558749277985 0.021478240341147946 0.017366770251710194
1 0.3866083261406627 0.5023954165864426 0.01546433304562654 0.017366770251710194
1 0.35267270640164894 0.5086833851258549 0.024914758795731618 0.01676791610509948
1 0.3548205304357638 0.5263495824508706 0.01890085150021016 0.013773645372045968
1 0.3500953175607112 0.5425186444093595 0.023196499568439784 0.016169061958488835
1 0.2942518926737266 0.4517922411978387 0.03522431415948264 0.022756457571206496
1 0.3294762068332092 0.4781418236487094 0.024914758795731563 0.019163332691542342
1 0.3492361879470653 0.46736244900971685 0.028351277250315294 0.01796562439832091
1 0.33677880854919956 0.4511933870512281 0.027492147636669354 0.014372499518656753
1 0.33935619739013734 0.4200529714274717 0.03608344377312855 0.020361040984763778
1 0.39219266862936114 0.4473008350982585 0.026633018023023456 0.018564478544931554
1 0.40937526090227955 0.4688595843762437 0.03178779570489897 0.017366770251710267
1 0.36985529867456735 0.48981947950761806 0.023196499568439784 0.017366770251710267
1 0.42784654759566676 0.4961074480470304 0.025773888409377513 0.02874499903731344
1 0.38875615017477755 0.42304724216052525 0.03178779570489892 0.020361040984763778
1 0.48583779651676623 0.4826332297482898 0.02319649956843989 0.01736677025171012
1 0.4974360463009861 0.500898281219916 0.0274921476366693 0.019163332691542342
1 0.4909925741986418 0.5227564575712064 0.016323462659272432 0.014971353665267402
1 0.4695143338574937 0.5104799475656869 0.024914758795731618 0.023954165864427782
1 0.4497543527436377 0.47484812584235053 0.030069536477607083 0.023355311717817132
1 0.45306957856323343 0.43235983546839174 0.018946450797066375 0.011682740397183786
1 0.40333514522093394 0.40391490232742244 0.0353424178329891 0.02184164509038717
1 0.42720038612877714 0.42753435573912013 0.02696225690351749 0.0223495903250474
1 0.4729269164178507 0.41115312192132975 0.029512740664660995 0.014984384422474883
1 0.49770304438324514 0.4345186027156974 0.03679983712507116 0.020571782003736782
1 0.4574418364394791 0.3886765452876173 0.03060580513372249 0.017270137978445673
1 0.4330300632971052 0.3719143525438319 0.02113257973518938 0.011174795162523628
1 0.43667361152731027 0.34397736463752265 0.021132579735189328 0.012698630866504175
1 0.43995280493449485 0.35896174905999756 0.022589999027271435 0.011174795162523628
1 0.46855465854160455 0.3551521598000463 0.025869192434455988 0.023365480794367722
1 0.4676437714840534 0.33661215873495026 0.029148385841640544 0.016762192743785518
1 0.5268514302248858 0.41877230044123237 0.02659790208049694 0.016508220126455433
1 0.5324989299817036 0.43807421935831853 0.021861289381230328 0.017524110595775824
1 0.5467087680795031 0.46270956323933654 0.022589999027271334 0.01752411059577575
1 0.5620116706463645 0.4623286043133416 0.017489031504984223 0.011682740397183786
1 0.55873247723918 0.4500109323728326 0.015302902566861325 0.01041287731053339
1 0.6179401359800122 0.4564872341147496 0.022954353850291934 0.012190685631844014
1 0.6011798141210689 0.44302668539625517 0.022225644204250935 0.007111233285242289
1 0.6000867496520075 0.46690011142528304 0.03169886960278404 0.02082575462106678
1 0.6239519905598506 0.42994709560375605 0.018217741151025327 0.010920822545193618
1 0.6551043279281039 0.4459473704955512 0.029512740664660947 0.019555891534416385
1 0.6780586817783959 0.4359154521110129 0.02295435385029183 0.019301918917086304
1 0.6605696502734116 0.4098832588346793 0.02076822491216883 0.01803205583043591
1 0.6678567467338218 0.38054942153305477 0.020768224912168932 0.016254247509125356
1 0.6496390055827965 0.33597722719162504 0.025140482788414936 0.020571782003736782
1 0.4833110288739351 0.27616667581039034 0.029148385841640437 0.014222466570484689
1 0.48458627075450683 0.2520392771640324 0.0331562888948661 0.01828602844776602
1 0.5478018325485648 0.28150010077432214 0.024047418319353437 0.020825754621066853
1 0.517742559649373 0.2858176352689335 0.028784031018620048 0.01828602844776602
1 0.5102732857774526 0.2632140723265561 0.024047418319353437 0.012190685631844014
1 0.507722802016309 0.3035957184820393 0.02696225690351744 0.016254247509125356
1 0.5368711878579495 0.31959599337383465 0.021132579735189328 0.020825754621066853
1 0.5948036047182101 0.31273873270592245 0.03060580513372265 0.03250849501825071
1 0.4785744161746686 0.3857558601883213 0.025504837611435436 0.01295260348383425
1 0.6401657801842632 0.3946449017948743 0.01712467668196383 0.010920822545193552
1 0.651642957109409 0.360358598455313 0.024047418319353437 0.009904932075873302
1 0.6317856192547916 0.3462631181934935 0.030970159956743046 0.015746302274465197
1 0.6016184907581016 0.4073551722779502 0.014184977059059398 0.010408002895843866
1 0.5900465357888689 0.4290385116442917 0.013936117812409232 0.013530403764597026
1 0.5237255465566 0.35297335714716604 0.024139346925065988 0.01405080390938922
1 0.5596857076975487 0.35861102538241485 0.026379080144917477 0.009367202606259482
1 0.5710088034201314 0.34551428840514453 0.023641628431765663 0.014744670769112143
1 0.5953970095918474 0.35167235678518566 0.019659880485363025 0.014571204054181412
1 0.525467561283151 0.3976410362418292 0.023143909938465334 0.01630587120348872
1 0.5885533803089679 0.3860187663414703 0.029863109598019785 0.015265070913904338
1 0.5306936054628044 0.3748301632284381 0.021650754458564344 0.013356937049666295
