0 0.07495590828924154 0.41692789968652044 0.14991181657848307 0.40125391849529785
0 0.7319223985890653 0.4686520376175549 0.18342151675485005 0.47335423197492177
0 0.5952380952380952 0.1990595611285265 0.26984126984126955 0.398119122257053
0 0.27248677248677244 0.15517241379310343 0.39329805996472655 0.30407523510971785
0 0.4391534391534392 0.4184952978056427 0.3633156966490299 0.3918495297805643
0 0.22134038800705463 0.420062695924765 0.16049382716049382 0.3510971786833856
0 0.3447971781305113 0.7993730407523512 0.33333333333333315 0.4012539184952977
0 0.5132275132275133 0.6206896551724137 0.2751322751322751 0.23197492163009403
0 0.6040564373897707 0.8307210031347962 0.21340388007054692 0.3385579937304073
0 0.11111111111111112 0.6959247648902822 0.22222222222222224 0.4200626959247651
