0 0.3401506996770721 0.6130247578040904 0.4865446716899892 0.6749192680301399
0 0.7599569429494079 0.40043057050592046 0.38966630785791173 0.6652314316469323
0 0.6797631862217437 0.8218514531754575 0.12378902045209901 0.17761033369214208
0 0.6189451022604953 0.8552206673842843 0.07104413347685684 0.15177610333692146
0 0.7852529601722281 0.7534983853606029 0.09364908503767494 0.15715823466092577
0 0.871367061356297 0.7195909580193758 0.0914962325080732 0.14531754574811626
0 0.9520990312163619 0.639935414424112 0.06781485468245425 0.21205597416576963
0 0.47739504843918207 0.16630785791173308 0.29386437029063517 0.33261571582346616
0 0.23627556512378903 0.1216361679224973 0.2378902045209903 0.2432723358449946
0 0.22066738428417643 0.2723358449946178 0.21313240043057033 0.23250807319698613
0 0.09257265877287409 0.35414424111948334 0.1765339074273413 0.25403659849300325
