2 0.26933514246947077 0.44072398190045253 0.21573948439620075 0.1085972850678733
2 0.2421981004070556 0.5547511312217195 0.2835820895522388 0.11402714932126697
2 0.20827679782903666 0.6099547511312218 0.19674355495251017 0.1502262443438914
2 0.36160108548168246 0.6040723981900452 0.19945725915875168 0.11493212669683257
2 0.415875169606513 0.497737556561086 0.2048846675712348 0.11945701357466064
2 0.5481682496607869 0.44027149321266973 0.18453188602442328 0.09683257918552038
2 0.573270013568521 0.516289592760181 0.16417910447761194 0.1076923076923077
2 0.6648575305291723 0.6049773755656109 0.19538670284938942 0.10588235294117647
2 0.7096336499321575 0.5321266968325792 0.1655359565807327 0.1285067873303167
2 0.8364993215739485 0.5570135746606335 0.15332428765264586 0.1257918552036199
2 0.8453188602442334 0.4610859728506787 0.18453188602442328 0.08416289592760182
2 0.7449118046132972 0.3995475113122172 0.22523744911804613 0.12217194570135746
2 0.8778833107191316 0.35203619909502265 0.24423337856173677 0.146606334841629
2 0.7516960651289011 0.2846153846153846 0.26051560379918587 0.12036199095022625
2 0.556987788331072 0.22986425339366515 0.16689280868385345 0.10316742081447963
2 0.2367706919945726 0.20452488687782805 0.2618724559023066 0.10497737556561086
2 0.728629579375848 0.04751131221719456 0.17096336499321574 0.07149321266968324
2 0.5956580732700135 0.03076923076923077 0.14925373134328354 0.06153846153846154
2 0.4898236092265944 0.026244343891402715 0.13297150610583447 0.05248868778280543
