2 0.1580110497237569 0.48975409836065575 0.09060773480662984 0.12158469945355192
2 0.09779005524861877 0.430327868852459 0.08508287292817678 0.10382513661202186
2 0.125414364640884 0.3497267759562841 0.09834254143646412 0.1092896174863388
2 0.429281767955801 0.6106557377049181 0.056353591160221 0.08743169398907107
2 0.4729281767955801 0.6017759562841529 0.08176795580110499 0.10792349726775957
2 0.5116022099447514 0.5703551912568307 0.06629834254143646 0.09153005464480878
2 0.4569060773480663 0.49385245901639346 0.06961325966850829 0.07513661202185792
2 0.6801104972375692 0.6632513661202186 0.08950276243093923 0.07513661202185792
2 0.7845303867403314 0.5983606557377048 0.07071823204419891 0.06557377049180328
2 0.8955801104972376 0.5717213114754098 0.04751381215469613 0.08060109289617486
2 0.7613259668508289 0.523224043715847 0.04861878453038674 0.08743169398907107
2 0.8038674033149171 0.5266393442622951 0.05414364640883978 0.06147540983606557
2 0.7939226519337016 0.4747267759562841 0.06740331491712707 0.07513661202185792
2 0.774585635359116 0.26639344262295084 0.041988950276243095 0.060109289617486336
2 0.7386740331491712 0.23770491803278687 0.040883977900552496 0.05191256830601093
2 0.7077348066298345 0.20491803278688525 0.0430939226519337 0.04918032786885246
2 0.804972375690608 0.16188524590163936 0.04751381215469613 0.08060109289617486
2 0.7546961325966851 0.17349726775956284 0.041988950276243095 0.06830601092896176
2 0.7243093922651934 0.1407103825136612 0.05193370165745858 0.06557377049180328
2 0.6850828729281767 0.13797814207650272 0.03977900552486187 0.07650273224043716
2 0.6574585635359118 0.16393442622950818 0.0441988950276243 0.07377049180327869
2 0.6386740331491713 0.10587431693989072 0.07071823204419891 0.05327868852459015
