0 0.6039794608472401 0.31450577663671375 0.19383825417201547 0.10526315789473685
0 0.7670089858793325 0.25353016688061625 0.20410783055198972 0.10397946084724005
0 0.8741976893453143 0.18613607188703465 0.21566110397946084 0.110397946084724
0 0.70795892169448 0.6168164313222079 0.21437740693196405 0.10397946084724005
0 0.5353016688061617 0.5404364569961488 0.10012836970474968 0.043645699614890884
0 0.8767650834403078 0.6437740693196407 0.1951219512195122 0.10397946084724005
0 0.8177150192554555 0.7105263157894736 0.16174582798459564 0.08087291399229782
0 0.6989730423620025 0.7336328626444157 0.19897304236200256 0.09627727856225927
0 0.8902439024390244 0.7779204107830551 0.16559691912708602 0.08985879332477538
0 0.09948652118100128 0.5590500641848524 0.1399229781771502 0.1116816431322208
0 0.17458279845956354 0.6174582798459562 0.11553273427471117 0.0821566110397946
0 0.12901155327342745 0.6822849807445442 0.11681643132220795 0.08087291399229782
0 0.15340179717586652 0.7586649550706034 0.12195121951219512 0.0821566110397946
0 0.016046213093709884 0.10590500641848527 0.026957637997432605 0.03979460847240052
0 0.0949935815147625 0.1245186136071887 0.038510911424903725 0.025673940949935817
0 0.04749679075738125 0.11424903722721438 0.043645699614890884 0.04621309370988448
0 0.05198973042362003 0.1534017971758665 0.08087291399229782 0.057766367137355584
0 0.014120667522464698 0.18613607188703465 0.028241335044929396 0.04621309370988448
0 0.16880616174582802 0.14505776636713738 0.029525032092426188 0.043645699614890884
1 0.08600770218228497 0.16431322207958923 0.05391527599486521 0.03337612323491656
1 0.051989730423620026 0.21181001283697046 0.05006418485237484 0.03337612323491656
1 0.0558408215661104 0.27086007702182285 0.03209242618741977 0.025673940949935817
1 0.13157894736842105 0.23299101412066756 0.029525032092426188 0.026957637997432605
1 0.1116816431322208 0.23748395378690632 0.02310654685494224 0.030808729139922986
1 0.10654685494223363 0.26700898587933247 0.025673940949935817 0.02053915275994865
1 0.08151476251604621 0.24197689345314508 0.03979460847240052 0.019255455712451863
1 0.14890885750962773 0.2811296534017972 0.04621309370988448 0.04621309370988448
0 0.10462130937098844 0.19897304236200256 0.01668806161745828 0.015404364569961493
1 0.1258023106546855 0.13157894736842105 0.025673940949935817 0.03465982028241335
