0 0.15167548500881833 0.18525179856115107 0.26807760141093473 0.37050359712230213
0 0.21340388007054673 0.5521582733812951 0.26807760141093473 0.2913669064748202
0 0.3871252204585538 0.4028776978417266 0.19576719576719576 0.5035971223021583
0 0.15520282186948853 0.8471223021582734 0.31040564373897706 0.305755395683453
0 0.4241622574955908 0.8273381294964028 0.23456790123456783 0.3453237410071942
0 0.6437389770723099 0.8417266187050357 0.21164021164021193 0.31654676258992787
0 0.7231040564373896 0.5143884892086328 0.2680776014109347 0.35971223021582693
0 0.5802469135802468 0.3615107913669065 0.20458553791887124 0.4784172661870504
0 0.5476190476190463 0.11330935251798561 0.17107583774250426 0.22661870503597123
0 0.32186948853615516 0.11510791366906478 0.25220458553791886 0.223021582733813
0 0.7918871252204571 0.2122302158273381 0.2610229276895938 0.2949640287769783
0 0.8897707231040565 0.46223021582733814 0.09347442680776014 0.32014388489208634
0 0.9506172839506173 0.20503597122302147 0.09876543209876541 0.41007194244604295
0 0.9567901234567902 0.6960431654676259 0.08289241622574955 0.4784172661870504
0 0.8324514991181657 0.7823741007194229 0.22222222222222193 0.3992805755395679
