1 0.5607142857142857 0.24196428571428572 0.23571428571428574 0.20535714285714285
1 0.32261904761904764 0.22232142857142861 0.23571428571428574 0.13750000000000004
1 0.5107142857142856 0.4312500000000001 0.3261904761904762 0.14464285714285718
1 0.5464285714285715 0.6294642857142857 0.4023809523809524 0.2375
1 0.7416666666666667 0.7625000000000002 0.24047619047619048 0.16071428571428573
1 0.5154761904761905 0.8669642857142857 0.19285714285714292 0.1767857142857143
1 0.7857142857142856 0.9348214285714286 0.29523809523809524 0.12678571428571425
1 0.19047619047619047 0.6901785714285714 0.14285714285714288 0.12678571428571425
1 0.2785714285714286 0.9267857142857142 0.2 0.1392857142857143
1 0.19404761904761905 0.5285714285714286 0.24047619047619048 0.12142857142857143
1 0.13214285714285715 0.3151785714285714 0.19761904761904764 0.21964285714285714
1 0.32976190476190476 0.3830357142857143 0.15 0.14464285714285718
1 0.330952380952381 0.08660714285714287 0.4142857142857143 0.1517857142857143
