2 0.2713903743315508 0.15178571428571425 0.11497326203208556 0.06785714285714285
2 0.1270053475935829 0.17232142857142857 0.12032085561497326 0.06607142857142859
2 0.04010695187165775 0.14375 0.0748663101604278 0.06607142857142859
2 0.034759358288770054 0.19928571156093056 0.06951871657754011 0.05857143402099609
2 0.24866310160427813 0.2705357142857143 0.13368983957219252 0.0625
2 0.36898395721925137 0.2982142857142857 0.12834224598930483 0.060714285714285714
2 0.29010695187165775 0.33214285714285713 0.12032085561497326 0.06785714285714285
2 0.5106951871657754 0.3973214285714286 0.10695187165775401 0.09107142857142855
2 0.5855614973262031 0.41696428571428573 0.1122994652406418 0.05535714285714288
2 0.553475935828877 0.4508928571428572 0.1229946524064171 0.058928571428571414
2 0.4598930481283424 0.5133928571428572 0.12834224598930483 0.058928571428571414
2 0.5668449197860963 0.5571428571428573 0.10695187165775401 0.05714285714285714
2 0.6270053475935828 0.5223214285714286 0.10427807486631016 0.0625
2 0.6002673796791443 0.5714285714285713 0.10427807486631016 0.05
2 0.7700534759358288 0.48125 0.11229946524064172 0.04821428571428572
2 0.7419786096256684 0.5223214285714286 0.08823529411764708 0.04821428571428572
2 0.7914438502673796 0.53125 0.0962566844919786 0.05178571428571429
2 0.8141711229946527 0.5624999999999999 0.12566844919786097 0.05714285714285714
2 0.8529411764705881 0.7330357142857143 0.11764705882352942 0.058928571428571414
2 0.8997326203208557 0.7633928571428571 0.13101604278074866 0.0625
2 0.8957219251336896 0.7910714285714286 0.09090909090909094 0.04285714285714286
2 0.8141711229946522 0.8107142857142856 0.08288770053475936 0.05714285714285714
2 0.4545454545454546 0.8348214285714286 0.1497326203208556 0.06607142857142859
