2 0.693877551020408 0.18613607188703474 0.06802721088435376 0.038510911424903725
2 0.6734693877551021 0.15853658536585366 0.047619047619047616 0.03979460847240052
2 0.6513605442176871 0.1970474967907574 0.05442176870748299 0.04492939666238769
2 0.7049319727891157 0.21501925545571246 0.06972789115646257 0.03979460847240052
2 0.6870748299319728 0.39858793324775355 0.061224489795918366 0.03209242618741977
2 0.6539115646258503 0.4088575096277279 0.04591836734693878 0.03465982028241335
2 0.48639455782312924 0.4576379974326059 0.08843537414965986 0.05006418485237484
2 0.4005102040816327 0.4672657252888318 0.09693877551020408 0.06418485237483953
2 0.46853741496598644 0.5102695763799744 0.10374149659863946 0.05006418485237484
2 0.7474489795918368 0.6527599486521182 0.1445578231292517 0.11681643132220795
2 0.8409863945578231 0.7034659820282411 0.15136054421768708 0.09242618741976896
2 0.6675170068027211 0.7471116816431322 0.16156462585034015 0.08985879332477538
2 0.641156462585034 0.6842105263157893 0.1326530612244898 0.08472400513478819
2 0.6989795918367346 0.8543003851091144 0.21428571428571427 0.15789473684210525
2 0.2423469387755102 0.3453145057766367 0.07993197278911564 0.051347881899871634
2 0.19047619047619047 0.2913992297817715 0.0816326530612245 0.05391527599486521
2 0.23469387755102042 0.3029525032092426 0.07142857142857144 0.0410783055198973
2 0.19387755102040816 0.3324775353016687 0.07482993197278912 0.03594351732991014
2 0.12329931972789115 0.34210526315789475 0.07312925170068027 0.026957637997432605
2 0.1292517006802721 0.2894736842105263 0.07482993197278912 0.03979460847240052
2 0.09778911564625851 0.31258023106546845 0.08673469387755102 0.04492939666238769
2 0.10884353741496598 0.23940949935815156 0.08503401360544217 0.06033376123234916
