0 0.605515587529976 0.4296 0.3405275779376499 0.44
0 0.7661870503597124 0.6047999999999998 0.24940047961630696 0.42559999999999987
0 0.8423261390887291 0.3776 0.17386091127098321 0.352
0 0.23860911270983215 0.38799999999999996 0.3117505995203837 0.5456
0 0.4418465227817746 0.288 0.24820143884892087 0.4032
0 0.6504796163069544 0.21760000000000002 0.1906474820143885 0.256
0 0.4208633093525179 0.7928000000000001 0.24940047961630696 0.4144
0 0.6396882494004796 0.9031999999999999 0.2865707434052758 0.1936
0 0.3051558752997602 0.84 0.1810551558752998 0.3072
0 0.15047961630695444 0.6639999999999999 0.3009592326139089 0.2783999999999999
0 0.5929256594724222 0.7128 0.3153477218225419 0.3248
0 0.3135491606714629 0.152 0.24340527577937648 0.19519999999999998
