1 0.568788501026694 0.4922978177150192 0.18069815195071867 0.1399229781771502
1 0.2648870636550308 0.4756097560975609 0.20123203285420946 0.10654685494223363
1 0.39322381930184813 0.6225930680359436 0.19917864476386035 0.1258023106546855
1 0.13860369609856263 0.6810012836970475 0.13757700205338813 0.1245186136071887
1 0.5451745379876797 0.7310654685494222 0.20739219712525667 0.09884467265725286
1 0.45585215605749485 0.27278562259306804 0.188911704312115 0.11424903722721437
1 0.5975359342915811 0.3234916559691914 0.19301848049281314 0.110397946084724
1 0.650924024640657 0.21501925545571246 0.13552361396303905 0.1116816431322208
1 0.4425051334702259 0.17394094993581516 0.16632443531827515 0.08344030808729143
1 0.4445585215605749 0.4569961489088575 0.10882956878850102 0.04878048780487805
1 0.3706365503080082 0.46277278562259305 0.10061601642710473 0.07573812580231065
1 0.35934291581108835 0.9101412066752244 0.08624229979466119 0.0693196405648267
1 0.4199178644763861 0.779204107830552 0.08008213552361396 0.10012836970474968
1 0.2720739219712526 0.9319640564826702 0.1581108829568789 0.08729139922978177
1 0.1745379876796715 0.8530166880616175 0.15195071868583165 0.09884467265725286
1 0.76694045174538 0.28690629011553276 0.14989733059548255 0.16046213093709885
