1 0.3241071428571428 0.19464285714285712 0.14107142857142857 0.2535714285714285
1 0.5214285714285714 0.21785714285714286 0.1357142857142857 0.3
1 0.5955357142857142 0.18392857142857144 0.1125 0.23214285714285715
1 0.6678571428571427 0.22142857142857142 0.1821428571428571 0.22142857142857142
1 0.7330357142857143 0.34017857142857144 0.2375 0.16964285714285715
1 0.7803571428571429 0.4875 0.32142857142857145 0.11428571428571428
1 0.8059576940982122 0.546318154669144 0.30892857142857144 0.11071428571428583
1 0.8272039727575453 0.6209834232566116 0.32499999999999984 0.11428571428571459
1 0.675892857142857 0.7607142857142852 0.18750000000000008 0.24285714285714277
1 0.5223214285714286 0.7419642857142856 0.1767857142857143 0.21964285714285714
1 0.18035714285714285 0.40267857142857144 0.2785714285714286 0.12678571428571425
1 0.3375 0.3482142857142857 0.225 0.1928571428571429
1 0.21875 0.504464285714285 0.43392857142857144 0.1089285714285712
1 0.34464285714285714 0.6937500000000001 0.2535714285714285 0.34464285714285714
1 0.5732142857142856 0.47232142857142834 0.2392857142857148 0.23035714285714246
