0 0.5940514469453376 0.230316742081448 0.3102893890675241 0.21085972850678733
0 0.3906752411575563 0.21221719457013574 0.1639871382636656 0.12036199095022625
0 0.5988745980707396 0.08597285067873303 0.4389067524115757 0.17194570135746606
0 0.2829581993569132 0.10633484162895927 0.4115755627009646 0.20542986425339366
0 0.5667202572347267 0.43484162895927597 0.364951768488746 0.3429864253393665
0 0.7966237942122188 0.2877828054298643 0.40675241157556274 0.37104072398190047
0 0.7958199356913181 0.6027149321266965 0.40836012861736315 0.2678733031674211
0 0.5482315112540193 0.7303167420814479 0.44694533762057864 0.17194570135746606
0 0.3094855305466238 0.718552036199095 0.21382636655948553 0.14298642533936648
0 0.3995176848874598 0.5167420814479639 0.3360128617363344 0.2660633484162896
0 0.20016077170418003 0.3556561085972851 0.3971061093247588 0.302262443438914
0 0.22508038585209003 0.5909502262443438 0.45016077170418006 0.2407239819004525
