2 0.19267299864314785 0.3660633484162896 0.20081411126187246 0.12036199095022625
2 0.14789687924016282 0.41855203619909503 0.23066485753052915 0.10407239819004525
2 0.373134328358209 0.3515837104072399 0.18181818181818188 0.12398190045248869
2 0.4918588873812755 0.32488687782805425 0.3134328358208956 0.19547511312217197
2 0.8242876526458613 0.33710407239819007 0.16689280868385345 0.1076923076923077
2 0.7279511533242875 0.3900452488687784 0.3541383989145181 0.17556561085972822
2 0.7605156037991858 0.4923076923076923 0.2890094979647218 0.1592760180995475
2 0.2510176390773406 0.49457013574660635 0.2360922659430122 0.151131221719457
2 0.39348710990502034 0.451131221719457 0.3256445047489824 0.1493212669683258
2 0.5122116689280867 0.5357466063348416 0.2862957937584803 0.146606334841629
2 0.6933514246947083 0.6180995475113121 0.18995929443690637 0.09230769230769231
2 0.5691994572591588 0.6266968325791855 0.24559023066485752 0.1294117647058824
2 0.6852103120759837 0.7257918552036199 0.3012211668928087 0.14298642533936648
2 0.4721845318860244 0.77420814479638 0.33921302578018997 0.15656108597285068
2 0.32700135685210313 0.593212669683258 0.23066485753052915 0.1330316742081448
2 0.22455902306648576 0.702262443438914 0.2265943012211669 0.11764705882352938
2 0.42808683853459967 0.6877828054298643 0.22116689280868385 0.11583710407239818
2 0.7978290366350067 0.19547511312217197 0.26865671641791045 0.1285067873303167
2 0.0746268656716418 0.12262443438914027 0.11940298507462688 0.1257918552036199
