2 0.40538922155688634 0.7531418312387792 0.1497005988023952 0.2315978456014363
2 0.3215568862275449 0.5008976660682226 0.16886227544910173 0.2800718132854579
2 0.5335329341317366 0.5215439856373429 0.14491017964071856 0.2675044883303412
2 0.35868263473053896 0.17055655296229802 0.13532934131736526 0.2046678635547576
2 0.6053892215568861 0.3249551166965889 0.12095808383233533 0.24775583482944344
2 0.44491017964071866 0.3967684021543985 0.15209580838323353 0.25493716337522443
2 0.6892215568862275 0.26660682226211846 0.12574850299401197 0.23518850987432674
2 0.7856287425149698 0.48025134649910234 0.1437125748502994 0.30700179533213645
2 0.5095808383233533 0.26929982046678635 0.10179640718562874 0.26929982046678635
2 0.40958083832335335 0.14093357271095153 0.12694610778443113 0.2495511669658887
2 0.20718562874251498 0.8016157989228008 0.14131736526946106 0.2495511669658887
2 0.1335329341317365 0.034111310592459615 0.16886227544910173 0.06822262118491923
2 0.7149700598802398 0.7073608617594256 0.11017964071856287 0.29443447037701975
2 0.6095808383233533 0.5430879712746858 0.0910179640718563 0.2315978456014363
2 0.6736526946107785 0.4362657091561939 0.118562874251497 0.2046678635547576
2 0.6227544910179641 0.6795332136445242 0.1125748502994012 0.14542190305206462
2 0.4880239520958083 0.76032315978456 0.1089820359281437 0.3177737881508079
2 0.35029940119760467 0.8267504488330342 0.0754491017964072 0.14901256732495508
