1 0.6790352504638218 0.19109461966604827 0.326530612244898 0.3339517625231911
0 0.07513914656771799 0.6066790352504638 0.07235621521335805 0.1150278293135436
0 0.13771488274966917 0.6062970387763605 0.045032243028408935 0.10891519244080301
0 0.18065260284652418 0.5811627635977138 0.040843197165301104 0.10472614657769508
0 0.2576263205811301 0.5623120572137286 0.10263162364614126 0.11938780709857241
0 0.27438250403356135 0.6665145730585352 0.08587544019371006 0.11205697683813375
0 0.19845604776473233 0.6785580799149702 0.06597747234394796 0.10472614657769508
0 0.1460929744758848 0.6921724789700707 0.061788426480840146 0.08796996312526399
0 0.07959187139904834 0.7005505706962863 0.07749734846749445 0.07959187139904823
0 0.2680989352388996 0.8151583512903677 0.07540282553594055 0.1141514997696877
0 0.20159783216206315 0.8062566288312638 0.06388294941239406 0.11310423830391074
0 0.1439984515443308 0.8062566288312637 0.07016651820705577 0.11519876123546471
0 0.08325728652926764 0.7952603834406057 0.07226104113860968 0.10158436218036422
0 0.28276059575977697 0.9266916973956133 0.08168639433060226 0.10472614657769508
0 0.2005505706962863 0.9146481905391783 0.06388294941239406 0.11624602270124157
0 0.14190392861277695 0.9183136056693978 0.05969390354928625 0.10472614657769527
0 0.07906824066615985 0.8889902846276426 0.06807199527550185 0.07959187139904833
0 0.15613716398856373 0.09710969955386278 0.02856167633937141 0.05521924092278473
0 0.11662684505243327 0.0871131128350828 0.048554849776931405 0.05617129680076378
0 0.05521924092278473 0.09663367161487328 0.039986346875119975 0.04284251450905712
0 0.06616788351954377 0.019517145498570462 0.05236307328884759 0.039034290997140925
0 0.038082235119161874 0.042842514509057114 0.04189045863107807 0.04760279389895235
0 0.01237672641372761 0.059027464434700916 0.02475345282745522 0.049506905654910456
