0 0.20410783055198972 0.12195121951219512 0.22593068035943517 0.12066752246469832
0 0.3902439024390244 0.13735558408215665 0.1951219512195122 0.12066752246469832
0 0.310012836970475 0.2150192554557124 0.15275994865211814 0.10141206675224641
0 0.37291399229781774 0.27920410783055194 0.16302952503209242 0.09627727856225927
0 0.17201540436456994 0.22913992297817715 0.20025673940949937 0.1116816431322208
2 0.05519897304236201 0.5686777920410784 0.08729139922978177 0.08985879332477538
0 0.7130937098844673 0.7708600770218227 0.40179717586649555 0.21437740693196405
0 0.6874197689345314 0.9152759948652118 0.39152759948652116 0.16944801026957637
1 0.5892169448010268 0.3145057766367137 0.11553273427471117 0.10269576379974327
1 0.62002567394095 0.39281129653401803 0.14890885750962773 0.11810012836970475
1 0.7362002567394093 0.3292682926829268 0.13222079589216945 0.09370988446726573
1 0.7984595635430038 0.1649550706033376 0.10269576379974327 0.09370988446726573
1 0.7098844672657251 0.12323491655969193 0.09242618741976896 0.0975609756097561
1 0.6694480102695763 0.18549422336328625 0.09370988446726573 0.09114249037227214
