2 0.20613562970936491 0.6867599569429496 0.10010764262648009 0.15715823466092577
2 0.2949407965554359 0.6646932185145316 0.1377825618945102 0.1797631862217438
2 0.7168998923573736 0.25834230355220666 0.08611410118406888 0.07104413347685684
2 0.722820236813778 0.34499461786867597 0.1431646932185145 0.10656620021528525
1 0.6038751345532831 0.5753498385360603 0.09687836383207751 0.0742734122712594
1 0.5586652314316468 0.6377825618945102 0.12055974165769644 0.06996770721205597
1 0.7395048439181916 0.5532831001076426 0.1054897739504844 0.08396124865446715
1 0.6431646932185145 0.6340150699677071 0.10226049515608182 0.0688912809472551
1 0.681377825618945 0.569967707212056 0.06027987082884822 0.09364908503767494
0 0.08073196986006458 0.221205597416577 0.10979547900968784 0.1496232508073197
0 0.19590958019375673 0.19644779332615714 0.07965554359526372 0.14531754574811626
0 0.151237890204521 0.3153928955866523 0.1216361679224973 0.17222820236813777
0 0.25672766415500536 0.25780409041980623 0.09795479009687837 0.11302475780409042
0 0.21959095801937573 0.3299246501614639 0.1420882669537137 0.12809472551130258
0 0.18406889128094722 0.41603875134553286 0.08826695371367065 0.10226049515608182
0 0.11948331539289558 0.3692142088266953 0.09687836383207751 0.14208826695371368
