2 0.19723756906077353 0.656661786237189 0.04530386740331492 0.05124450951683748
2 0.2149171270718232 0.6852122986822842 0.04751381215469613 0.043923865300146414
2 0.16243093922651933 0.6720351390922401 0.03756906077348066 0.055636896046852125
2 0.17955801104972377 0.7027818448023426 0.04972375690607735 0.07613469985358712
2 0.39889502762430934 0.6852122986822841 0.05303867403314917 0.05270863836017571
2 0.4121546961325968 0.637628111273792 0.03756906077348066 0.06588579795021962
2 0.45193370165745855 0.4970717423133235 0.07292817679558011 0.10102489019033674
2 0.45856353591160215 0.39677891654465597 0.07071823204419891 0.11127379209370425
2 0.5132596685082873 0.485358711566618 0.07624309392265195 0.17423133235724744
2 0.6469613259668509 0.7613469985358711 0.1270718232044199 0.16691068814055637
2 0.7232044198895028 0.8462664714494876 0.10497237569060774 0.17276720351390926
2 0.6861878453038673 0.6207906295754028 0.07292817679558011 0.1493411420204978
2 0.749171270718232 0.6617862371888726 0.10386740331491716 0.21669106881405564
2 0.8607734806629833 0.6998535871156668 0.1546961325966848 0.21376281112737927
2 0.2281767955801105 0.10541727672035138 0.06077348066298342 0.08199121522693996
2 0.27900552486187846 0.12005856515373356 0.05414364640883978 0.055636896046852125
2 0.3033149171270718 0.09224011713030747 0.06740331491712707 0.08199121522693996
2 0.3392265193370166 0.12298682284040996 0.05082872928176796 0.07320644216691069
2 0.3325966850828728 0.19399707174231332 0.05303867403314917 0.08345534407027819
2 0.35359116022099457 0.2547584187408492 0.04861878453038674 0.09956076134699857
2 0.2834254143646408 0.19106881405563692 0.06298342541436462 0.07759882869692533
2 0.2883977900552486 0.22693997071742317 0.05966850828729282 0.08199121522693996
