2 0.1323283082077052 0.38505025125628134 0.12060301507537685 0.0992462311557789
2 0.11557788944723618 0.321608040201005 0.10050251256281408 0.08542713567839194
2 0.18760469011725295 0.4667085427135678 0.1273031825795645 0.0992462311557789
2 0.2001675041876047 0.38190954773869346 0.08877721943048575 0.10301507537688442
2 0.25460636515912893 0.7650753768844221 0.1306532663316583 0.10552763819095479
2 0.6591289782244556 0.7349246231155777 0.11557788944723618 0.10301507537688442
2 0.509212730318258 0.7129396984924626 0.1407035175879397 0.1092964824120603
2 0.516750418760469 0.6363065326633165 0.12562814070351755 0.11180904522613065
2 0.4765494137353433 0.47550251256281406 0.1323283082077052 0.09673366834170855
2 0.7705192629815745 0.4579145728643216 0.1306532663316583 0.08919597989949749
2 0.613065326633166 0.460427135678392 0.12060301507537685 0.09673366834170855
2 0.4480737018425461 0.5439698492462313 0.12562814070351755 0.08040201005025124
2 0.3777219430485762 0.5427135678391959 0.12562814070351755 0.10552763819095479
2 0.31658291457286425 0.5810301507537688 0.1306532663316583 0.08919597989949749
2 0.40117252931323283 0.7085427135678392 0.11892797319932999 0.1256281407035176
2 0.3324958123953098 0.693467336683417 0.12897822445561136 0.1005025125628141
2 0.6968174204355109 0.5226130653266332 0.1273031825795645 0.11055276381909548
2 0.7680067001675042 0.5226130653266332 0.10887772194304861 0.11055276381909548
2 0.7939698492462312 0.4327889447236181 0.1373534338358459 0.07914572864321608
2 0.6139028475711892 0.5402010050251256 0.12227805695142376 0.11306532663316583
2 0.512562814070352 0.5659547738693468 0.10720268006700172 0.11180904522613058
2 0.423785594639866 0.5998743718592965 0.09715242881072025 0.07914572864321608
2 0.42797319932998323 0.49874371859296485 0.11892797319932999 0.1005025125628141
2 0.40536013400335014 0.4396984924623116 0.09045226130653267 0.0628140703517588
2 0.5217755443886096 0.37060301507537685 0.11892797319932999 0.09547738693467334
