2 0.14957780458383596 0.9040723981900453 0.2943305186972256 0.19185520361990954
2 0.4215922798552472 0.9280542986425346 0.31483715319662253 0.13484162895927598
2 0.9101326899879372 0.9271493212669683 0.17490952955367914 0.1420814479638009
2 0.6869722557297948 0.8669683257918551 0.2955367913148372 0.2660633484162896
2 0.6435464414957781 0.6751131221719457 0.17008443908323287 0.11945701357466064
2 0.17913148371531967 0.7171945701357465 0.2689987937273824 0.17104072398190046
2 0.867913148371532 0.7683257918552036 0.26417370325693607 0.20271493212669683
2 0.9288299155609167 0.5995475113122173 0.14234016887816647 0.14027149321266968
2 0.8854041013269 0.423076923076923 0.22919179734619988 0.28868778280543006
2 0.7328106151990349 0.3981900452488687 0.24004825090470447 0.11402714932126697
2 0.4306393244873341 0.7004524886877829 0.43425814234016874 0.36742081447963804
2 0.7400482509047044 0.5538461538461539 0.38721351025331713 0.3040723981900452
2 0.16887816646562112 0.5375565610859728 0.33775633293124224 0.28597285067873285
2 0.34620024125452353 0.40452488687782806 0.5355850422195416 0.3203619909502262
2 0.1296743063932449 0.2981900452488688 0.24487334137515085 0.19457013574660637
2 0.3323281061519904 0.197737556561086 0.38962605548854046 0.216289592760181
2 0.688781664656212 0.19954751131221704 0.47768395657418566 0.35927601809954723
2 0.896260554885404 0.11945701357466064 0.20747889022919178 0.23348416289592758
2 0.4692400482509047 0.08914027149321267 0.3522316043425814 0.17828054298642534
2 0.13872135102533173 0.11855203619909499 0.27744270205066346 0.23710407239818998
