2 0.7396251673360107 0.3330357142857142 0.09236947791164658 0.09464285714285714
2 0.7657295850066934 0.7330357142857142 0.09103078982597054 0.12678571428571425
2 0.3775100401606426 0.7928571428571428 0.0749665327978581 0.07857142857142857
2 0.4484605087014726 0.8053571428571428 0.06693440428380187 0.08928571428571429
2 0.4129852744310577 0.7553571428571428 0.05488621151271753 0.06785714285714285
2 0.3848728246318608 0.8553571428571427 0.07095046854083 0.08571428571428572
2 0.3152610441767068 0.8910714285714285 0.07095046854083 0.08928571428571429
2 0.5803212851405624 0.6892857142857143 0.07362784471218206 0.10714285714285714
2 0.6941097724230255 0.6562499999999998 0.08433734939759022 0.09464285714285714
2 0.6987951807228915 0.6044642857142859 0.08835341365461848 0.1125
2 0.7021419009370815 0.5026785714285714 0.07095046854083 0.11964285714285718
2 0.6318607764390896 0.4839285714285714 0.08032128514056225 0.11071428571428571
2 0.5696117804551539 0.49196428571428563 0.07095046854083 0.09464285714285714
2 0.6405622489959839 0.5955357142857144 0.06827309236947791 0.09821428571428571
2 0.5957161981258366 0.5607142857142856 0.06693440428380187 0.10714285714285714
2 0.5421686746987953 0.5571428571428572 0.08032128514056225 0.10357142857142858
2 0.5468540829986612 0.6303571428571428 0.08165997322623829 0.08928571428571429
2 0.4832663989290495 0.5848214285714286 0.0856760374832664 0.04821428571428572
2 0.47925033467202127 0.5205357142857143 0.0856760374832664 0.10178571428571428
2 0.5060240963855421 0.4517857142857143 0.08032128514056225 0.1
2 0.5435073627844713 0.38839285714285715 0.07764390896921017 0.11607142857142858
2 0.46653279785809904 0.3928571428571429 0.07898259705488621 0.10357142857142858
2 0.5174029451137885 0.3080357142857143 0.07630522088353416 0.10535714285714287
2 0.5207496653279786 0.23482142857142857 0.08835341365461848 0.09107142857142855
2 0.46787148594377526 0.23035714285714287 0.09236947791164658 0.1
2 0.42637215528781797 0.18392857142857144 0.07630522088353416 0.08571428571428572
2 0.3654618473895582 0.4607142857142857 0.07228915662650601 0.1
2 0.4397590361445784 0.5919642857142858 0.06559571619812583 0.0625
