0 0.5024125452352232 0.6085972850678734 0.22316043425814233 0.1312217194570136
0 0.4601930036188178 0.7027149321266968 0.31242460796139926 0.10407239819004525
0 0.36731001206272623 0.6452488687782805 0.2907117008443909 0.05972850678733032
0 0.2659831121833534 0.7063348416289592 0.21833534378769598 0.08416289592760182
0 0.2985524728588661 0.8434389140271493 0.24728588661037396 0.09411764705882353
0 0.4493365500603136 0.8764705882352942 0.19662243667068757 0.09321266968325792
0 0.3594692400482509 0.9126696832579185 0.33775633293124246 0.11855203619909499
0 0.24788902291917972 0.7805429864253394 0.22316043425814233 0.10226244343891402
0 0.483112183353438 0.816742081447964 0.2569360675512666 0.08597285067873303
0 0.36489746682750296 0.22941176470588232 0.32448733413751496 0.11131221719457013
0 0.7020506634499397 0.10090497737556561 0.26537997587454765 0.09683257918552038
0 0.5729794933655006 0.18099547511312217 0.3039806996381182 0.12307692307692308
0 0.5120627261761158 0.25339366515837103 0.21109770808202655 0.10678733031674208
0 0.2852834740651387 0.2076923076923077 0.3775633293124246 0.11674208144796379
0 0.18576598311218334 0.34615384615384615 0.25331724969843183 0.07692307692307693
0 0.28166465621230397 0.41809954751131223 0.23763570566948128 0.09230769230769231
0 0.22135102533172496 0.49185520361990953 0.21833534378769598 0.1076923076923077
0 0.34559710494571777 0.4959276018099547 0.23281061519903498 0.0995475113122172
0 0.10977080820265377 0.43076923076923074 0.21712907117008437 0.1248868778280543
0 0.5886610373944512 0.3149321266968327 0.21471652593486135 0.11221719457013575
0 0.3486127864897467 0.3570135746606335 0.18576598311218329 0.10226244343891402
0 0.0922798552472859 0.05248868778280544 0.14837153196622438 0.04886877828054299
0 0.06634499396863691 0.03076923076923077 0.13268998793727382 0.06153846153846154
