2 0.46260554885404104 0.5343891402714931 0.1652593486127865 0.12036199095022625
2 0.2997587454764777 0.5918552036199095 0.10012062726176114 0.05972850678733032
2 0.4487334137515079 0.6855203619909501 0.10615199034981906 0.06787330316742081
2 0.10193003618817853 0.9642533936651583 0.097708082026538 0.07149321266968324
2 0.48190591073582634 0.27149321266968324 0.11459589867310012 0.056108597285067875
2 0.6363088057901085 0.32488687782805437 0.06634499396863691 0.06153846153846154
2 0.6676718938480094 0.21900452488687783 0.04221954161640531 0.04162895927601809
2 0.718335343787696 0.1728506787330317 0.04704463208685163 0.04886877828054299
2 0.7635705669481303 0.23212669683257917 0.05790108564535586 0.04072398190045248
2 0.6767189384800966 0.3877828054298643 0.03618817852834741 0.0334841628959276
2 0.7490952955367913 0.9461538461538461 0.10856453558504219 0.07149321266968324
2 0.9674306393244873 0.9814479638009049 0.06513872135102533 0.037104072398190045
2 0.9071170084439083 0.08959276018099548 0.04101326899879374 0.03800904977375565
1 0.22496984318455968 0.8271493212669684 0.41375150784077197 0.3203619909502262
1 0.33293124246079614 0.5574660633484163 0.43667068757539196 0.4850678733031674
1 0.7907117008443908 0.8515837104072398 0.41857659831121835 0.29683257918552036
1 0.5971049457177322 0.2398190045248869 0.5355850422195416 0.4796380090497738
1 0.1887816646562123 0.18461538461538463 0.3775633293124246 0.36923076923076925
1 0.8522316043425815 0.21221719457013574 0.2955367913148372 0.4244343891402715
