0 0.4106280193236715 0.2524886877828055 0.5314009661835749 0.29683257918552036
0 0.6714975845410629 0.1343891402714932 0.2608695652173913 0.2687782805429864
0 0.38526570048309183 0.08144796380090497 0.26570048309178745 0.16289592760180993
0 0.15458937198067632 0.2909502262443439 0.21014492753623187 0.20361990950226244
0 0.30797101449275355 0.4158371040723982 0.3574879227053139 0.23076923076923075
0 0.14794685990338163 0.4624434389140271 0.29347826086956524 0.23167420814479636
0 0.4426328502415459 0.5936651583710407 0.358695652173913 0.2823529411764706
0 0.5585748792270531 0.40135746606334843 0.14855072463768115 0.12036199095022625
0 0.8381642512077292 0.28823529411764703 0.3140096618357488 0.151131221719457
0 0.8260869565217392 0.4171945701357466 0.30434782608695654 0.24796380090497738
0 0.7294685990338166 0.558371040723982 0.2632850241545894 0.28959276018099556
0 0.9305555555555555 0.6352941176470583 0.13888888888888862 0.24615384615384595
0 0.6352657004830918 0.7615384615384612 0.43478260869565216 0.28868778280542967
0 0.3701690821256038 0.8325791855203619 0.3466183574879227 0.20271493212669683
0 0.14915458937198067 0.748868778280543 0.2041062801932367 0.134841628959276
0 0.21195652173913046 0.6285067873303167 0.2910628019323672 0.1475113122171946
