2 0.3639359698681733 0.7003768844221105 0.15725047080979285 0.17462311557788943
2 0.25894538606403017 0.6268844221105527 0.12617702448210927 0.15577889447236182
2 0.1756120527306968 0.6042713567839197 0.11581920903954802 0.1206030150753769
2 0.18879472693032012 0.5282663316582915 0.11958568738229754 0.10427135678391959
2 0.6558380414312618 0.7380653266331657 0.09698681732580038 0.10427135678391959
2 0.6445386064030132 0.5935929648241206 0.11393596986817325 0.1092964824120603
2 0.6454802259887006 0.4064070351758794 0.1384180790960452 0.15452261306532664
2 0.6158192090395482 0.29396984924623115 0.1167608286252354 0.15075376884422106
2 0.7815442561205272 0.3260050251256281 0.13182674199623348 0.17462311557788943
2 0.7589453860640301 0.3850502512562814 0.12429378531073447 0.11180904522613065
2 0.7810734463276837 0.24057788944723618 0.12523540489642185 0.114321608040201
2 0.7250470809792844 0.14258793969849246 0.1544256120527307 0.1494974874371859
2 0.42184557438794734 0.22047738693467334 0.17702448210922786 0.2022613065326633
2 0.32297551789077217 0.12876884422110552 0.18455743879472697 0.1922110552763819
2 0.4114877589453861 0.08731155778894473 0.1167608286252354 0.12939698492462312
2 0.346045197740113 0.33103015075376885 0.11958568738229754 0.1444723618090452
2 0.3064971751412429 0.22989949748743727 0.12335216572504708 0.11055276381909548
2 0.4764595103578154 0.2575376884422111 0.1544256120527307 0.1633165829145729
2 0.6054613935969868 0.37688442211055273 0.16195856873822975 0.15326633165829145
