2 0.10718870346598201 0.23940949935815148 0.10141206675224644 0.08087291399229782
2 0.20603337612323494 0.19062901155327347 0.11424903722721437 0.08600770218228501
2 0.24775353016688065 0.26379974326059047 0.12066752246469832 0.07317073170731705
2 0.18741976893453147 0.3196405648267009 0.09242618741976896 0.06675224646983312
2 0.2772785622593068 0.3562259306803594 0.0821566110397946 0.052631578947368425
2 0.29974326059050066 0.4120667522464697 0.1116816431322208 0.06675224646983312
2 0.2329910141206675 0.4069319640564826 0.07317073170731705 0.05648267008985879
2 0.17329910141206675 0.37676508344030807 0.10526315789473685 0.055198973042362
2 0.11874197689345316 0.4332477535301669 0.10911424903722722 0.06290115532734275
2 0.2201540436456996 0.4679075738125802 0.11681643132220795 0.055198973042362
2 0.32220795892169446 0.2156611039794609 0.08729139922978177 0.0693196405648267
2 0.3530166880616175 0.25096277278562257 0.0693196405648267 0.07573812580231065
0 0.6091142490372272 0.6039794608472401 0.15019255455712452 0.1681643132220796
0 0.6418485237483954 0.38189987163029526 0.26700898587933247 0.18356867779204109
0 0.8741976893453142 0.2811296534017972 0.189987163029525 0.22593068035943517
0 0.7086007702182283 0.20731707317073172 0.2644415917843389 0.1681643132220796
0 0.6514762516046213 0.07317073170731708 0.30166880616174585 0.1386392811296534
0 0.9030808729139924 0.08472400513478819 0.19383825417201547 0.1514762516046213
0 0.8202824133504493 0.42618741976893454 0.24390243902439024 0.11553273427471117
0 0.17805326210407163 0.5735632253725386 0.05309150210372816 0.029695246939373372
0 0.1818776499674758 0.5969594805368934 0.05534114202337768 0.030595102907233173
0 0.19065124565410888 0.625529907516442 0.0656894856537654 0.04184330250548072
0 0.17467880222459742 0.6666983180460276 0.06703926960555508 0.03959366258583119
0 0.16140592669866535 0.6979683129291555 0.03959366258583117 0.03554431073046212
0 0.12788629189588782 0.7069668726077536 0.04994200621621891 0.0418433025054808
0 0.09571644104489994 0.6630988941745887 0.03779395065011162 0.023396255164354837
0 0.11731298427353515 0.6172062398137388 0.0233962551643548 0.017097263389336224
1 0.07704442971180908 0.7103413324872281 0.028345462987583697 0.025195967100074438
1 0.11146392048244644 0.7305880917640737 0.03239481484295282 0.025195967100074438
1 0.056797670434963574 0.7292383078122842 0.0247460391161445 0.020696687260775358
1 0.053873138539419226 0.7499349950730594 0.0233962551643548 0.026995679035794043
1 0.05792249039478833 0.7760308181409935 0.025195967100074403 0.018896975325055757
1 0.03205163131881908 0.8153995167348599 0.027445607019723907 0.017547191373266238
1 0.09751615298061952 0.8122500208473505 0.017997119357196015 0.013947767501827031
1 0.06422148216980693 0.6801961575639249 0.021596543228635204 0.017997119357196032
1 0.028902135431309775 0.7141657203506323 0.021146615244705305 0.02204647121256503
1 0.035426091198293326 0.7490351391051998 0.0296952469393734 0.01979683129291563
