1 0.27799962721415244 0.24442434827654427 0.08989209502733074 0.05433061576767607
1 0.39619108549082804 0.24165237808431597 0.09322143188019488 0.04656909922943662
1 0.4228257803137409 0.3220395136589387 0.08323342132160258 0.056548191921458775
1 0.43614312772519725 0.3674998248114839 0.09322143188019488 0.03880758269119724
1 0.4178317750344447 0.44456059615543253 0.09655076873305896 0.04435152307565399
1 0.12318546355597176 0.43014635115584515 0.06658673705728203 0.0376987946143058
1 0.25469426924410377 0.4445605961554327 0.053269389645825636 0.03548121846052306
1 0.18144885848109354 0.48614014903885805 0.06325740020441792 0.02993727807606642
1 0.09072442924054676 0.5249477317300552 0.08156875289517047 0.04102515884497981
1 0.13400580832778008 0.5931381984588733 0.05826339492512179 0.03548121846052317
1 0.10404177665200315 0.695701095571323 0.08156875289517047 0.05433061576767609
1 0.19726320853219798 0.7699898967230432 0.0715807423365782 0.03880758269119724
1 0.46028081990846204 0.6846132148024097 0.06492206863085001 0.03880758269119714
1 0.4569514830555979 0.7799689894150652 0.044946047513665405 0.04102515884497992
1 0.5859632861040819 0.708452158455574 0.06658673705728198 0.0665272846134803
1 0.782394160423064 0.7333998901856288 0.09322143188019488 0.0765063773055031
1 0.8764479265164747 0.6934835194175403 0.0749100791894424 0.043242734998762605
1 0.8306695447895935 0.6341633573038532 0.07657474761587435 0.03769879461430585
1 0.6617056995067402 0.6064436553815694 0.05493405807225771 0.04878667538321935
1 0.689172728542869 0.6812868505717354 0.06658673705728198 0.03880758269119714
1 0.488580183157807 0.4756066623083903 0.034958036955073025 0.026610913845392353
1 0.5518375833622248 0.5005543940384457 0.07158074233657817 0.04102515884497981
1 0.2988079825445531 0.5282740959607293 0.06492206863084997 0.04767788730632796
1 0.624250659912019 0.25551222904545773 0.0632574002044179 0.04767788730632796
1 0.5468435780829287 0.24941389462255534 0.05826339492512179 0.0376987946143058
1 0.6758553811314126 0.35918391423479884 0.07324541076301028 0.05543940384456744
1 0.7990408446873843 0.4168408942331489 0.07324541076301028 0.055439403844567386
1 0.9471963346398368 0.4112969538486922 0.04994005279296146 0.05100425153700203
1 0.5221567367558106 0.48873027593930596 0.9556865264883788 0.6455940712518006
