0 0.5443368424094716 0.7269020294020767 0.09253969339250666 0.05620508985189046
0 0.6267520499195672 0.6986102417493573 0.11884443241409846 0.05752978893930883
0 0.576981212777994 0.6727786095447005 0.12376474331022362 0.05014932259512115
0 0.6222102244769901 0.6434459868947241 0.11733049059990615 0.036902331720938195
0 0.5836993295784725 0.6259410346681251 0.10843608244152618 0.04352582715802968
0 0.5867272132068573 0.5961353052012136 0.10200182973120872 0.05204174986286161
0 0.6587340707443802 0.5800496734254199 0.08402377068767473 0.0573405462125348
0 0.5853078927560519 0.5643425271031743 0.0957568197476653 0.033874448092553584
0 0.7309305280893509 0.21301386065941352 0.05317720622350585 0.1037050142721751
0 0.6961095092822535 0.13854639186157947 0.058854488026727096 0.09935243155637212
0 0.670845605257919 0.17582720903606583 0.05715130348576069 0.12244004422280524
0 0.645013973053262 0.14147965412657715 0.0467429535131884 0.1086253251683002
0 0.5991226118105569 0.1668381795142988 0.05109553622899138 0.10900381062184832
0 0.5648696782644553 0.1654188590634935 0.03860551626190453 0.09367514975315089
0 0.5824692518544412 0.1043880796788649 0.05904373075350122 0.07380466344187644
2 0.26813708268275716 0.13890416145214696 0.018924272677404215 0.02157367085224081
2 0.23312717822955936 0.14448682189198123 0.02725095265546202 0.01532866086869741
2 0.2031322060358737 0.16132942457487093 0.02592625356804381 0.019870486311274433
2 0.13926278574963447 0.14354060825811096 0.021952156305788888 0.017978059043534007
2 0.15090121344623803 0.1386202973619859 0.020627457218370587 0.018735029950630186
2 0.12857057168690106 0.14723084143020482 0.01759957358998591 0.020059729038048466
2 0.13869505756931233 0.12281852967635336 0.015517903595471458 0.022330641759336963
2 0.23946680957648972 0.037091574447712265 0.019113515404178237 0.018924272677404215
2 0.22461125552472752 0.04011945807609694 0.01703184540966376 0.018167301770308047
2 0.2123104782844147 0.034536797636262696 0.012490019967086805 0.019113515404178258
2 0.19792803104958753 0.03718619581109928 0.0079481945245098 0.013057748147408914
2 0.19518401151136391 0.02535852538772165 0.009272893611928078 0.012490019967086784
2 0.20530849739377519 0.0282917876527193 0.006812738163865505 0.02479079720739952
2 0.23596581913116998 0.11685738378297104 0.020438214491596603 0.010408349972572306
2 0.23757438230874936 0.12896891829650975 0.017599573589985932 0.011922291786764657
2 0.03849103374245701 0.08298293569041748 0.028197166289332273 0.02554776811449569
2 0.0476695226466878 0.12054772564875488 0.026115496294817818 0.029143379923202487
2 0.03025897512778618 0.10190720836782169 0.029143379923202487 0.034631418999649714
0 0.10313728609185299 0.7792069274921185 0.039740972622548866 0.033874448092553584
0 0.07740027525058325 0.7997397633471022 0.06396404164962624 0.03292823445868336
0 0.06916831894554366 0.7683254613526164 0.0637747989228522 0.02762943810901008
0 0.1161950342392619 0.6926283799929943 0.060179187114145424 0.03444217627287567
0 0.08118507762821285 0.706916152101964 0.040876428983193096 0.03538838990674589
0 0.10048780767416833 0.7260297142561165 0.06737041073155903 0.03236050627836119
0 0.05365031304044095 0.7239480512740982 0.035766875360293965 0.021005942671918684
0 0.17154851978424202 0.5318666204859802 0.07967118797187173 0.03652384626739014
0 0.0767379257068741 0.5698098503166409 0.07058753708671774 0.04314734170448162
0 0.12631952012167313 0.5856116180022735 0.050527808048669264 0.034631418999649784
0 0.06916824070876681 0.6357610095536065 0.05961145893382328 0.03349596263900544
0 0.08667315281394172 0.6584700818352719 0.03974097262254886 0.029332622649976586
0 0.05005470123173415 0.6653774273375322 0.039930215349322895 0.02838640901610636
0 0.021857534942401877 0.6414379980007398 0.04371506988480374 0.028197166289332342
0 0.13521406068075237 0.6051034902975707 0.04901386623447691 0.035766875360293944
0 0.046553038752561914 0.6124839975479859 0.06850586709220326 0.03198202082481314
0 0.135876145423063 0.5622397625708883 0.06472101255672243 0.029900350830298673
