2 0.22738386308068456 0.11363636363636363 0.1638141809290953 0.13101604278074866
2 0.4358190709046456 0.178475935828877 0.13569682151589244 0.13502673796791442
2 0.1534229828850856 0.26737967914438504 0.1332518337408313 0.12032085561497326
2 0.15586797066014668 0.38569518716577533 0.11613691931540339 0.11898395721925134
2 0.21821515892420534 0.3542780748663102 0.04767726161369193 0.06149732620320855
2 0.09963325183374083 0.43983957219251335 0.1234718826405868 0.0962566844919786
2 0.05684596577017114 0.4772727272727273 0.08190709046454765 0.05614973262032086
2 0.5764058679706602 0.483288770053476 0.11858190709046454 0.11096256684491979
2 0.7353300733496332 0.35962566844919786 0.11613691931540339 0.10160427807486631
2 0.8801955990220048 0.40307486631016054 0.13447432762836187 0.1029411764705882
2 0.7579462102689489 0.46122994652406424 0.1075794621026895 0.11229946524064172
2 0.7359413202933986 0.4866310160427808 0.1271393643031785 0.1229946524064171
2 0.5953545232273839 0.6818181818181818 0.1393643031784841 0.10427807486631016
2 0.4841075794621027 0.7366310160427807 0.1491442542787286 0.1497326203208556
2 0.30317848410757947 0.7506684491978612 0.1393643031784841 0.08689839572192513
2 0.2658924205378973 0.8830213903743314 0.11613691931540339 0.10561497326203212
2 0.21454767726161364 0.9104278074866311 0.12836185819070903 0.10962566844919783
2 0.441320293398533 0.9044117647058824 0.16625916870415647 0.08689839572192513
2 0.30440097799511 0.6102941176470588 0.15403422982885082 0.07887700534759358
