0 0.39447236180904527 0.7305276381909549 0.7010050251256282 0.4459798994974877
0 0.6312814070351759 0.32160804020100503 0.7324120603015075 0.45979899497487436
0 0.821608040201005 0.6664572864321607 0.1608040201005025 0.114321608040201
0 0.8586683417085427 0.6080402010050251 0.12437185929648241 0.07286432160804018
0 0.755025125628141 0.7726130653266332 0.135678391959799 0.10804020100502512
0 0.7173366834170856 0.8756281407035176 0.11055276381909548 0.0678391959798995
0 0.6363065326633166 0.9484924623115578 0.22989949748743718 0.07788944723618091
0 0.20414572864321612 0.466708542713568 0.40829145728643224 0.3404522613065328
0 0.10615577889447236 0.2468592964824122 0.21231155778894473 0.2650753768844223
0 0.31092964824120606 0.21984924623115576 0.28266331658291455 0.23115577889447236
0 0.3837939698492461 0.0734924623115578 0.36306532663316604 0.1469849246231156
