0 0.15753424657534243 0.1350293542074364 0.3072407045009784 0.15655577299412912
2 0.5818034654693658 0.03592239135828659 0.04410273790522313 0.04339140342288084
2 0.6497359085330561 0.054061420658015474 0.04908207928161937 0.048370744799277
2 0.5515717499698175 0.08393746891639245 0.03912339652882696 0.04410273790522315
2 0.5302317154995483 0.13479788440386753 0.041968734458196225 0.030587382740719277
2 0.554772755140358 0.12270519820404828 0.04268006894053848 0.03912339652882699
2 0.6945499809206216 0.1440452326743175 0.04481407238756549 0.043391403422880816
2 0.7482557343374661 0.11274651545125593 0.039834731011169223 0.02631937584666542
2 0.7966264791367429 0.12448353440990405 0.04125739997585396 0.03414405515243082
2 0.7585700843314295 0.1422668964684618 0.04054606549351159 0.03414405515243083
2 0.7454103964080966 0.1522255792212541 0.03272138618774618 0.032721386187746206
2 0.6941943136794508 0.21233334297917916 0.045525406869907796 0.03627805859945763
2 0.6657409343857581 0.22904970331422347 0.04410273790522321 0.04410273790522315
2 0.6024321654572927 0.24043105503170042 0.03272138618774618 0.022762703434953898
2 0.5882054758104464 0.27137410501359077 0.03414405515243082 0.032010051705403914
2 0.5682881103048619 0.28560079466043686 0.025608041364323132 0.030587382740719277
2 0.5974528240808965 0.1895706395442253 0.03414405515243082 0.023474037917296183
2 0.5188503637820714 0.1511585774977406 0.034855389634773165 0.017783362058557718
0 0.5515717499698175 0.6138816582614126 0.06615410685783471 0.05832942755206942
0 0.6205711947570215 0.5786706013854683 0.11879285855116552 0.07611278961062702
0 0.5558397568638714 0.7451228702535686 0.11025684476305782 0.07611278961062691
0 0.5743005656485043 0.6865740595784082 0.1077772968998137 0.06997808814723959
0 0.7478540650810437 0.5890823341327017 0.15536310146231563 0.10687471577398452
0 0.837528211871426 0.6722110858134821 0.043391403422880594 0.12661753785693058
0 0.7444507069669902 0.7536153146427956 0.13421153412692508 0.09526717388798575
0 0.7804421960103185 0.8143481389369014 0.14084422750377718 0.08425105613658337
0 0.7976934808602564 0.8375963529580688 0.12306086544521938 0.06899944478720398
0 0.5676170534527105 0.825428476854448 0.06330876892846543 0.09325977150604042
0 0.6115715867528861 0.7581103116448993 0.14226689646846155 0.10015372657422277
2 0.6317980766649925 0.8918734578162326 0.19683979874828786 0.12857559565904636
0 0.6171869339442031 0.7343561468154094 0.10365140538929486 0.18007642946609828
0 0.7344028509610905 0.9067888990040348 0.09373183340376373 0.1426806797368403
0 0.6396295527417292 0.9401157731031508 0.07706839635420566 0.07810986116980315
2 0.23480297660740812 0.5270795691531166 0.12118863308769448 0.07006217850382343
2 0.18036277033754536 0.5862537064029676 0.11456112971571124 0.11834827449970164
2 0.32522105832518033 0.5928812097749502 0.14296471559563925 0.13539042602765863
2 0.24379744546938525 0.7050753740006677 0.1259225640676825 0.14959221896762254
2 0.32900820310917056 0.6984478706286846 0.08426397144378761 0.12118863308769448
2 0.37350715432105847 0.6619966020827766 0.048286095995878284 0.10319969536373985
2 0.3564650027931014 0.7604623664665283 0.08426397144378761 0.0766896818758067
2 0.12497577787168496 0.677618574316737 0.14201792939964197 0.13633721222365627
2 0.05207324077986874 0.5938279959709485 0.10225290916774225 0.10888041253972552
2 0.08379057834578878 0.5379676104070892 0.09373183340376372 0.07858325426780194
2 0.030770551369922433 0.6771451812187385 0.061541102739844866 0.08426397144378761
2 0.03881823403590214 0.7580954009765343 0.07763646807180428 0.0833171852477901
2 0.18367652202353693 0.7609357595645275 0.12308220547968964 0.07953004046379993
