0 0.8272335844994617 0.8932119205298014 0.10441334768568353 0.11754966887417219
0 0.882669537136706 0.9619205298013246 0.13993541442411195 0.076158940397351
0 0.8019375672766416 0.7011589403973509 0.09903121636167922 0.07450331125827814
0 0.581270182992465 0.5107615894039736 0.03444564047362755 0.024834437086092717
0 0.5748116254036598 0.48509933774834435 0.02798708288482239 0.029801324503311258
0 0.5958019375672766 0.49834437086092714 0.03552206673842842 0.02649006622516557
0 0.5823466092572659 0.5198675496688743 0.04520990312163617 0.019867549668874173
0 0.42734122712594186 0.4610927152317881 0.15715823466092577 0.12086092715231792
0 0.4074273412271259 0.3741721854304636 0.17330462863293863 0.12251655629139073
0 0.5618945102260496 0.39735099337748336 0.155005382131324 0.1423841059602649
0 0.7163616792249731 0.21854304635761587 0.16684607104413351 0.11589403973509932
0 0.6178686759956943 0.13658940397350994 0.23681377825618946 0.173841059602649
