2 0.6056763285024156 0.6339366515837103 0.11956521739130435 0.1257918552036199
2 0.7457729468599034 0.6619909502262443 0.10748792270531402 0.11674208144796379
2 0.7077294685990339 0.37013574660633486 0.2391304347826087 0.14841628959276018
2 0.5169082125603865 0.18868778280542983 0.11835748792270531 0.12036199095022625
2 0.6147342995169082 0.1583710407239819 0.11594202898550725 0.11402714932126697
2 0.6382850241545893 0.2570135746606335 0.1847826086956521 0.12126696832579185
2 0.2270531400966184 0.30542986425339363 0.08937198067632847 0.12217194570135746
2 0.33816425120772947 0.34660633484162895 0.1497584541062802 0.1248868778280543
2 0.1068840579710145 0.30588235294117644 0.15096618357487923 0.12307692307692308
2 0.21014492753623187 0.4004524886877827 0.18357487922705315 0.1438914027149321
2 0.2373188405797101 0.4610859728506787 0.15096618357487923 0.1294117647058824
2 0.08393719806763285 0.3990950226244344 0.11473429951690822 0.1520361990950226
2 0.26811594202898553 0.6257918552036198 0.11835748792270531 0.0986425339366516
2 0.3695652173913044 0.5755656108597286 0.10628019323671496 0.09592760180995477
2 0.4281400966183575 0.6574660633484163 0.17270531400966177 0.1276018099547511
2 0.3786231884057971 0.7402714932126696 0.1292270531400966 0.10497737556561086
2 0.33816425120772947 0.7895927601809954 0.1497584541062802 0.1276018099547511
2 0.232487922705314 0.7733031674208144 0.09541062801932364 0.13122171945701352
2 0.14855072463768113 0.7131221719457014 0.15942028985507242 0.1375565610859729
