0 0.5667808219178083 0.5301668806161746 0.10273972602739725 0.08985879332477538
0 0.5590753424657534 0.6938382541720156 0.056506849315068476 0.052631578947368425
0 0.273972602739726 0.9428754813863928 0.07534246575342465 0.052631578947368425
0 0.9118150684931507 0.9775353016688061 0.08047945205479452 0.04492939666238769
0 0.5196917808219177 0.2650834403080873 0.05308219178082192 0.03979460847240052
0 0.8476027397260275 0.016046213093709884 0.08904109589041095 0.03209242618741977
1 0.5179794520547945 0.05455712451861361 0.1113013698630137 0.09114249037227214
1 0.4203767123287671 0.06482670089858794 0.09417808219178082 0.0680359435173299
1 0.3664383561643835 0.11617458279845955 0.06164383561643835 0.0680359435173299
1 0.40582191780821913 0.2644415917843389 0.10616438356164384 0.07958921694480103
1 0.5539383561643835 0.34017971758664955 0.14212328767123286 0.07702182284980745
1 0.7174657534246575 0.4306803594351733 0.08904109589041095 0.07317073170731705
1 0.7602739726027398 0.3709884467265725 0.0958904109589041 0.07958921694480103
1 0.8587328767123288 0.340821566110398 0.08732876712328767 0.06546854942233633
1 0.9383561643835617 0.3363286264441592 0.07876712328767123 0.06675224646983312
1 0.9580479452054794 0.22657252888318358 0.06335616438356165 0.055198973042362
1 0.9648972602739727 0.058408215661103983 0.0702054794520548 0.10911424903722722
1 0.6857876712328768 0.7265725288831836 0.1523972602739726 0.10269576379974327
1 0.7465753424657535 0.5564826700898589 0.07534246575342465 0.05006418485237484
1 0.08476027397260275 0.019255455712451863 0.09075342465753425 0.03594351732991014
1 0.045376712328767124 0.27920410783055205 0.09075342465753425 0.14762516046213095
1 0.25342465753424653 0.8048780487804881 0.0684931506849315 0.04621309370988448
1 0.363013698630137 0.7702182284980742 0.0958904109589041 0.07445442875481387
1 0.27054794520547953 0.8690629011553276 0.09246575342465753 0.06161745827984597
1 0.13784246575342465 0.8613607188703466 0.0976027397260274 0.051347881899871634
1 0.023116438356164382 0.9274711168164314 0.046232876712328765 0.057766367137355584
1 0.6883561643835615 0.9037227214377407 0.1095890410958904 0.07702182284980745
1 0.6686643835616438 0.8215661103979461 0.0976027397260274 0.059050064184852376
1 0.788527397260274 0.9216944801026957 0.11472602739726029 0.07958921694480103
1 0.9186643835616438 0.8876765083440309 0.11472602739726029 0.0885750962772786
1 0.7071917808219177 0.9743260590500643 0.1232876712328767 0.051347881899871634
1 0.485445205479452 0.6508344030808729 0.08047945205479452 0.059050064184852376
1 0.5873287671232876 0.6373555840821566 0.15753424657534246 0.06546854942233633
1 0.449486301369863 0.40051347881899874 0.148972602739726 0.10012836970474968
1 0.8296232876712328 0.441591784338896 0.0976027397260274 0.08729139922978177
1 0.45547945205479456 0.11874197689345316 0.1198630136986301 0.06290115532734275
1 0.6044520547945206 0.031450577663671375 0.07534246575342465 0.04749679075738125
1 0.021404109589041095 0.019255455712451863 0.04280821917808219 0.038510911424903725
