0 0.47588126159554733 0.6523178807947019 0.03339517625231911 0.04105960264900662
0 0.5449907235621523 0.6655629139072847 0.038033395176252316 0.051655629139072845
0 0.4480519480519481 0.5847682119205299 0.022263450834879402 0.03576158940397351
0 0.37801484230055654 0.6006622516556291 0.030612244897959183 0.038410596026490065
0 0.3863636363636364 0.41920529801324513 0.026901669758812616 0.04105960264900662
0 0.5366419294990724 0.5033112582781457 0.030612244897959183 0.05033112582781457
0 0.296382189239332 0.8549668874172185 0.026901669758812616 0.04635761589403972
0 0.3186456400742116 0.8754966887417218 0.0287569573283859 0.03443708609271523
0 0.3705936920222635 0.8039735099337748 0.0287569573283859 0.037086092715231785
1 0.8167903525046383 0.8569536423841062 0.06215213358070501 0.09801324503311258
1 0.7708719851576994 0.828476821192053 0.0575139146567718 0.0781456953642384
1 0.7314471243042672 0.809271523178808 0.05658627087198516 0.06622516556291391
1 0.7059369202226345 0.8880794701986755 0.0593692022263451 0.07549668874172186
1 0.9526901669758813 0.5774834437086093 0.037105751391465686 0.05562913907284768
1 0.8000927643784785 0.595364238410596 0.05658627087198516 0.05695364238410596
1 0.8761595547309834 0.6039735099337749 0.04730983302411874 0.05033112582781457
1 0.8613172541743971 0.5152317880794702 0.05287569573283859 0.047682119205298024
1 0.6734693877551021 0.7841059602649006 0.0575139146567718 0.08741721854304636
1 0.6400742115027829 0.7245033112582782 0.05380333951762523 0.11125827814569536
1 0.5732838589981447 0.7337748344370862 0.06493506493506492 0.07417218543046357
1 0.5602968460111318 0.8165562913907284 0.06493506493506492 0.0728476821192053
1 0.4990723562152134 0.7364238410596029 0.0575139146567718 0.0794701986754967
1 0.5417439703153989 0.6437086092715232 0.06679035250463822 0.08211920529801324
1 0.6484230055658629 0.528476821192053 0.07421150278293137 0.11655629139072847
1 0.7054730983302413 0.5218543046357617 0.05102040816326531 0.06357615894039735
1 0.7871057513914657 0.40000000000000013 0.05658627087198516 0.09801324503311258
1 0.762987012987013 0.3649006622516556 0.06771799628942486 0.10993377483443709
1 0.6725417439703153 0.35695364238410604 0.07235621521335805 0.11788079470198676
1 0.6377551020408163 0.3582781456953643 0.05658627087198516 0.08344370860927153
1 0.6103896103896103 0.37748344370860937 0.04638218923933209 0.08741721854304636
1 0.5816326530612246 0.41920529801324513 0.0816326530612245 0.07549668874172186
1 0.5510204081632653 0.38410596026490074 0.07235621521335805 0.06622516556291391
1 0.5241187384044528 0.44834437086092727 0.07421150278293137 0.09403973509933772
1 0.5106679035250464 0.5655629139072849 0.07699443413729128 0.10860927152317881
1 0.5487012987012989 0.9198675496688744 0.07328385899814471 0.06754966887417219
1 0.4823747680890538 0.832450331125828 0.04081632653061225 0.0781456953642384
1 0.4591836734693878 0.8900662251655629 0.044526901669758805 0.06887417218543046
1 0.3784786641929499 0.8629139072847685 0.04638218923933209 0.06225165562913907
1 0.4100185528756958 0.7543046357615897 0.07421150278293137 0.104635761589404
1 0.3487940630797774 0.7357615894039736 0.0686456400742115 0.104635761589404
1 0.3747680890538033 0.6476821192052981 0.07977736549165121 0.09536423841059605
1 0.4100185528756958 0.5569536423841059 0.06679035250463822 0.1072847682119205
1 0.42671614100185523 0.47947019867549673 0.07050092764378477 0.09536423841059605
1 0.3538961038961039 0.47880794701986756 0.05102040816326531 0.09139072847682123
1 0.3650278293135436 0.5801324503311258 0.06215213358070501 0.10066225165562914
1 0.29313543599257885 0.39403973509933776 0.06307977736549167 0.08874172185430464
1 0.3038033395176253 0.4496688741721854 0.05658627087198516 0.08344370860927153
1 0.4475881261595548 0.30066225165562915 0.07513914656771802 0.07152317880794702
1 0.4016697588126159 0.3529801324503311 0.048237476808905375 0.06754966887417219
1 0.3534322820037105 0.28609271523178803 0.04267161410018553 0.06357615894039735
1 0.3427643784786642 0.2145695364238411 0.06400742115027831 0.09006622516556291
1 0.41975881261595555 0.23576158940397346 0.06029684601113174 0.09801324503311258
1 0.4466604823747681 0.15960264900662252 0.06400742115027831 0.09933774834437087
1 0.5403525046382192 0.314569536423841 0.06029684601113174 0.06754966887417219
1 0.61456400742115 0.20794701986754965 0.08812615955473097 0.09801324503311258
1 0.4953617810760667 0.2105960264900662 0.0575139146567718 0.09271523178807944
1 0.5046382189239333 0.11456953642384107 0.051948051948051945 0.09139072847682123
1 0.5440630797773655 0.11324503311258277 0.05658627087198516 0.08874172185430464
1 0.5718923933209646 0.25894039735099333 0.05287569573283859 0.08874172185430464
1 0.5236549165120593 0.25364238410596024 0.05658627087198516 0.06754966887417219
1 0.6646567717996291 0.12450331125827814 0.07513914656771802 0.11390728476821192
1 0.3079777365491651 0.6834437086092716 0.055658627087198514 0.06622516556291391
1 0.26716141001855287 0.6019867549668874 0.04267161410018553 0.051655629139072845
1 0.2509276437847866 0.6966887417218544 0.06215213358070501 0.07682119205298013
1 0.26530612244897955 0.7364238410596026 0.06679035250463822 0.07417218543046357
1 0.2560296846011132 0.8298013245033112 0.0593692022263451 0.09668874172185431
1 0.2945269016697588 0.8576158940397349 0.06215213358070501 0.09139072847682123
1 0.15027829313543598 0.8132450331125827 0.0816326530612245 0.07417218543046357
1 0.1525974025974026 0.7158940397350995 0.07142857142857141 0.08609271523178809
1 0.11827458256029687 0.7437086092715234 0.08812615955473097 0.09139072847682123
1 0.18042671614100186 0.6099337748344371 0.06586270871985157 0.07549668874172186
1 0.212430426716141 0.6185430463576159 0.0593692022263451 0.11390728476821192
1 0.13358070500927643 0.5933774834437086 0.0575139146567718 0.06622516556291391
1 0.13636363636363635 0.6668874172185428 0.06679035250463822 0.059602649006622516
1 0.19944341372912802 0.4490066225165564 0.06493506493506492 0.10066225165562914
1 0.237012987012987 0.4907284768211921 0.05473098330241188 0.0728476821192053
1 0.18645640074211506 0.37086092715231794 0.0593692022263451 0.07417218543046357
1 0.20964749536178104 0.2662251655629139 0.044526901669758805 0.05298013245033114
1 0.2727272727272728 0.22450331125827816 0.06307977736549167 0.08874172185430464
1 0.1377551020408163 0.47152317880794703 0.05102040816326531 0.09271523178807944
1 0.17578849721706863 0.5 0.039888682745825604 0.059602649006622516
1 0.11131725417439702 0.39933774834437086 0.03339517625231911 0.0781456953642384
1 0.15398886827458255 0.37814569536423853 0.05009276437847866 0.0781456953642384
1 0.1679035250463822 0.28013245033112577 0.0575139146567718 0.09403973509933772
1 0.11827458256029683 0.2986754966887417 0.05844155844155843 0.06225165562913907
1 0.0830241187384045 0.5298013245033109 0.04730983302411875 0.07682119205297981
1 0.08348794063079777 0.4437086092715233 0.05380333951762523 0.09006622516556291
1 0.07467532467532469 0.29668874172185433 0.06029684601113174 0.0794701986754967
1 0.0640074211502783 0.36092715231788075 0.0575139146567718 0.1072847682119205
