0 0.7744886975242196 0.8466092572658772 0.39074273412271254 0.3067814854682455
0 0.5850376749192681 0.692142088266954 0.25080731969860065 0.20452099031216364
0 0.2658772874058127 0.11141011840688914 0.3207750269106565 0.22282023681377827
0 0.3326157158234661 0.2814854682454252 0.1765339074273413 0.18622174381054898
0 0.0721205597416577 0.24004305705059203 0.1442411194833154 0.26480086114101187
0 0.41603875134553275 0.6297093649085039 0.18406889128094725 0.12055974165769644
0 0.07911733046286329 0.6872981700753498 0.15823466092572658 0.24434876210979542
0 0.9171151776103337 0.3110871905274488 0.1442411194833154 0.1786867599569429
0 0.6609257265877289 0.15446716899892357 0.503767491926803 0.30893433799784714
0 0.666307857911733 0.4639397201291711 0.5877287405812699 0.44779332615715817
0 0.9445640473627557 0.5731969860064585 0.10226049515608182 0.2658772874058127
0 0.2163616792249731 0.5279870828848224 0.38966630785791173 0.6921420882669537
0 0.3137782561894511 0.8213132400430561 0.6038751345532832 0.3444564047362755
