2 0.8433734939759036 0.06875 0.0749665327978581 0.07321428571428572
2 0.6472556894243642 0.30357142857142855 0.060240963855421686 0.075
2 0.6994645247657294 0.31875 0.06559571619812583 0.058928571428571414
2 0.7081659973226236 0.38482142857142865 0.061579651941097706 0.06607142857142846
2 0.8085676037483267 0.35714285714285715 0.07228915662650601 0.1
2 0.7643908969210174 0.5392857142857143 0.07228915662650601 0.08571428571428572
2 0.7081659973226238 0.5633928571428573 0.06693440428380187 0.09464285714285714
2 0.6124497991967871 0.5910714285714286 0.052208835341365466 0.06428571428571427
2 0.5783132530120482 0.4410714285714286 0.19009370816599738 0.24285714285714285
2 0.6117804551539494 0.6901785714285715 0.12851405622489964 0.1732142857142858
2 0.5214190093708166 0.6892857142857143 0.13788487282463185 0.17142857142857143
2 0.4618473895582329 0.5419642857142858 0.10441767068273093 0.12678571428571425
2 0.4089692101740293 0.6303571428571428 0.10307898259705489 0.12857142857142853
2 0.29183400267737614 0.5875 0.1392235609103079 0.16785714285714284
2 0.42235609103078986 0.9276785714285714 0.14323962516733602 0.14464285714285718
2 0.28045515394912984 0.9366071428571429 0.11646586345381525 0.12678571428571425
2 0.21485943775100397 0.8357142857142863 0.07630522088353416 0.1357142857142857
2 0.1318607764390897 0.6544642857142857 0.13788487282463185 0.14464285714285718
2 0.04953145917001337 0.5571428571428572 0.09906291834002674 0.1392857142857143
2 0.038821954484605084 0.6957142829895012 0.07764390896921017 0.1378571374075753
2 0.09437751004016068 0.869642857142857 0.18875502008032136 0.260714285714285
