1 0.3793565683646113 0.2589285714285714 0.0777479892761394 0.05714285714285714
1 0.45576407506702415 0.2446428571428571 0.064343163538874 0.035714285714285705
1 0.6005361930294906 0.23035714285714287 0.07506702412868632 0.04642857142857143
1 0.7278820375335121 0.2375 0.09919571045576409 0.06785714285714285
1 0.5603217158176944 0.36517857142857135 0.08042895442359249 0.06964285714285715
1 0.5764075067024129 0.4428571428571429 0.09651474530831097 0.05714285714285714
1 0.7372654155495979 0.4482142857142857 0.05361930294906166 0.04642857142857143
1 0.8310991957104558 0.4857142857142857 0.04289544235924933 0.04285714285714286
1 0.8847184986595175 0.42232142857142857 0.064343163538874 0.05178571428571429
1 0.9182305630026809 0.5392857142857141 0.06702412868632708 0.05357142857142857
1 0.868632707774799 0.6008928571428571 0.07506702412868632 0.030357142857142857
1 0.9088471849865952 0.69375 0.09651474530831097 0.05178571428571429
1 0.8002680965147451 0.7696428571428572 0.06702412868632708 0.060714285714285714
1 0.546916890080429 0.6875 0.07506702412868632 0.07142857142857141
1 0.467828418230563 0.65625 0.05630026809651475 0.05178571428571429
1 0.3404825737265415 0.6035714285714288 0.06970509383378017 0.05
1 0.3096514745308311 0.674107142857143 0.07238605898123325 0.055357142857142855
1 0.41420911528150123 0.7026785714285714 0.06166219839142091 0.0625
1 0.5415549597855228 0.7785714285714286 0.07506702412868632 0.06428571428571427
1 0.22386058981233248 0.7303571428571426 0.09919571045576417 0.042857142857142524
1 0.12332439678284184 0.6839285714285714 0.05898123324396783 0.05
1 0.16353887399463807 0.6321428571428571 0.06970509383378017 0.05357142857142857
1 0.21179624664879357 0.4214285714285715 0.10723860589812333 0.05
1 0.26541554959785524 0.34732142857142856 0.05898123324396783 0.044642857142857144
1 0.31769436997319045 0.36071428571428577 0.06702412868632708 0.039285714285714285
1 0.861930294906166 0.2901785714285715 0.040214477211796246 0.05178571428571429
1 0.4865951742627343 0.5044642857142854 0.9731903485254686 0.5946428571428564
