0 0.5123456790123456 0.5270588235294118 0.5943562610229276 0.48
0 0.7777777777777778 0.7258823529411765 0.13051146384479714 0.331764705882353
0 0.8236331569664903 0.4458823529411765 0.1128747795414462 0.20941176470588235
0 0.6684303350970018 0.2223529411764706 0.19753086419753085 0.23764705882352943
0 0.23192239858906522 0.3176470588235294 0.2663139329805996 0.4094117647058823
0 0.4462081128747795 0.9011764705882352 0.19047619047619047 0.14588235294117646
0 0.6825396825396823 0.8941176470588232 0.16931216931216928 0.21176470588235316
0 0.9197530864197532 0.72 0.14638447971781304 0.3247058823529412
0 0.9444444444444444 0.45435293758616724 0.1111111111111111 0.19811763987821687
0 0.9453262786596122 0.2967058787626379 0.10934744268077601 0.21223528693704044
