2 0.7117346938775511 0.13286264441591786 0.1717687074829932 0.15532734274711169
2 0.6717687074829932 0.24518613607188705 0.1564625850340136 0.0975609756097561
2 0.83078231292517 0.300385109114249 0.1377551020408163 0.10012836970474968
2 0.7585034013605442 0.3607188703465982 0.17006802721088435 0.14377406931964057
2 0.6360544217687074 0.31450577663671375 0.12244897959183673 0.10526315789473685
2 0.451530612244898 0.48074454428754815 0.13435374149659865 0.06033376123234916
2 0.6445578231292517 0.5879332477535302 0.05102040816326531 0.03337612323491656
2 0.6870748299319729 0.5956354300385109 0.05442176870748299 0.043645699614890884
2 0.48214285714285715 0.5391527599486523 0.09693877551020408 0.05648267008985879
2 0.38775510204081626 0.5320924261874197 0.11564625850340135 0.07060333761232349
2 0.25595238095238093 0.6476251604621309 0.07653061224489796 0.05006418485237484
2 0.19302721088435373 0.6617458279845958 0.08333333333333331 0.057766367137355584
2 0.12670068027210885 0.6546854942233632 0.07312925170068027 0.0410783055198973
2 0.09013605442176871 0.6854942233632864 0.0782312925170068 0.05391527599486521
2 0.1921768707482993 0.7098844672657252 0.08843537414965986 0.043645699614890884
2 0.24064625850340135 0.6931964056482672 0.05612244897959184 0.051347881899871634
2 0.13095238095238096 0.7137355584082159 0.047619047619047616 0.03337612323491656
2 0.11054421768707483 0.7567394094993584 0.0816326530612245 0.052631578947368425
2 0.6989795918367347 0.819640564826701 0.057823129251700675 0.03979460847240052
2 0.6760204081632654 0.8369704749679078 0.05952380952380951 0.03594351732991014
2 0.6607142857142857 0.8106546854942235 0.05612244897959184 0.04492939666238769
2 0.6930272108843538 0.7894736842105263 0.04591836734693878 0.03594351732991014
2 0.41921768707483 0.9492939666238768 0.032312925170068035 0.04236200256739409
