1 0.30238095238095236 0.07232142857142856 0.11904761904761903 0.058928571428571414
1 0.5119047619047619 0.13214285714285715 0.10952380952380952 0.07142857142857141
1 0.35119047619047616 0.28839285714285723 0.09285714285714289 0.08392857142857142
1 0.48928571428571427 0.4035714285714285 0.2261904761904762 0.14285714285714282
1 0.5654761904761907 0.3205357142857142 0.09761904761904763 0.09464285714285714
1 0.5976190476190476 0.42410714285714285 0.15238095238095237 0.12678571428571425
1 0.6357142857142857 0.5196428571428571 0.18571428571428578 0.15
1 0.6964285714285715 0.6116071428571428 0.2261904761904762 0.14107142857142857
1 0.6785714285714287 0.7285714285714283 0.2 0.10714285714285744
1 0.6666666666666666 0.7973214285714286 0.20952380952380953 0.11607142857142858
1 0.4333333333333333 0.6660714285714283 0.10952380952380945 0.09285714285714301
1 0.35476190476190483 0.5285714285714286 0.1380952380952381 0.09285714285714286
1 0.2642857142857143 0.13392857142857142 0.5285714285714286 0.26785714285714285
1 0.2666666666666667 0.3482142857142858 0.44761904761904775 0.29285714285714287
