2 0.5976027397260275 0.3549422336328626 0.1198630136986301 0.09884467265725286
2 0.7440068493150686 0.3440308087291399 0.1113013698630137 0.08985879332477538
2 0.31763698630136994 0.22464698331193836 0.125 0.110397946084724
2 0.3741438356164384 0.23812580231065467 0.0839041095890411 0.1116816431322208
2 0.2397260273972603 0.2163029525032092 0.1095890410958904 0.1399229781771502
2 0.1446917808219178 0.27599486521180994 0.1660958904109589 0.1463414634146341
2 0.2842465753424657 0.37483953786906293 0.11643835616438356 0.1258023106546855
2 0.4289383561643835 0.3478818998716303 0.1626712328767123 0.12323491655969195
2 0.37928082191780826 0.39473684210526316 0.1386986301369863 0.1245186136071887
2 0.21061643835616436 0.5847240051347882 0.1815068493150685 0.12965340179717585
2 0.33989726027397266 0.668806161745828 0.1386986301369863 0.10783055198973042
2 0.23544520547945205 0.7002567394094994 0.09075342465753425 0.12708600770218229
2 0.10787671232876711 0.6925545571245186 0.1780821917808219 0.1245186136071887
2 0.08047945205479452 0.5860077021822849 0.1232876712328767 0.11424903722721437
2 0.2508561643835616 0.509627727856226 0.14554794520547945 0.09242618741976896
2 0.6909246575342465 0.6424903722721436 0.19006849315068494 0.11424903722721437
2 0.6301369863013698 0.7477535301668804 0.1506849315068493 0.1245186136071887
2 0.6027397260273973 0.8305519897304237 0.11301369863013695 0.10526315789473685
2 0.5222602739726028 0.8080872913992297 0.1198630136986301 0.12965340179717585
