0 0.12708600770218226 0.09435173299101411 0.19255455712451855 0.13478818998716302
0 0.5256739409499358 0.07509627727856225 0.05006418485237484 0.09627727856225927
0 0.5686777920410784 0.07317073170731707 0.051347881899871634 0.0949935815147625
0 0.6129653401797176 0.08472400513478819 0.0680359435173299 0.08729139922978177
0 0.13478818998716302 0.6643132220795893 0.0975609756097561 0.1116816431322208
0 0.04557124518613606 0.6553273427471118 0.07317073170731705 0.07830551989730423
0 0.07317073170731708 0.5943517329910142 0.11553273427471117 0.08729139922978177
0 0.17522464698331194 0.5641848523748395 0.08600770218228501 0.10141206675224644
0 0.19833119383825415 0.6501925545571247 0.06033376123234916 0.12708600770218229
2 0.5462130937098845 0.6765083440308088 0.04749679075738125 0.051347881899871634
2 0.5917843388960204 0.7053915275994865 0.043645699614890884 0.04492939666238769
2 0.6123234916559692 0.6835686777920411 0.051347881899871634 0.04236200256739409
2 0.5738125802310655 0.6623876765083441 0.04878048780487805 0.05648267008985879
2 0.6020539152759948 0.6534017971758667 0.0410783055198973 0.015404364569961493
2 0.6566110397946087 0.6181001283697047 0.021822849807445442 0.03979460847240052
2 0.6732991014120667 0.6238767650834403 0.026957637997432605 0.028241335044929396
2 0.6732991014120665 0.5943517329910142 0.019255455712451863 0.025673940949935817
2 0.717586649550706 0.5256739409499358 0.025673940949935817 0.019255455712451863
2 0.727214377406932 0.5224646983311939 0.019255455712451863 0.015404364569961493
2 0.7439024390243903 0.5295250320924262 0.026957637997432605 0.024390243902439025
2 0.7381258023106549 0.5584082156611039 0.015404364569961493 0.028241335044929396
2 0.7214377406931963 0.5507060333761232 0.025673940949935817 0.02053915275994865
2 0.710526315789474 0.5590500641848524 0.021822849807445442 0.024390243902439025
2 0.7323491655969191 0.56803594351733 0.024390243902439025 0.021822849807445442
2 0.7663671373555841 0.6623876765083441 0.010269576379974325 0.01797175866495507
2 0.7721437740693199 0.6739409499358152 0.01668806161745828 0.010269576379974325
2 0.7785622593068037 0.6649550706033375 0.01668806161745828 0.02053915275994865
