1 0.3518835616438356 0.18164313222079592 0.1284246575342466 0.08600770218228501
1 0.4152397260273972 0.0417201540436457 0.14212328767123286 0.06290115532734275
1 0.5453767123287672 0.1084724005134788 0.07705479452054795 0.09627727856225927
1 0.6309931506849316 0.10012836970474968 0.06335616438356165 0.06418485237483953
1 0.5633561643835616 0.17522464698331194 0.11301369863013695 0.06290115532734275
1 0.7106164383561644 0.2573812580231066 0.1232876712328767 0.08087291399229782
1 0.803082191780822 0.2143774069319641 0.07876712328767123 0.0693196405648267
1 0.696917808219178 0.1514762516046213 0.08904109589041095 0.08472400513478819
1 0.5616438356164384 0.27471116816431324 0.13356164383561644 0.07702182284980745
1 0.7928082191780823 0.28433889602053913 0.1095890410958904 0.07317073170731705
1 0.45119863013698625 0.12708600770218229 0.07705479452054795 0.06418485237483953
1 0.4931506849315068 0.43709884467265714 0.1095890410958904 0.06290115532734275
1 0.5753424657534245 0.465982028241335 0.10273972602739725 0.10012836970474968
1 0.6327054794520548 0.439666238767651 0.07705479452054795 0.08600770218228501
1 0.37071917808219174 0.4910141206675225 0.08047945205479452 0.08087291399229782
1 0.2988013698630137 0.5250320924261874 0.06678082191780822 0.051347881899871634
1 0.32277397260273966 0.5693196405648266 0.10102739726027397 0.052631578947368425
1 0.4580479452054794 0.5237483953786907 0.11472602739726029 0.08985879332477538
1 0.5565068493150684 0.5141206675224648 0.136986301369863 0.08344030808729143
1 0.591609589041096 0.5821566110397947 0.125 0.08600770218228501
1 0.327054794520548 0.8401797175866496 0.09246575342465753 0.07830551989730423
1 0.4426369863013699 0.8812580231065468 0.1386986301369863 0.06290115532734275
1 0.3981164383561644 0.8183568677792041 0.0839041095890411 0.04492939666238769
1 0.363013698630137 0.7445442875481387 0.0993150684931507 0.0693196405648267
1 0.4871575342465754 0.7439024390243903 0.11815068493150685 0.06546854942233633
1 0.5898972602739726 0.9370988446726572 0.1113013698630137 0.08472400513478819
1 0.6446917808219177 0.9569961489088575 0.0976027397260274 0.055198973042362
1 0.7011986301369864 0.8774069319640564 0.07705479452054795 0.0680359435173299
1 0.7936643835616438 0.8992297817715018 0.0976027397260274 0.06290115532734275
1 0.8261986301369864 0.9711168164313223 0.10102739726027397 0.057766367137355584
1 0.9306506849315069 0.9704749679075738 0.10102739726027397 0.059050064184852376
1 0.9417808219178083 0.899229781771502 0.11643835616438356 0.07060333761232349
1 0.8142123287671232 0.8408215661103982 0.10445205479452055 0.03337612323491656
1 0.7457191780821918 0.6546854942233634 0.10445205479452055 0.0693196405648267
1 0.675513698630137 0.5802310654685494 0.0702054794520548 0.07188703465982028
1 0.7517123287671232 0.5750962772785622 0.0547945205479452 0.05391527599486521
1 0.27568493150684925 0.7599486521181 0.0547945205479452 0.06675224646983312
1 0.2876712328767123 0.6456996148908858 0.09246575342465753 0.059050064184852376
1 0.6241438356164383 0.7400513478819001 0.06678082191780822 0.06290115532734275
1 0.15753424657534243 0.89602053915276 0.08904109589041095 0.06418485237483953
1 0.06934931506849315 0.8921694480102695 0.08047945205479452 0.0410783055198973
1 0.2037671232876712 0.8228498074454429 0.09246575342465753 0.059050064184852376
1 0.2303082191780822 0.7381258023106545 0.10102739726027397 0.06418485237483953
1 0.4366438356164384 0.28048780487804875 0.1198630136986301 0.057766367137355584
