0 0.11287625418060199 0.12374581939799331 0.10535117056856186 0.1505016722408027
0 0.20986622073578576 0.2048494983277589 0.10869565217391272 0.14548494983277574
0 0.14715719063545157 0.25418060200668896 0.10702341137123735 0.16053511705685625
0 0.1003344481605351 0.36036789297658883 0.09364548494983276 0.13210702341137168
0 0.1923076923076923 0.35451505016722407 0.09698996655518394 0.15719063545150505
1 0.13545150501672237 0.6379598662207356 0.11036789297658861 0.15217391304347808
1 0.16053511705685616 0.7842809364548493 0.10033444816053512 0.08695652173913014
1 0.25167224080267553 0.5744147157190637 0.09866220735785959 0.13879598662207338
1 0.27842809364548493 0.7357859531772575 0.11538461538461538 0.13377926421404682
1 0.23160535117056857 0.868729096989967 0.1254180602006688 0.10535117056856186
1 0.35702341137123744 0.5501672240802675 0.09531772575250837 0.09364548494983277
1 0.39966555183946495 0.6956521739130438 0.06688963210702331 0.09698996655518394
1 0.3971571906354515 0.8193979933110367 0.10535117056856186 0.10702341137123746
1 0.3369565217391305 0.8904682274247492 0.0451505016722408 0.0919732441471572
1 0.2190635451505017 0.9632107023411371 0.12709030100334448 0.07357859531772576
1 0.34615384615384626 0.9724080267558532 0.09698996655518397 0.05518394648829435
1 0.4306020066889632 0.9372909698996653 0.08862876254180602 0.11204013377926417
1 0.11789297658862875 0.5434782608695652 0.1254180602006689 0.08695652173913045
0 0.5476588628762543 0.5317725752508361 0.08528428093645485 0.06688963210702341
0 0.6170568561872909 0.7207357859531773 0.13377926421404673 0.20066889632107043
0 0.7357859531772576 0.6789297658862877 0.11371237458193956 0.1705685618729099
0 0.6413043478260857 0.8904682274247488 0.1321070234113711 0.19230769230769285
0 0.7198996655518395 0.8118729096989966 0.11538461538461538 0.1488294314381271
0 0.7742474916387958 0.8745819397993311 0.11036789297658861 0.16387959866220736
1 0.7165700314431911 0.027416722550377075 0.039881309293913626 0.03495665354465144
1 0.7571695570658016 0.052388835227610994 0.033061638091152465 0.02780161577386179
1 0.7052038263983956 0.07105665932957504 0.03130627939440647 0.03888037894399149
1 0.7327230568462134 0.11321914848716245 0.03888037872679678 0.04796929824975524
1 0.8226023741274194 0.034700980014968345 0.035850739306497716 0.0348408590936385
1 0.8222236693580726 0.019047840237320847 0.0012623499755809852 0.002019759960929452
1 0.7296934164953888 0.05679210476639929 0.028781579195103504 0.02903404927747235
1 0.7671852015641173 0.14806000227148006 0.03812296822035149 0.02726675947254759
1 0.8143970999437168 0.09630365877862539 0.03357850887898439 0.034335919800589754
1 0.833584820316967 0.11246173892191172 0.03155874807437509 0.035345800120708024
1 0.7370150454852655 0.14364178409638817 0.032316159374871235 0.025499470186041345
1 0.7743806069088771 0.06108409458505355 0.03332603813944581 0.0325686293699874
