2 0.7357142857142858 0.23839285714285713 0.11904761904761903 0.08392857142857142
2 0.33571428571428574 0.26160714285714287 0.11904761904761903 0.0875
2 0.49642857142857144 0.3035714285714286 0.11666666666666665 0.07857142857142857
2 0.5964285714285714 0.30089285714285724 0.11666666666666677 0.09464285714285714
2 0.6678571428571429 0.30714285714285716 0.09285714285714289 0.07857142857142857
2 0.5976190476190477 0.35357142857142854 0.09523809523809523 0.07142857142857141
2 0.4904761904761905 0.3669642857142857 0.11904761904761903 0.06964285714285715
2 0.49047619047619045 0.43839285714285714 0.09047619047619047 0.055357142857142855
2 0.5595238095238095 0.3991071428571428 0.09523809523809523 0.07321428571428572
2 0.6869047619047619 0.4107142857142857 0.09761904761904763 0.06428571428571427
2 0.6333333333333333 0.45892857142857146 0.08095238095238094 0.08571428571428572
2 0.5619047619047619 0.45714285714285724 0.09523809523809523 0.08571428571428572
2 0.4714285714285714 0.4875 0.09523809523809523 0.075
2 0.3869047619047619 0.46071428571428574 0.08809523809523812 0.08571428571428572
2 0.3059523809523809 0.4714285714285714 0.10714285714285714 0.06428571428571427
2 0.244047619047619 0.47857142857142854 0.10238095238095238 0.075
2 0.23928571428571427 0.5294642857142857 0.09761904761904763 0.06607142857142859
2 0.19285714285714287 0.5723214285714284 0.09047619047619047 0.06607142857142859
2 0.3988095238095237 0.5294642857142857 0.08809523809523812 0.06964285714285715
2 0.5857142857142856 0.5160714285714286 0.08571428571428572 0.06428571428571427
2 0.5202380952380952 0.5223214285714286 0.11666666666666665 0.08035714285714286
2 0.5904761904761905 0.555357142857143 0.07142857142857144 0.06428571428571427
2 0.8035714285714286 0.5464285714285714 0.11190476190476194 0.07142857142857141
2 0.8535714285714286 0.6035714285714285 0.08809523809523812 0.08571428571428572
2 0.7952380952380951 0.6187499999999999 0.1 0.09107142857142855
