1 0.3047858942065492 0.09546313799621928 0.0654911838790932 0.07372400756143666
1 0.22795969773299746 0.19943289224952737 0.042821158690176324 0.05860113421550094
1 0.2688916876574307 0.2731568998109641 0.021410579345088162 0.05482041587901701
1 0.22166246851385396 0.46124763705103966 0.04534005037783375 0.052930056710775046
1 0.30289672544080604 0.44896030245746693 0.05415617128463476 0.062381852551984876
1 0.28022670025188917 0.5094517958412097 0.03904282115869018 0.05860113421550094
1 0.3249370277078086 0.5179584120982986 0.05037783375314863 0.07183364839319471
1 0.29093198992443325 0.5992438563327033 0.07556675062972293 0.07561436672967864
1 0.38350125944584385 0.6644612476370512 0.04659949622166246 0.08506616257088845
1 0.31549118387909325 0.6937618147448015 0.04659949622166246 0.07183364839319471
1 0.2770780856423174 0.7618147448015122 0.055415617128463476 0.08317580340264649
1 0.30982367758186397 0.8827977315689982 0.04534005037783375 0.07939508506616258
1 0.36020151133501255 0.834593572778828 0.030226700251889168 0.05860113421550094
1 0.5056675062972292 0.546313799621928 0.041561712846347604 0.07183364839319471
1 0.517632241813602 0.49054820415879014 0.04534005037783375 0.06616257088846879
1 0.5610831234256927 0.4139886578449905 0.04659949622166246 0.06427221172022685
1 0.47544080604534006 0.30623818525519847 0.041561712846347604 0.06805293005671077
1 0.551007556675063 0.2599243856332703 0.041561712846347604 0.04725897920604915
1 0.5113350125944585 0.17580340264650285 0.030226700251889168 0.06427221172022685
1 0.5749370277078085 0.10680529300567107 0.03904282115869018 0.062381852551984876
1 0.45717884130982367 0.08695652173913043 0.055415617128463476 0.07183364839319471
1 0.397984886649874 0.1389413988657845 0.055415617128463476 0.0888468809073724
1 0.7688916876574307 0.27882797731569 0.05163727959697732 0.10396975425330812
1 0.7657430730478589 0.390359168241966 0.04534005037783375 0.07750472589792061
1 0.6265743073047859 0.43383742911153117 0.05919395465994962 0.07750472589792061
1 0.6801007556675065 0.42438563327032136 0.0327455919395466 0.06994328922495274
1 0.7392947103274561 0.623818525519849 0.04030226700251889 0.052930056710775046
1 0.7537783375314862 0.5321361058601133 0.04659949622166246 0.06994328922495274
1 0.646095717884131 0.6758034026465028 0.06297229219143577 0.09262759924385634
1 0.5856423173803526 0.7826086956521738 0.04030226700251889 0.06049149338374291
1 0.714735516372796 0.14839319470699433 0.04911838790931989 0.07750472589792061
1 0.482367758186398 0.5170132325141777 0.6322418136020151 0.9659735349716446
