2 0.23314917127071821 0.7319587628865979 0.0994475138121547 0.13549337260677466
2 0.539779005524862 0.8033873343151694 0.06298342541436462 0.09278350515463918
2 0.592817679558011 0.7474226804123711 0.06519337016574586 0.054491899852724596
2 0.6287292817679558 0.7820324005891017 0.10607734806629834 0.09131075110456553
2 0.6082872928176793 0.845360824742268 0.06519337016574586 0.07952871870397642
2 0.6088397790055249 0.9108983799705451 0.06850828729281767 0.09278350515463918
2 0.6701657458563536 0.8895434462444771 0.07845303867403315 0.08836524300441827
2 0.41491712707182316 0.6752577319587629 0.06519337016574586 0.12223858615611193
2 0.3027624309392265 0.5972017673048601 0.09723756906077348 0.09278350515463918
2 0.3077348066298343 0.6553755522827687 0.08729281767955803 0.09425625920471281
2 0.3635359116022101 0.5883652430044184 0.046408839779005534 0.1251840942562592
2 0.2994475138121547 0.5051546391752577 0.07955801104972374 0.1030927835051546
2 0.2602209944751381 0.3394698085419735 0.09392265193370167 0.1134020618556701
2 0.3756906077348063 0.4801178203240059 0.07734806629834287 0.08836524300441828
2 0.4011049723756907 0.5618556701030928 0.07292817679558011 0.0780559646539028
2 0.4375690607734806 0.4749631811487482 0.07071823204419891 0.09572901325478649
2 0.44751381215469616 0.5500736377025036 0.07734806629834254 0.09278350515463918
2 0.45801104972375684 0.6347569955817378 0.06961325966850829 0.0824742268041237
2 0.4856353591160222 0.6170839469808543 0.04530386740331492 0.07069219440353461
2 0.5149171270718232 0.5802650957290134 0.06629834254143646 0.10603829160530191
2 0.5552486187845305 0.5920471281296024 0.056353591160221 0.06774668630338733
2 0.5900552486187847 0.5743740795287187 0.03535911602209946 0.05891016200294549
2 0.5226519337016575 0.5139911634756994 0.07071823204419891 0.08836524300441827
2 0.45082872928176804 0.39396170839469813 0.07071823204419891 0.08100147275405006
2 0.494475138121547 0.4727540500736376 0.08066298342541436 0.053019145802650956
2 0.5337016574585636 0.4072164948453609 0.06408839779005525 0.09572901325478649
2 0.5712707182320441 0.45949926362297494 0.05966850828729282 0.07069219440353461
2 0.4685082872928177 0.2997054491899853 0.061878453038674036 0.08100147275405006
2 0.4734806629834254 0.2290132547864506 0.08729281767955803 0.07216494845360823
2 0.5337016574585635 0.22974963181148744 0.055248618784530384 0.10603829160530191
2 0.5718232044198895 0.17820324005891014 0.07845303867403315 0.06774668630338733
2 0.6016574585635359 0.25184094256259204 0.09171270718232044 0.07658321060382917
