1 0.39938398357289534 0.3703465982028241 0.2032854209445585 0.1245186136071887
1 0.5841889117043121 0.5051347881899871 0.19917864476386035 0.1245186136071887
1 0.27104722792607805 0.5314505776636714 0.19301848049281314 0.10783055198973042
1 0.5708418891170431 0.2785622593068036 0.17659137577002051 0.14120667522464697
1 0.17659137577002057 0.310012836970475 0.1971252566735113 0.12195121951219512
1 0.25770020533880905 0.04621309370988448 0.17453798767967146 0.08985879332477538
1 0.18685831622176585 0.14762516046213092 0.16427104722792601 0.10012836970474968
1 0.4034907597535934 0.2079589216944801 0.10472279260780287 0.08729139922978177
1 0.4589322381930186 0.715661103979461 0.2073921971252565 0.11168164313222068
1 0.589322381930185 0.6976893453145059 0.12320328542094434 0.10654685494223347
1 0.7761806981519507 0.6110397946084724 0.11909650924024641 0.11553273427471117
1 0.46201232032854217 0.5346598202824133 0.07392197125256673 0.07317073170731705
1 0.39117043121149897 0.527599486521181 0.07597535934291583 0.07702182284980745
1 0.1950718685831622 0.4910141206675225 0.17659137577002051 0.11424903722721437
1 0.3203285420944559 0.720795892169448 0.10677618069815194 0.06290115532734275
