2 0.3647925033467202 0.30357142857142855 0.1111111111111111 0.14285714285714282
2 0.24832663989290502 0.3678571428571429 0.13788487282463185 0.1392857142857143
2 0.17202141900937082 0.3821428571428571 0.10040160642570281 0.11785714285714283
2 0.19009370816599733 0.46517857142857144 0.11244979919678715 0.09464285714285714
2 0.6599732262382865 0.2642857142857143 0.07228915662650601 0.10714285714285714
2 0.642570281124498 0.39821428571428574 0.09103078982597054 0.11071428571428571
2 0.6532797858099063 0.5803571428571428 0.11244979919678715 0.15357142857142858
2 0.6198125836680054 0.7196428571428571 0.11244979919678715 0.11785714285714283
2 0.7643908969210171 0.6419642857142857 0.1178045515394913 0.12678571428571425
2 0.7710843373493974 0.6723214285714285 0.12315930388219545 0.15892857142857164
2 0.785809906291834 0.7607142857142858 0.11512717536813921 0.1
2 0.716867469879518 0.8446428571428575 0.12985274431057617 0.1285714285714284
2 0.34270414993306564 0.6651785714285714 0.12048192771084337 0.12321428571428575
2 0.4738955823293173 0.7401785714285715 0.12048192771084337 0.11964285714285718
2 0.4156626506024095 0.7803571428571429 0.12717536813922353 0.17142857142857132
2 0.3005354752342704 0.7848214285714286 0.1111111111111111 0.10892857142857143
2 0.3105756358768407 0.8785714285714289 0.1204819277108434 0.15
2 0.40361445783132543 0.9151785714285715 0.10040160642570281 0.1125
