2 0.4944444444444444 0.8485237483953785 0.1 0.07445442875481387
2 0.5634920634920635 0.8973042362002568 0.12698412698412698 0.10269576379974327
2 0.6531746031746032 0.8703465982028241 0.09682539682539684 0.08472400513478819
2 0.3833333333333333 0.5571245186136072 0.0746031746031746 0.04878048780487805
2 0.4039682539682539 0.5295250320924262 0.07777777777777778 0.05006418485237484
2 0.42539682539682544 0.4961489088575096 0.08253968253968252 0.055198973042362
2 0.4952380952380954 0.5288831835686778 0.06984126984126984 0.04621309370988448
2 0.33650793650793653 0.3273427471116817 0.06349206349206349 0.03337612323491656
2 0.4007936507936508 0.21758664955070603 0.06190476190476191 0.04492939666238769
2 0.46746031746031746 0.20089858793324777 0.058730158730158716 0.05006418485237484
2 0.5261904761904761 0.2079589216944801 0.07142857142857144 0.043645699614890884
2 0.4285714285714286 0.10526315789473685 0.07619047619047618 0.0410783055198973
2 0.8412698412698413 0.2008985879332478 0.06666666666666667 0.03979460847240052
2 0.830952380952381 0.2464698331193838 0.058730158730158716 0.043645699614890884
2 0.8523809523809525 0.2830551989730424 0.06349206349206349 0.04236200256739409
2 0.8722222222222225 0.3119383825417201 0.058730158730158716 0.043645699614890884
2 0.8380952380952381 0.33761232349165593 0.05714285714285714 0.051347881899871634
2 0.7658730158730158 0.27471116816431324 0.08095238095238094 0.03594351732991014
2 0.8801587301587301 0.35622593068035935 0.04920634920634921 0.04236200256739409
