0 0.24967907573812578 0.1803594351732991 0.1116816431322208 0.07830551989730423
0 0.33504492939666236 0.13093709884467267 0.08985879332477538 0.04878048780487805
0 0.2073170731707317 0.15661103979460847 0.1116816431322208 0.06418485237483953
0 0.2740693196405648 0.6219512195121951 0.14762516046213095 0.18613607188703465
0 0.16046213093709885 0.7041078305519898 0.14377406931964057 0.196405648267009
0 0.254813863928113 0.8061617458279848 0.17586649550706027 0.12836970474967907
0 0.12066752246469832 0.8684210526315789 0.22849807445442874 0.11681643132220795
0 0.2362002567394095 0.935173299101412 0.17971758664955076 0.09627727856225927
0 0.7528883183568678 0.8331193838254172 0.17843388960205392 0.26700898587933247
0 0.5776636713735559 0.7329910141206676 0.18228498074454427 0.26700898587933247
0 0.8645699614890887 0.7182284980744541 0.16302952503209256 0.3068035943517334
0 0.7663671373555843 0.5577663671373556 0.20025673940949937 0.10911424903722722
0 0.6649550706033377 0.8498074454428755 0.14120667522464697 0.28241335044929394
2 0.548780487804878 0.06546854942233633 0.07317073170731705 0.07445442875481387
