2 0.22693032015065914 0.5540201005025126 0.2655367231638418 0.135678391959799
2 0.27024482109227876 0.4447236180904523 0.2128060263653484 0.11306532663316583
2 0.192090395480226 0.6319095477386935 0.2222222222222222 0.11055276381909548
2 0.3512241054613936 0.5998743718592965 0.2165725047080979 0.12185929648241206
2 0.423728813559322 0.5125628140703518 0.2184557438794727 0.11809045226130653
2 0.556497175141243 0.4396984924623114 0.22033898305084743 0.12814070351758794
2 0.7231638418079096 0.5339195979899498 0.15065913370998113 0.1306532663316583
2 0.664783427495292 0.617462311557789 0.19962335216572505 0.13442211055276382
2 0.8210922787193973 0.5697236180904522 0.1807909604519774 0.14698492462311558
2 0.8135593220338984 0.46608040201005024 0.2711864406779661 0.1206030150753769
2 0.7354048964218455 0.40201005025125625 0.2768361581920904 0.11557788944723618
2 0.724105461393597 0.2952261306532663 0.2504708097928437 0.1206030150753769
2 0.871939736346516 0.3605527638190955 0.256120527306968 0.14824120603015076
2 0.5574387947269304 0.24371859296482407 0.256120527306968 0.13316582914572864
2 0.2344632768361582 0.21356783919597994 0.2655367231638418 0.11055276381909548
2 0.5790960451977402 0.5295226130653267 0.19774011299435026 0.09422110552763822
