2 0.08073196986006458 0.5651237890204521 0.09472551130247578 0.08611410118406888
2 0.17653390742734124 0.565123789020452 0.08826695371367065 0.08180839612486542
2 0.11517761033369216 0.6533907427341228 0.1054897739504844 0.10118406889128095
2 0.1689989235737352 0.6803013993541444 0.11194833153928956 0.10333692142088267
0 0.2610333692142088 0.1765339074273412 0.28740581270182985 0.2152852529601722
0 0.6942949407965554 0.24488697524219588 0.25834230355220666 0.1754574811625403
0 0.7282023681377825 0.1178686759956943 0.1905274488697524 0.13670613562970937
0 0.6011840688912811 0.6641550053821313 0.14531754574811626 0.1916038751345533
0 0.7680301399354147 0.7088266953713669 0.10656620021528525 0.15608180839612487
0 0.694833153928956 0.7884822389666308 0.1108719052744887 0.1302475780409042
0 0.5640473627556513 0.7847147470398277 0.1054897739504844 0.1485468245425188
