2 0.37483266398929044 0.23035714285714287 0.19812583668005349 0.21785714285714286
2 0.5435073627844712 0.3196428571428571 0.15796519410977242 0.21071428571428574
2 0.6639892904953145 0.29642857142857143 0.15528781793842034 0.18571428571428572
2 0.6057563587684069 0.44107142857142856 0.1646586345381526 0.20357142857142857
2 0.4457831325301205 0.3973214285714285 0.16599732262382866 0.22678571428571426
2 0.3781793842034806 0.5678571428571426 0.18607764390896922 0.18928571428571428
2 0.22958500669344045 0.65 0.17269076305220887 0.2
2 0.3500669344042838 0.7607142857142857 0.15127175368139223 0.20357142857142857
2 0.46117804551539504 0.6919642857142857 0.16198125836680052 0.19464285714285715
2 0.5153949129852744 0.7517857142857144 0.12583668005354753 0.1392857142857143
2 0.5742971887550201 0.6017857142857143 0.17402945113788487 0.20714285714285716
2 0.6740294511378848 0.6410714285714287 0.13520749665327977 0.20357142857142857
