2 0.11724137931034483 0.5841708542713567 0.16091954022988506 0.17085427135678388
2 0.23448275862068968 0.535175879396985 0.1425287356321839 0.14824120603015076
2 0.26436781609195403 0.5163316582914573 0.14942528735632188 0.135678391959799
2 0.4258620689655173 0.5138190954773869 0.1712643678160919 0.18844221105527645
2 0.26206896551724135 0.6331658291457287 0.14482758620689656 0.1432160804020101
2 0.5241379310344827 0.28454773869346733 0.18160919540229892 0.17964824120603015
2 0.4238143502723046 0.321920898155043 0.17356321839080446 0.17839195979899597
2 0.4925287356321838 0.24246231155778897 0.15977011494252874 0.1432160804020101
2 0.5626436781609195 0.8228643216080402 0.18735632183908046 0.17085427135678388
2 0.760919540229885 0.8825376884422111 0.17241379310344832 0.13693467336683418
2 0.9097701149425287 0.5678391959798994 0.12528735632183907 0.15577889447236182
2 0.8505747126436782 0.6149497487437187 0.12183908045977011 0.14698492462311558
2 0.8402298850574712 0.7330402010050252 0.1402298850574713 0.12688442211055276
2 0.7494252873563219 0.11620603015075373 0.17931034482758615 0.1846733668341708
2 0.5810344827586206 0.10552763819095477 0.17586206896551718 0.17839195979899497
2 0.7011494252873561 0.2242462311557789 0.1632183908045977 0.14698492462311558
2 0.9419540229885057 0.5238693467336684 0.11609195402298854 0.12814070351758794
2 0.828735632183908 0.6520100502512562 0.1402298850574713 0.1306532663316583
