0 0.18741976893453147 0.87997432605905 0.16174582798459564 0.24005134788189988
0 0.29204107830551995 0.9030808729139924 0.16046213093709885 0.19383825417201547
0 0.756739409499358 0.39987163029525036 0.16559691912708602 0.2092426187419769
0 0.5699614890885751 0.44159178433889595 0.12323491655969195 0.1258023106546855
0 0.8613607188703466 0.3106546854942234 0.18741976893453147 0.2079589216944801
0 0.7233632862644416 0.2329910141206675 0.18870346598202828 0.15275994865211806
0 0.6578947368421053 0.3600770218228498 0.10141206675224644 0.19127086007702182
0 0.5898587933247752 0.3202824133504493 0.16302952503209242 0.14762516046213095
1 0.28818998716302957 0.2593068035943517 0.06546854942233633 0.07702182284980745
1 0.1938382541720154 0.3517329910141207 0.0410783055198973 0.05648267008985879
1 0.2554557124518614 0.35109114249037227 0.05648267008985879 0.04492939666238769
1 0.31129653401797175 0.4454428754813864 0.0680359435173299 0.051347881899871634
1 0.3703465982028241 0.3902439024390245 0.057766367137355584 0.07188703465982028
1 0.29589216944801033 0.3446726572528883 0.055198973042362 0.04492939666238769
1 0.45892169448010267 0.29717586649550704 0.055198973042362 0.05006418485237484
1 0.340821566110398 0.14184852374839538 0.04492939666238769 0.057766367137355584
1 0.3478818998716304 0.09050064184852374 0.059050064184852376 0.05006418485237484
1 0.2881899871630295 0.14377406931964057 0.04749679075738125 0.06161745827984597
1 0.26572528883183566 0.11232349165596918 0.04878048780487805 0.06290115532734275
1 0.1514762516046213 0.07894736842105264 0.0693196405648267 0.057766367137355584
1 0.22079589216944798 0.09884467265725289 0.04621309370988448 0.051347881899871634
1 0.4878048780487805 0.1405648267008986 0.059050064184852376 0.052631578947368425
1 0.4685494223363286 0.18356867779204109 0.03594351732991014 0.05648267008985879
1 0.45442875481386397 0.392811296534018 0.0410783055198973 0.05391527599486521
1 0.37483953786906293 0.47047496790757376 0.051347881899871634 0.057766367137355584
1 0.3979460847240051 0.439666238767651 0.04878048780487805 0.03209242618741977
1 0.4422336328626444 0.4666238767650834 0.03979460847240052 0.037227214377406934
1 0.27214377406931967 0.48074454428754815 0.05391527599486521 0.03979460847240052
1 0.38382541720154045 0.30937098844672656 0.06675224646983312 0.03594351732991014
1 0.39088575096277267 0.24261874197689348 0.057766367137355584 0.04621309370988448
1 0.44223363286264444 0.23491655969191272 0.04749679075738125 0.03337612323491656
1 0.3979460847240053 0.14313222079589216 0.0410783055198973 0.0680359435173299
1 0.15853658536585366 0.21566110397946087 0.04236200256739409 0.038510911424903725
1 0.4614890885750963 0.35686777920410784 0.06290115532734275 0.051347881899871634
1 0.7066752246469834 0.5333761232349166 0.04236200256739409 0.055198973042362
1 0.7535301668806161 0.6039794608472401 0.04878048780487805 0.07573812580231065
1 0.6842105263157895 0.6264441591784339 0.06161745827984597 0.051347881899871634
1 0.7137355584082159 0.5956354300385109 0.028241335044929396 0.043645699614890884
1 0.5982028241335045 0.6026957637997432 0.043645699614890884 0.07060333761232349
1 0.6148908857509628 0.6810012836970478 0.0410783055198973 0.04492939666238769
1 0.6258023106546855 0.716302952503209 0.055198973042362 0.043645699614890884
1 0.6213093709884467 0.7586649550706035 0.051347881899871634 0.025673940949935817
1 0.5474967907573812 0.616816431322208 0.024390243902439025 0.05006418485237484
1 0.8632862644415918 0.5513478818998717 0.052631578947368425 0.04749679075738125
1 0.8780487804878048 0.6219512195121952 0.04621309370988448 0.06290115532734275
1 0.8369704749679076 0.6187419768934531 0.02310654685494224 0.0410783055198973
1 0.8080872913992297 0.6168164313222079 0.05006418485237484 0.06290115532734275
1 0.9005134788189987 0.6732991014120668 0.08344030808729143 0.03465982028241335
1 0.9807445442875481 0.6816431322207959 0.038510911424903725 0.06675224646983312
1 0.9473684210526315 0.7002567394094993 0.04878048780487805 0.06290115532734275
1 0.8061617458279848 0.733632862644416 0.06161745827984597 0.021822849807445442
1 0.806803594351733 0.8138639281129653 0.06033376123234916 0.025673940949935817
1 0.7259306803594354 0.8363286264441592 0.07573812580231065 0.03465982028241335
1 0.7073170731707318 0.8003851091142492 0.05391527599486521 0.037227214377406934
1 0.7785622593068036 0.7811296534017971 0.04492939666238769 0.04236200256739409
1 0.6957637997432606 0.7458279845956352 0.0975609756097561 0.043645699614890884
1 0.6957637997432607 0.6803594351732991 0.0821566110397946 0.04878048780487805
1 0.8806161745827984 0.7926829268292686 0.051347881899871634 0.03979460847240052
1 0.8575096277278561 0.7143774069319639 0.08729139922978177 0.057766367137355584
1 0.944801026957638 0.8504492939666238 0.07188703465982028 0.055198973042362
1 0.9326059050064185 0.7804878048780488 0.06546854942233633 0.06675224646983312
