1 0.19831546707503828 0.2419642857142857 0.06278713629402756 0.058928571428571414
1 0.32542113323124044 0.27232142857142855 0.05359877488514548 0.06964285714285715
1 0.5727411944869831 0.09017857142857143 0.027565084226646247 0.033928571428571426
1 0.6140888208269525 0.05535714285714285 0.030627871362940283 0.039285714285714285
1 0.6255742725880553 0.14017857142857143 0.03215926493108729 0.030357142857142857
1 0.6362940275650842 0.23571428571428574 0.03215926493108729 0.05
1 0.6018376722817765 0.15000000000000002 0.030627871362940283 0.035714285714285705
1 0.5482388973966309 0.2232142857142857 0.036753445635528334 0.039285714285714285
1 0.6539050535987748 0.49107142857142844 0.02450229709035223 0.039285714285714285
1 0.6508422664624808 0.5321428571428573 0.033690658499234305 0.03214285714285713
1 0.6799387442572741 0.58125 0.039816232771822356 0.033928571428571426
1 0.6424196018376722 0.5955357142857142 0.02909647779479326 0.0375
1 0.6615620214395099 0.6294642857142857 0.030627871362940283 0.023214285714285715
1 0.6952526799387443 0.6669642857142858 0.036753445635528334 0.04821428571428572
1 0.5803981623277182 0.5669642857142857 0.036753445635528334 0.058928571428571414
1 0.7580398162327718 0.4875 0.021439509954058193 0.02857142857142857
1 0.7863705972434916 0.5053571428571428 0.026033690658499236 0.02857142857142857
1 0.7894333843797855 0.6035714285714288 0.03522205206738131 0.04642857142857143
1 0.1232771822358346 0.32142857142857145 0.026033690658499236 0.02857142857142857
1 0.41424196018376724 0.6035714285714285 0.026033690658499236 0.03214285714285713
1 0.47473200612557426 0.5883928571428573 0.021439509954058193 0.05178571428571429
1 0.4923430321592649 0.65 0.026033690658499236 0.035714285714285705
1 0.4693721286370597 0.7205357142857143 0.019908116385911178 0.030357142857142857
1 0.44716692189892804 0.6973214285714286 0.030627871362940283 0.030357142857142857
1 0.498468606431853 0.8241071428571429 0.026033690658499236 0.0375
1 0.5145482388973966 0.7482142857142857 0.030627871362940283 0.05
1 0.5505359877488515 0.7196428571428571 0.02909647779479326 0.025
1 0.6225114854517612 0.7419642857142857 0.044410413476263406 0.041071428571428564
1 0.6615620214395099 0.7732142857142857 0.030627871362940283 0.04285714285714286
1 0.7381316998468607 0.7017857142857143 0.02450229709035223 0.035714285714285705
1 0.7794793261868299 0.6839285714285714 0.02450229709035223 0.03214285714285713
1 0.7274119448698315 0.599107142857143 0.027565084226646247 0.033928571428571426
1 0.7350689127105667 0.6410714285714285 0.018376722817764167 0.03214285714285713
1 0.3966309341500766 0.7258928571428571 0.015313935681470141 0.026785714285714284
1 0.1990811638591118 0.3776785714285714 0.02450229709035223 0.030357142857142857
1 0.2840735068912711 0.32857142857142857 0.02909647779479326 0.02857142857142857
1 0.29249617151607965 0.3526785714285714 0.033690658499234305 0.041071428571428564
1 0.20903522205206737 0.3232142857142856 0.3108728943338438 0.20357142857142843
1 0.48009188361408883 0.2375 0.09647779479326185 0.15
1 0.610260336906585 0.13482142857142856 0.18529862174578868 0.25535714285714284
1 0.787136294027565 0.3732142857142857 0.20520673813169985 0.16071428571428573
1 0.7993874425727412 0.5330357142857143 0.33078101071975496 0.20892857142857144
1 0.6791730474732006 0.6 0.2771822358346095 0.25
1 0.5122511485451762 0.7580357142857143 0.21898928024502295 0.3589285714285715
1 0.2856049004594179 0.7598214285714293 0.23736600306278707 0.4053571428571431
