1 0.8107344632768363 0.5163316582914572 0.3785310734463277 0.21105527638190957
1 0.7259887005649718 0.2694723618090452 0.12994350282485875 0.114321608040201
1 0.42937853107344626 0.19597989949748745 0.2184557438794727 0.17839195979899497
1 0.7655367231638418 0.09108040201005024 0.15630885122410546 0.0917085427135678
1 0.4218455743879473 0.5640703517587939 0.37664783427495296 0.13316582914572864
1 0.8361581920903947 0.745603015075377 0.2636534839924668 0.23241206030150768
1 0.5979284369114878 0.8065326633165827 0.20903954802259886 0.15829145728643215
1 0.6732580037664784 0.9315326633165829 0.2580037664783427 0.10427135678391959
1 0.20903954802259891 0.9089195979899498 0.36911487758945394 0.12185929648241206
1 0.3935969868173258 0.7832914572864325 0.26365348399246696 0.1444723618090452
1 0.17984934086629 0.26005025125628134 0.3182674199623352 0.2185929648241206
1 0.1581920903954802 0.0829145728643216 0.3163841807909604 0.10804020100502512
1 0.5602636534839924 0.2726130653266332 0.17890772128060262 0.17839195979899497
1 0.2288135593220339 0.6545226130653267 0.2994350282485876 0.13316582914572864
1 0.532015065913371 0.6658291457286432 0.3672316384180791 0.1407035175879397
1 0.1487758945386064 0.49623115577889443 0.2975517890772128 0.2537688442211055
1 0.8568738229755181 0.3234924623115578 0.2862523540489641 0.17964824120603012
1 0.07156308851224105 0.7185929648241205 0.128060263653484 0.20603015075376885
