0 0.38685344827586204 0.6065934065934065 0.21120689655172412 0.49230769230769234
0 0.16648706896551718 0.8032967032967032 0.2941810344827585 0.36703296703296684
0 0.20905172413793108 0.42967032967032964 0.28232758620689663 0.28791208791208783
0 0.5818965517241379 0.6186813186813187 0.19827586206896552 0.4461538461538462
0 0.7176724137931032 0.47912087912087914 0.2607758620689655 0.34725274725274713
0 0.802262931034483 0.7417582417582419 0.25754310344827586 0.3186813186813186
0 0.8178879310344829 0.19890109890109892 0.22198275862068967 0.3362637362637363
0 0.859375 0.5164835164835165 0.1540948275862069 0.28571428571428564
0 0.5420258620689655 0.8670329670329671 0.17887931034482757 0.26593406593406593
0 0.37176724137931033 0.8538461538461539 0.16594827586206898 0.27912087912087913
0 0.1540948275862069 0.1406593406593407 0.3081896551724138 0.26373626373626374
0 0.34752155172413796 0.29010989010989013 0.10883620689655173 0.17582417582417587
0 0.41971982758620685 0.17252747252747253 0.2165948275862069 0.34505494505494505
0 0.6411637931034483 0.16483516483516486 0.19827586206896552 0.3076923076923077
0 0.5447198275862069 0.3296703296703296 0.12176724137931033 0.2153846153846154
0 0.08028017241379314 0.6461538461538461 0.16056034482758627 0.2989010989010989
0 0.9434267241379308 0.7945054945054946 0.10452586206896551 0.4021978021978022
0 0.9412715517241373 0.3021978021978018 0.1174568965517232 0.4681318681318674
0 0.7489224137931036 0.943956043956044 0.23060344827586207 0.1076923076923077
