0 0.32561894510226047 0.5640473627556513 0.24434876210979542 0.2432723358449946
0 0.6786867599569429 0.895048439181916 0.1883745963401507 0.17115177610333693
0 0.8982777179763185 0.9526372443487621 0.20344456404736275 0.09472551130247578
0 0.7260495156081808 0.32723358449946177 0.24004305705059203 0.2152852529601722
0 0.3815931108719053 0.4058127018299246 0.2335844994617869 0.116254036598493
0 0.35414424111948334 0.077502691065662 0.3379978471474704 0.155005382131324
0 0.7373519913885899 0.08503767491926803 0.3035522066738429 0.17007534983853606
0 0.8869752421959096 0.06673842841765339 0.2109795479009688 0.11840688912809473
0 0.3923573735199139 0.914962325080732 0.3562970936490851 0.17007534983853606
0 0.45479009687836386 0.19644779332615717 0.6146393972012917 0.3606027987082885
0 0.8848223896663062 0.2631862217438105 0.23035522066738398 0.3692142088266954
0 0.8471474703982778 0.6743810548977396 0.30570505920344454 0.5069967707212056
0 0.5489773950484393 0.6453175457481163 0.4908503767491928 0.6232508073196986
0 0.208826695371367 0.7750269106566199 0.417653390742734 0.3745963401506998
0 0.12863293864370276 0.3051668460710441 0.2551130247578038 0.6081808396124866
