1 0.8800350262697023 0.38831835686777927 0.12784588441331002 0.055198973042362
1 0.9588441330998247 0.2939666238767651 0.08231173380035026 0.08472400513478819
1 0.9886164623467601 0.4338896020539152 0.02276707530647986 0.059050064184852376
1 0.5630472854640981 0.6559691912708601 0.14886164623467601 0.07958921694480103
1 0.5411558669001751 0.6026957637997432 0.12959719789842378 0.04236200256739409
1 0.5332749562171628 0.7625160462130935 0.11033274956217162 0.051347881899871634
1 0.4632224168126094 0.7156611039794606 0.11383537653239931 0.04236200256739409
1 0.4605954465849387 0.6694480102695763 0.14010507880910683 0.057766367137355584
1 0.584063047285464 0.9672657252888318 0.06129597197898425 0.024390243902439025
1 0.5376532399299474 0.9358151476251603 0.04903677758318739 0.03594351732991014
1 0.4991243432574431 0.9024390243902438 0.04203152364273205 0.038510911424903725
1 0.5796847635726794 0.9088575096277277 0.05253940455341506 0.038510911424903725
1 0.6313485113835378 0.9518613607188704 0.0542907180385289 0.03209242618741977
1 0.637478108581436 0.9852374839537869 0.03502626970227671 0.014120667522464698
1 0.4632224168126095 0.8632862644415917 0.04028021015761821 0.01668806161745828
1 0.5288966725043782 0.8632862644415918 0.04203152364273205 0.04749679075738125
1 0.4264448336252189 0.8286264441591787 0.0753064798598949 0.04749679075738125
1 0.25569176882662 0.8286264441591783 0.06304728546409807 0.03465982028241335
1 0.297723292469352 0.7991014120667521 0.0595446584938704 0.03979460847240052
1 0.3476357267950963 0.7522464698331194 0.11383537653239931 0.05391527599486521
1 0.2548161120840631 0.7439024390243901 0.07180385288966726 0.057766367137355584
1 0.16199649737302976 0.7143774069319637 0.11733800350262694 0.08087291399229782
1 0.2714535901926445 0.6681643132220796 0.1330998248686515 0.08600770218228501
1 0.40980735551663744 0.5949935815147624 0.08756567425569177 0.06033376123234916
1 0.38091068301225917 0.5430038510911426 0.06129597197898425 0.059050064184852376
1 0.22854640980735552 0.5269576379974326 0.12784588441331002 0.0885750962772786
1 0.33975481611208413 0.4268292682926829 0.09457092819614711 0.07060333761232349
1 0.10245183887915936 0.4403080872913992 0.18038528896672504 0.043645699614890884
1 0.09019264448336252 0.5545571245186137 0.159369527145359 0.03594351732991014
1 0.19527145359019266 0.6604621309370988 0.10332749562171628 0.04236200256739409
1 0.07092819614711035 0.6026957637997432 0.12784588441331002 0.055198973042362
1 0.5236427320490368 0.44415917843388963 0.06304728546409807 0.051347881899871634
1 0.5175131348511384 0.5231065468549422 0.2084063047285464 0.10911424903722722
1 0.5507880910683012 0.36906290115532736 0.03677758318739054 0.06546854942233633
1 0.2224168126094571 0.11489088575096278 0.19964973730297722 0.04236200256739409
1 0.3485113835376532 0.07188703465982028 0.14360770577933452 0.0975609756097561
1 0.4036777583187391 0.03401797175866495 0.08231173380035026 0.0680359435173299
1 0.5157618213660247 0.07381258023106546 0.0893169877408056 0.09370988446726573
1 0.7154115586690017 0.1001283697047497 0.2644483362521892 0.05391527599486521
1 0.6217162872154115 0.1463414634146342 0.17162872154115585 0.04621309370988448
1 0.6742556917688266 0.30038510911424904 0.1190893169877408 0.08472400513478819
1 0.691768826619965 0.21694480102695762 0.19264448336252188 0.06161745827984597
1 0.2837127845884413 0.2535301668806162 0.15411558669001751 0.0680359435173299
1 0.31523642732049034 0.27214377406931967 0.17162872154115585 0.09242618741976896
1 0.43257443082311736 0.3042362002567394 0.1085814360770578 0.059050064184852376
1 0.30560420315236425 0.16046213093709885 0.18739054290718038 0.051347881899871634
1 0.3607705779334501 0.20667522464698332 0.19264448336252188 0.06161745827984597
1 0.51138353765324 0.16174582798459564 0.07355516637478109 0.0693196405648267
1 0.5394045534150613 0.26187419768934533 0.1085814360770578 0.07188703465982028
1 0.4921190893169877 0.18549422336328633 0.7250437828371278 0.36071887034659833
