2 0.12380952380952381 0.09553571428571427 0.24761904761904763 0.19107142857142853
2 0.29642857142857143 0.035714285714285705 0.13095238095238096 0.07142857142857141
2 0.4523809523809524 0.05178571428571429 0.14285714285714288 0.10357142857142858
2 0.34285714285714286 0.1357142857142857 0.14285714285714288 0.1357142857142857
2 0.16904761904761906 0.21250000000000002 0.13333333333333333 0.07857142857142857
2 0.0619047619047619 0.27696428298950204 0.1238095238095238 0.12464286259242467
2 0.06547619047619048 0.4198214258466449 0.13095238095238096 0.1532142911638531
2 0.41428571428571415 0.29017857142857145 0.17142857142857143 0.14464285714285718
2 0.3809523809523809 0.4044642857142857 0.12380952380952381 0.09464285714285714
2 0.45952380952380956 0.45892857142857146 0.10952380952380952 0.11428571428571428
2 0.31190476190476185 0.5196428571428571 0.1666666666666666 0.13214285714285717
2 0.3119047619047619 0.61875 0.16190476190476188 0.10892857142857143
2 0.40595238095238095 0.6089285714285714 0.059523809523809514 0.060714285714285714
2 0.563095238095238 0.5758928571428569 0.24523809523809534 0.1982142857142855
2 0.6904761904761907 0.6517857142857143 0.07142857142857144 0.05714285714285714
2 0.6785714285714287 0.6955357142857143 0.07142857142857144 0.05178571428571429
2 0.6190476190476192 0.705357142857143 0.06666666666666667 0.06428571428571427
2 0.6392857142857145 0.8053571428571429 0.10714285714285714 0.075
2 0.9321428571428572 0.8455357142857143 0.08809523809523812 0.0875
2 0.4321428571428567 0.7071428571428571 0.09761904761904755 0.07499999999999997
2 0.4654761904761902 0.7633928571428573 0.0833333333333333 0.07321428571428518
