1 0.7796901893287436 0.20357142857142857 0.12392426850258176 0.14285714285714282
1 0.7409638554216869 0.31249999999999994 0.17728055077452665 0.08571428571428572
1 0.7134251290877798 0.4107142857142857 0.10499139414802067 0.08928571428571429
1 0.8132530120481929 0.39821428571428574 0.11876075731497418 0.08928571428571429
1 0.7943201376936316 0.5241071428571429 0.12220309810671257 0.10178571428571428
1 0.7091222030981067 0.48571428571428565 0.10327022375215146 0.08214285714285713
1 0.6256454388984509 0.4133928571428571 0.1153184165232358 0.10535714285714287
1 0.5094664371772806 0.41696428571428573 0.2134251290877797 0.11964285714285718
1 0.3511187607573151 0.45535714285714285 0.18244406196213425 0.10714285714285714
1 0.12478485370051635 0.7982142857142857 0.0981067125645439 0.14285714285714282
1 0.03270223752151464 0.8553571428571429 0.06540447504302928 0.22142857142857142
1 0.10499139414802065 0.9392857142857143 0.15834767641996558 0.11071428571428571
1 0.3313253012048193 0.9392857142857144 0.11876075731497418 0.08571428571428572
1 0.23838209982788294 0.7223214285714286 0.0981067125645439 0.15892857142857142
1 0.2177280550774527 0.6026785714285716 0.10843373493975904 0.16964285714285715
1 0.3055077452667814 0.5741071428571428 0.12564543889845098 0.1125
1 0.4561101549053357 0.5321428571428571 0.15834767641996558 0.1357142857142857
1 0.3734939759036145 0.7151785714285712 0.09982788296041308 0.2410714285714287
1 0.4829914056194785 0.7710793350690152 0.26476192269844573 0.12678571428571442
1 0.5972461273666093 0.5205357142857143 0.10671256454388985 0.10535714285714287
1 0.6643717728055077 0.6044642857142858 0.14802065404475043 0.09821428571428571
1 0.6592082616179001 0.7410714285714287 0.16523235800344235 0.13214285714285717
1 0.46612388485997824 0.8653102446837069 0.08491171271667851 0.13577004354398953
1 0.5051635111876077 0.9294642857142857 0.12220309810671257 0.11607142857142858
1 0.5929432013769363 0.8973214285714286 0.11876075731497418 0.09821428571428571
1 0.641135972461274 0.8544642857142857 0.10843373493975847 0.0696428571428571
1 0.8588640275387263 0.6160714285714285 0.13769363166953524 0.14642857142857144
1 0.8115318416523235 0.8589285714285716 0.10154905335628227 0.10357142857142858
1 0.8777969018932875 0.8044642857142856 0.11015490533562826 0.14821428571428572
1 0.944061962134251 0.7080357142857142 0.10154905335628227 0.20892857142857144
1 0.7598967297762478 0.6982142857142859 0.08433734939759036 0.10357142857142858
