2 0.20883977900552483 0.44278606965174133 0.12154696132596685 0.3482587064676617
2 0.256353591160221 0.6749585406301826 0.11491712707182321 0.2985074626865672
2 0.3696132596685084 0.6509121061359867 0.13149171270718232 0.2570480928689884
2 0.3784530386740332 0.5364842454394695 0.08508287292817678 0.19734660033167495
2 0.3237569060773481 0.45107794361525705 0.09723756906077348 0.21227197346600332
2 0.3093922651933702 0.236318407960199 0.112707182320442 0.22388059701492538
2 0.3845303867403315 0.31011608623548925 0.10607734806629834 0.23548922056384744
2 0.48784530386740327 0.21144278606965172 0.11160220994475138 0.15754560530679934
2 0.538121546961326 0.3582089552238806 0.13259668508287292 0.2620232172470978
2 0.476243093922652 0.49419568822553855 0.14364640883977878 0.28855721393034794
2 0.5867403314917127 0.7396351575456053 0.15027624309392265 0.3150912106135987
2 0.5370165745856353 0.7371475953565506 0.1569060773480663 0.2835820895522388
2 0.6613259668508288 0.8134328358208955 0.07624309392265195 0.19071310116086235
2 0.6624309392265194 0.49834162520729686 0.1558011049723757 0.3466003316749585
2 0.6508287292817682 0.21227197346600332 0.10607734806629834 0.18905472636815918
2 0.5834254143646409 0.14593698175787728 0.10386740331491716 0.1956882255389718
2 0.8276243093922652 0.15008291873963517 0.09060773480662984 0.20398009950248755
2 0.8988950276243094 0.15920398009950248 0.1005524861878453 0.1658374792703151
2 0.8928176795580111 0.03399668325041459 0.08397790055248619 0.06799336650082918
2 0.8082872928176795 0.798507462686567 0.10718232044198896 0.2802653399668325
