0 0.20216776625824695 0.24748743718592964 0.2064090480678605 0.17085427135678388
0 0.16635249764373236 0.3925879396984922 0.24222431668237518 0.194723618090452
0 0.14750235626767205 0.5760050251256281 0.27615457115928377 0.24497487437185927
0 0.13572101790763427 0.7644472361809045 0.27144203581526855 0.25
0 0.3704052780395853 0.7405778894472361 0.29029217719132894 0.2525125628140704
0 0.3619227144203579 0.5596733668341707 0.24316682375117757 0.2022613065326632
0 0.3633364750235625 0.3819095477386934 0.23656927426955718 0.1809045226130653
0 0.38030160226201726 0.24685929648241206 0.2026390197926486 0.19723618090452255
0 0.5819981149858625 0.25753768844221114 0.19886899151743667 0.21608040201005035
0 0.5942507068803017 0.3863065326633165 0.19132893496701217 0.1871859296482412
0 0.633364750235627 0.5552763819095474 0.23939679547596582 0.22361809045226116
0 0.6715362865221494 0.7456030150753767 0.2874646559849197 0.23492462311557766
0 0.8581526861451456 0.7054020100502509 0.28369462770970744 0.3052763819095475
0 0.8223374175306307 0.5226130653266328 0.25918944392082927 0.17336683417085438
0 0.7761545711592831 0.38630653266331666 0.24222431668237493 0.17211055276381912
0 0.7422243166823749 0.23994974874371852 0.21771913289349562 0.18090452261306528
