1 0.11120840630472854 0.3908857509627729 0.14535901926444833 0.07317073170731705
1 0.047285464098073555 0.3029525032092426 0.09457092819614711 0.0821566110397946
1 0.020140105078809104 0.43388960205391525 0.04028021015761821 0.06418485237483953
1 0.8625218914185637 0.5603337612323493 0.23992994746059546 0.13478818998716302
1 0.8380035026269702 0.5436456996148908 0.29597197898423816 0.07317073170731705
1 0.862521891418564 0.4454428754813864 0.25043782837127854 0.0410783055198973
1 0.7145359019264448 0.4197689345314506 0.1190893169877408 0.10783055198973042
1 0.6462346760070051 0.1534017971758665 0.25569176882662004 0.04749679075738125
1 0.7136602451838882 0.11553273427471117 0.2574430823117338 0.05648267008985879
1 0.6777583187390541 0.036585365853658534 0.09457092819614711 0.055198973042362
1 0.8432574430823117 0.6829268292682927 0.16637478108581438 0.1951219512195122
1 0.6908931698774081 0.6604621309370988 0.09632224168126094 0.09627727856225927
1 0.6690017513134854 0.774069319640565 0.1681260945709282 0.05648267008985879
1 0.4238178633975481 0.6534017971758665 0.13660245183887912 0.10783055198973042
1 0.4605954465849388 0.7599486521181 0.15761821366024514 0.04878048780487805
1 0.5672461070661661 0.8227923565027744 0.21506587591709816 0.21804412739906012
1 0.4133099824868652 0.9409499358151477 0.1225919439579685 0.0949935815147625
1 0.5052539404553414 0.5141206675224647 0.25394045534150606 0.10911424903722722
1 0.31085814360770575 0.10462130937098844 0.3204903677758319 0.0885750962772786
1 0.5385288966725045 0.2740693196405649 0.0753064798598949 0.16046213093709885
1 0.6357267950963222 0.25738125802310663 0.14711033274956217 0.16046213093709885
1 0.6952714535901926 0.21887034659820284 0.2136602451838879 0.14249037227214376
1 0.4404553415061296 0.25673940949935814 0.06830122591943956 0.2105263157894737
1 0.32224168126094566 0.25673940949935814 0.09807355516637478 0.20282413350449288
1 0.33800350262697015 0.22978177150192555 0.20665499124343256 0.0693196405648267
