0 0.2699999999999999 0.3954545454545453 0.43454545454545446 0.6527272727272724
0 0.6845454545454548 0.6299999999999999 0.4418181818181816 0.7290909090909087
0 0.5245454545454545 0.18454545454545454 0.3145454545454545 0.3618181818181818
0 0.7472727272727273 0.10727272727272727 0.2690909090909091 0.21454545454545454
0 0.7663636363636364 0.3054545454545454 0.2490909090909091 0.24727272727272726
0 0.9272727272727271 0.3418181818181818 0.14181818181818182 0.2690909090909091
0 0.3845454545454546 0.8509090909090908 0.07454545454545454 0.12363636363636363
0 0.329090909090909 0.8218181818181819 0.09454545454545454 0.1781818181818182
0 0.21999999999999997 0.7454545454545454 0.12727272727272715 0.15272727272727274
0 0.07727272727272727 0.6627272727272729 0.08181818181818182 0.14000000000000004
0 0.11909090909090908 0.7009090909090909 0.06727272727272728 0.1290909090909091
