2 0.21767955801104974 0.7855960264900662 0.12375690607734807 0.23013245033112584
2 0.23370165745856356 0.41307947019867547 0.11823204419889503 0.19039735099337748
2 0.29944751381215473 0.26490066225165565 0.11712707182320442 0.22516556291390727
2 0.44033149171270725 0.7359271523178808 0.12486187845303867 0.24668874172185437
2 0.5574585635359116 0.7682119205298013 0.10276243093922652 0.2483443708609271
2 0.6193370165745857 0.7748344370860929 0.09392265193370167 0.18543046357615892
2 0.6104972375690607 0.6274834437086093 0.10497237569060774 0.20198675496688742
2 0.5066298342541437 0.5985099337748345 0.14475138121546963 0.22350993377483444
2 0.45027624309392267 0.45860927152317876 0.13812154696132597 0.17549668874172186
2 0.5397790055248619 0.4437086092715233 0.12486187845303867 0.13907284768211922
2 0.6022099447513811 0.33609271523178813 0.0883977900552486 0.17549668874172186
2 0.532596685082873 0.271523178807947 0.1281767955801105 0.15562913907284764
2 0.39502762430939226 0.2690397350993377 0.1005524861878453 0.216887417218543
2 0.3591160220994475 0.10596026490066228 0.13038674033149172 0.21192052980132456
2 0.46243093922651934 0.17880794701986755 0.12265193370165745 0.16887417218543047
2 0.570718232044199 0.13327814569536425 0.13591160220994475 0.19701986754966888
