0 0.41463414634146345 0.3356867779204108 0.18485237483953793 0.3299101412066752
0 0.45121951219512196 0.09756097560975614 0.11424903722721443 0.19512195121951229
2 0.25994865211810014 0.6675224646983312 0.14249037227214376 0.1514762516046213
2 0.3780487804878049 0.8478818998716303 0.17329910141206675 0.12965340179717585
2 0.26829268292682923 0.8921694480102695 0.13093709884467267 0.14120667522464697
0 0.6861360718870347 0.6662387676508343 0.34017971758664955 0.17201540436457002
0 0.8825417201540436 0.5834403080872912 0.20924261874197697 0.16559691912708574
0 0.9223363286264441 0.7220795892169448 0.12708600770218229 0.13222079589216945
0 0.6489088575096277 0.14762516046213092 0.1681643132220796 0.1258023106546855
0 0.7727856225930678 0.19255455712451863 0.13350449293966624 0.08985879332477538
0 0.7490372272143775 0.0821566110397946 0.11424903722721437 0.08472400513478819
0 0.714377406931964 0.25673940949935814 0.13478818998716302 0.0693196405648267
0 0.6469833119383825 0.21630295250320927 0.12323491655969195 0.06546854942233633
0 0.6026957637997433 0.11810012836970475 0.11938382541720154 0.07445442875481387
0 0.5641848523748396 0.17650834403080876 0.08087291399229782 0.08344030808729143
