2 0.15296251511487305 0.2780797101449275 0.054413542926239414 0.1431159420289855
2 0.2781136638452237 0.2454710144927536 0.06287787182587665 0.1213768115942029
2 0.1759371221281741 0.12137681159420292 0.054413542926239414 0.10869565217391304
2 0.008464328899637243 0.24909420289855075 0.016928657799274487 0.09601449275362318
2 0.14812575574365178 0.036231884057971016 0.06408706166868199 0.07246376811594203
2 0.2067714631197098 0.05163043478260869 0.07980652962515117 0.10326086956521738
2 0.3313180169286578 0.2998188405797102 0.06771463119709795 0.1068840579710145
2 0.3137847642079807 0.19655797101449274 0.06650544135429262 0.1068840579710145
2 0.3022974607013301 0.3813405797101449 0.041112454655380895 0.09239130434782608
2 0.28657799274486095 0.3532608695652174 0.05320435308343408 0.08695652173913043
2 0.5139056831922612 0.45289855072463764 0.06529625151148731 0.11594202898550725
2 0.39177750906892383 0.5153985507246377 0.05562273276904474 0.1068840579710145
2 0.5169286577992745 0.059782608695652176 0.09552599758162032 0.10869565217391304
2 0.45586457073760583 0.546195652173913 0.05562273276904474 0.1213768115942029
2 0.41233373639661414 0.6005434782608696 0.05804111245465538 0.09963768115942029
2 0.5665054413542926 0.5769927536231885 0.05199516324062878 0.1068840579710145
2 0.528415961305925 0.644927536231884 0.06045949214026603 0.09057971014492754
2 0.585247883917775 0.6059782608695653 0.05320435308343408 0.10326086956521738
2 0.4891172914147521 0.7653985507246377 0.056831922611850064 0.09963768115942029
2 0.5362756952841595 0.7952898550724637 0.054413542926239414 0.09420289855072465
2 0.5665054413542926 0.8079710144927538 0.04232164449818621 0.10869565217391304
2 0.5284159613059252 0.7282608695652173 0.06287787182587665 0.06884057971014493
2 0.7636033857315598 0.8958333333333333 0.054413542926239414 0.11413043478260869
2 0.8095525997581621 0.8903985507246377 0.06408706166868199 0.1213768115942029
2 0.7243047158403867 0.8478260869565217 0.07255139056831923 0.11594202898550725
2 0.8252720677146312 0.8007246376811594 0.06650544135429262 0.09057971014492754
2 0.8343409915356712 0.42481884057971014 0.04836759371221282 0.1213768115942029
