1 0.11204294805240601 0.11025132720099157 0.16557448841732786 0.1826777872208758
1 0.13023794677958425 0.2530820672093467 0.12627329116662145 0.0913388936104389
1 0.04836045250727916 0.2516264673111719 0.06441029549421316 0.10298369279583264
0 0.7263024362986983 0.10840641977732388 0.284102707376099 0.1142074006395614
2 0.7017620031034209 0.21459098648765987 0.3350712993970603 0.12270216597638826
2 0.0819678550591153 0.7420714920755547 0.10920726787472526 0.08864226288532913
2 0.20819443740782448 0.6229362907576734 0.10778899166856042 0.07871432944217237
2 0.22344090662409993 0.7431351992301779 0.12977227286412144 0.09360622960690773
2 0.2415239282527067 0.8172401310023089 0.10495243925622857 0.07871432944217568
2 0.17557408466602326 0.8193675453115632 0.021274143092479013 0.004963966721578372
2 0.26634376186060044 0.6924318248597712 0.10920726787472569 0.06878639599901548
2 0.5670958027790676 0.671933929195785 0.11311045776442014 0.08497935946031569
2 0.5583048345590349 0.7507596109020778 0.11545471595642887 0.08087690762430036
2 0.6875320673935152 0.7791837414801833 0.09494245677635281 0.08380723036431141
2 0.6119297407012342 0.9432818149207931 0.12424568417646151 0.09201213403634201
2 0.650610000869378 0.8553721327204666 0.14417187880853555 0.10256129590038096
2 0.7467245867417349 0.9620358804568628 0.09377032768034839 0.056848261156211104
2 0.7939027828559104 0.9775665909789205 0.11193832866841583 0.028131098304104558
2 0.7561016195097697 0.7853374192342065 0.08087690762430036 0.08439329491231354
2 0.7057000683815826 0.7202842544059646 0.08204903672030492 0.05391793841620033
2 0.7165422625196229 0.8331016798963838 0.05450400296420246 0.07091381030826352
