1 0.3263392857142855 0.3585714285714284 0.29374999999999996 0.511428571428571
1 0.5026785714285714 0.385 0.2 0.37571428571428567
1 0.4089285714285717 0.4507142857142856 0.17678571428571468 0.34142857142857147
1 0.7629464285714287 0.48142857142857143 0.461607142857143 0.4857142857142857
1 0.50625 0.7307142857142856 0.06428571428571427 0.24142857142857144
1 0.4102678571428572 0.8042857142857144 0.14017857142857143 0.3628571428571428
1 0.27901785714285715 0.8078571428571428 0.17767857142857144 0.3842857142857143
1 0.29375 0.47857142857142854 0.08392857142857142 0.23428571428571426
1 0.15572161248891903 0.3827918429150038 0.1107142857142856 0.2985714285714285
1 0.16339285714285712 0.3528571428571428 0.02142857142857143 0.005714285714285714
1 0.20507942780247693 0.4873195194025103 0.08571428571428562 0.1906721888683083
1 0.12633928571428568 0.787142857142857 0.14553571428571424 0.4257142857142857
1 0.05848214285714286 0.7649999999999999 0.11696428571428572 0.43857142857142845
