0 0.20559741657696448 0.18568353067814855 0.18514531754574812 0.11733046286329386
0 0.1953713670613563 0.09580193756727663 0.13240043057050593 0.08611410118406888
0 0.2717976318622174 0.17168998923573736 0.19268030139935413 0.06350914962325081
0 0.37244348762109797 0.09041980624327234 0.18945102260495156 0.10333692142088267
0 0.3880516684607105 0.15177610333692143 0.1302475780409042 0.07534983853606028
0 0.18083961248654457 0.29601722282023685 0.22604951560818073 0.09257265877287404
1 0.1867599569429494 0.7755651237890205 0.13240043057050593 0.11302475780409042
1 0.2728740581270183 0.7357373519913887 0.13240043057050593 0.12594187298170076
1 0.12432723358449946 0.6157158234660927 0.14531754574811626 0.17222820236813777
1 0.30624327233584503 0.5764262648008612 0.20990312163616792 0.13670613562970937
1 0.38589881593110875 0.703982777179763 0.1302475780409042 0.09687836383207751
1 0.24219590958019374 0.9467168998923574 0.18083961248654468 0.10656620021528525
1 0.3993541442411196 0.8127018299246501 0.09257265877287406 0.10333692142088267
2 0.34391819160387516 0.871367061356297 0.04413347685683532 0.041980624327233575
2 0.20721205597416578 0.8396124865446717 0.03982777179763186 0.03444564047362755
1 0.24219590958019377 0.8638320775026911 0.1356297093649085 0.07642626480086114
1 0.4219590958019376 0.9434876210979549 0.07965554359526372 0.11302475780409042
0 0.5931108719052745 0.6324004305705057 0.1076426264800861 0.0721205597416577
0 0.6754574811625405 0.6786867599569433 0.1431646932185144 0.07427341227125979
0 0.7389666307857907 0.6614639397201293 0.10656620021528518 0.05705059203444562
0 0.5855758880516683 0.09634015069967708 0.06458557588805167 0.0914962325080732
0 0.6377825618945103 0.07481162540365985 0.08934337997847144 0.11517761033369216
0 0.7050592034445643 0.06727664155005382 0.07319698600645858 0.11517761033369216
0 0.7793326157158235 0.0635091496232508 0.09687836383207751 0.11840688912809473
0 0.58772874058127 0.1856835306781485 0.07104413347685684 0.08503767491926803
0 0.6393972012917115 0.1716899892357374 0.06243272335844994 0.1001076426264801
0 0.6969860064585574 0.17115177610333696 0.07427341227125966 0.10979547900968788
0 0.7701829924650164 0.17491926803013993 0.09580193756727691 0.1237890204520991
0 0.5791173304628633 0.28202368137782563 0.09041980624327234 0.10118406889128095
0 0.5834230355220665 0.35360602798708285 0.062432723358449946 0.10010764262648009
0 0.6458557588805165 0.28310010764262655 0.06243272335844994 0.0882669537136706
0 0.6415500538213134 0.36706135629709363 0.06458557588805167 0.11840688912809473
0 0.6856835306781484 0.3972012917115178 0.06027987082884821 0.11410118406889129
0 0.702368137782562 0.30139935414424107 0.06566200215285253 0.11840688912809473
0 0.770182992465016 0.3207750269106566 0.08503767491926804 0.12917115177610328
0 0.7556512378902043 0.41496232508073194 0.09041980624327238 0.123789020452099
