1 0.4215530903328051 0.09884467265725289 0.08557844690966719 0.059050064184852376
1 0.40253565768621236 0.1534017971758665 0.053882725832012694 0.03465982028241335
1 0.46038034865293187 0.1521181001283697 0.0491283676703645 0.05006418485237484
1 0.401743264659271 0.21309370988446727 0.0491283676703645 0.04621309370988448
1 0.46275752773375606 0.21437740693196405 0.06339144215530904 0.028241335044929396
1 0.48019017432646594 0.1880616174582799 0.060221870047543584 0.04236200256739409
1 0.4144215530903328 0.28177150192554556 0.05546751188589539 0.06033376123234916
1 0.497622820919176 0.25096277278562257 0.08240887480190175 0.024390243902439025
1 0.504754358161648 0.2978177150192554 0.08716323296354993 0.04878048780487805
1 0.4215530903328051 0.35173299101412064 0.07290015847860538 0.04621309370988448
1 0.5 0.3478818998716304 0.05863708399366086 0.0410783055198973
1 0.5451664025356577 0.36264441591784347 0.0919175911251981 0.037227214377406934
1 0.5649762282091918 0.41976893453145064 0.08399366085578447 0.04621309370988448
1 0.48415213946117275 0.47496790757381263 0.08399366085578447 0.07702182284980745
1 0.6061806656101426 0.47047496790757387 0.11568938193343899 0.08087291399229782
1 0.4041204437400951 0.3992297817715019 0.0792393026941363 0.04621309370988448
1 0.38114104595879555 0.44159178433889595 0.07131537242472266 0.07188703465982028
1 0.3304278922345483 0.45057766367137353 0.0744849445324881 0.04878048780487805
1 0.3288431061806656 0.4974326059050064 0.09667194928684628 0.055198973042362
1 0.36133122028526143 0.5417201540436457 0.1045958795562599 0.03594351732991014
1 0.35974643423137875 0.5917843388960207 0.08557844690966719 0.059050064184852376
1 0.4215530903328051 0.5840821566110398 0.05071315372424722 0.04878048780487805
1 0.4889064976228208 0.6335044929396663 0.05546751188589539 0.06033376123234916
1 0.5633914421553091 0.613607188703466 0.05229793977812995 0.038510911424903725
1 0.659270998415214 0.6001283697047497 0.06656101426307447 0.07317073170731705
1 0.5792393026941363 0.6540436456996148 0.09667194928684628 0.057766367137355584
1 0.28922345483359746 0.6829268292682926 0.10301109350237718 0.0693196405648267
1 0.3740095087163233 0.7297817715019255 0.060221870047543584 0.03209242618741977
1 0.20443740095087165 0.7881899871630295 0.08557844690966719 0.05648267008985879
1 0.2591125198098257 0.7439024390243903 0.10618066561014264 0.05006418485237484
1 0.3708399366085578 0.7747111681643135 0.08240887480190175 0.057766367137355584
1 0.4160063391442155 0.8575096277278564 0.09033280507131539 0.038510911424903725
1 0.4167987321711568 0.7291399229781769 0.06656101426307447 0.025673940949935817
1 0.31774960380348655 0.641206675224647 0.07765451664025357 0.05006418485237484
1 0.33835182250396195 0.6899871630295251 0.05229793977812995 0.06290115532734275
1 0.26862123613312205 0.785622593068036 0.04595879556259905 0.03337612323491656
