1 0.09259259259259259 0.04464285714285714 0.10740740740740741 0.08214285714285713
1 0.18796296296296294 0.035714285714285705 0.1574074074074074 0.07142857142857141
1 0.05648148148148148 0.10803571428571429 0.10555555555555556 0.14107142857142857
1 0.19722222222222224 0.12589285714285714 0.1537037037037038 0.09464285714285714
1 0.054629629629629625 0.33124999999999993 0.10185185185185185 0.11607142857142858
1 0.32129629629629625 0.22499999999999998 0.28333333333333316 0.11428571428571425
1 0.4185185185185185 0.25535714285714284 0.13333333333333333 0.1392857142857143
1 0.4759259259259259 0.31517857142857136 0.17777777777777778 0.12321428571428575
1 0.5185185185185183 0.4598214285714286 0.24074074074074034 0.13392857142857123
1 0.5861111111111112 0.5044642857142858 0.12777777777777774 0.16607142857142856
1 0.5361111111111111 0.6357142857142857 0.1537037037037037 0.07857142857142857
1 0.6305555555555558 0.757142857142856 0.14259259259259227 0.19285714285714087
1 0.3212962962962963 0.375 0.1537037037037037 0.1
1 0.24814814814814815 0.4285714285714286 0.1925925925925926 0.15
1 0.3851851851851851 0.5446428571428573 0.1740740740740742 0.14999999999999994
1 0.06944444444444445 0.5160714285714285 0.1388888888888889 0.125
1 0.22971053948348255 0.48874606542849514 0.04814814814814805 0.1339285714285714
1 0.10555555555555556 0.5946428571428571 0.0925925925925926 0.06428571428571427
1 0.2601851851851852 0.6312499999999999 0.10925925925925925 0.10892857142857143
1 0.16851851851851848 0.6383928571428572 0.08888888888888889 0.10178571428571428
1 0.26111111111111107 0.6839285714285714 0.1296296296296296 0.10357142857142858
1 0.375 0.6705357142857145 0.13518518518518519 0.10535714285714287
1 0.3861111111111111 0.8598214285714287 0.1425925925925926 0.14107142857142857
1 0.2962962962962963 0.7723214285714286 0.10740740740740741 0.10178571428571428
1 0.14814814814814814 0.8312500000000003 0.12222222222222222 0.15535714285714286
1 0.24907407407407406 0.9348214285714286 0.14629629629629626 0.12321428571428575
1 0.4925925925925925 0.7946428571428571 0.08888888888888889 0.125
1 0.78998308701968 0.7345771444692817 0.18148148148148135 0.11607142857142864
