2 0.48554913294797686 0.3177150192554557 0.29672447013487474 0.18100128369704746
2 0.7389210019267821 0.3902439024390244 0.29479768786127175 0.14120667522464697
2 0.8188824662813103 0.3478818998716303 0.19653179190751444 0.0975609756097561
2 0.7764932562620425 0.17907573812580233 0.34296724470134876 0.12708600770218229
2 0.07996146435452794 0.1258023106546855 0.1599229287090559 0.10012836970474968
2 0.1724470134874759 0.35943517329910135 0.1984585741811175 0.12066752246469832
2 0.35934489402697495 0.4326059050064184 0.3448940269749518 0.14120667522464697
2 0.5211946050096339 0.5282413350449293 0.29094412331406544 0.14249037227214376
2 0.7466281310211946 0.4768934531450579 0.34104046242774566 0.12708600770218229
2 0.14547206165703275 0.4127086007702182 0.24855491329479767 0.09114249037227214
2 0.5452793834296724 0.6328626444159178 0.2581888246628132 0.0975609756097561
2 0.2842003853564547 0.5077021822849808 0.28709055876685935 0.09627727856225927
2 0.3217726396917148 0.607188703465982 0.28516377649325625 0.10526315789473685
2 0.4238921001926782 0.6803594351732991 0.1926782273603083 0.10012836970474968
2 0.7090558766859345 0.7349165596919128 0.29672447013487474 0.11681643132220795
2 0.6897880539499037 0.613607188703466 0.20423892100192678 0.0949935815147625
2 0.24084778420038533 0.6919127086007703 0.3082851637764932 0.11296534017971759
2 0.46917148362235067 0.7785622593068038 0.37572254335260113 0.16302952503209242
