1 0.24181360201511337 0.27882797731569 0.06297229219143577 0.11153119092627599
1 0.6926952141057935 0.08979206049149338 0.0654911838790932 0.08506616257088845
1 0.7732997481108314 0.20699432892249525 0.037783375314861464 0.06616257088846879
1 0.721662468513854 0.28166351606805284 0.022670025188916875 0.04536862003780719
1 0.783375314861461 0.46408317580340264 0.04534005037783375 0.05860113421550094
1 0.6939546599496219 0.45652173913043476 0.055415617128463476 0.07750472589792061
1 0.672544080604534 0.5151228733459358 0.060453400503778336 0.0888468809073724
1 0.7147355163727956 0.5907372400756143 0.056675062972292176 0.05860113421550094
1 0.6158690176322418 0.6682419659735349 0.04785894206549118 0.07372400756143666
1 0.679471032745592 0.6947069943289225 0.034005037783375325 0.062381852551984876
1 0.7374055415617129 0.7712665406427222 0.04911838790931989 0.07939508506616258
1 0.6977329974811083 0.8780718336483933 0.05037783375314863 0.07750472589792061
1 0.6360201511335011 0.8241965973534972 0.04785894206549118 0.052930056710775046
1 0.4181360201511334 0.7958412098298678 0.042821158690176324 0.07183364839319471
1 0.5050377833753148 0.5576559546313801 0.042821158690176324 0.06805293005671077
1 0.48299748110831237 0.5 0.04659949622166246 0.07372400756143666
1 0.43639798488664977 0.40831758034026466 0.05415617128463476 0.10586011342155009
1 0.371536523929471 0.44234404536862004 0.04534005037783375 0.10586011342155009
1 0.23866498740554154 0.41871455576559546 0.06423173803526448 0.0888468809073724
1 0.2544080604534005 0.5368620037807182 0.042821158690176324 0.052930056710775046
1 0.2625944584382871 0.6398865784499054 0.04911838790931989 0.07372400756143666
1 0.36397984886649876 0.6748582230623819 0.060453400503778336 0.05671077504725898
1 0.4622166246851385 0.2542533081285444 0.037783375314861464 0.06616257088846879
1 0.49370277078085645 0.1739130434782609 0.05037783375314863 0.06049149338374291
1 0.5295969773299748 0.07655954631379962 0.03652392947103275 0.06994328922495274
1 0.5982367758186398 0.11814744801512286 0.0327455919395466 0.07372400756143666
1 0.4401763224181359 0.11436672967863892 0.07178841309823678 0.06616257088846879
1 0.2884130982367758 0.15784499054820414 0.037783375314861464 0.03969754253308129
1 0.5075566750629723 0.5028355387523629 0.6473551637279598 0.9943289224952738
