2 0.0729794933655006 0.8497737556561086 0.10253317249698432 0.08325791855203618
2 0.3570566948130277 0.8194570135746608 0.09650180940892639 0.08597285067873303
2 0.3902291917973462 0.7203619909502262 0.05669481302774427 0.065158371040724
2 0.3268998793727382 0.7058823529411765 0.07478890229191791 0.0669683257918552
2 0.32026537997587456 0.6429864253393666 0.07840772014475271 0.06244343891402715
2 0.2864897466827503 0.641628959276018 0.06393244873341375 0.056108597285067875
2 0.5367913148371531 0.7520361990950226 0.09891435464414958 0.08687782805429864
2 0.5723763570566949 0.7144796380090497 0.11218335343787697 0.0733031674208145
2 0.5940892641737033 0.6054298642533937 0.04945717732207479 0.07058823529411765
2 0.5874547647768396 0.2891402714932127 0.19782870928829915 0.16199095022624432
2 0.6471652593486128 0.12986425339366517 0.17490952955367914 0.1330316742081448
2 0.5367913148371533 0.056108597285067875 0.14475271411338964 0.11221719457013575
2 0.6863691194209892 0.03800904977375565 0.11338962605548854 0.0760180995475113
2 0.8492159227985525 0.09502262443438914 0.23160434258142343 0.19004524886877827
2 0.945114595898673 0.1583710407239819 0.1097708082026538 0.09049773755656108
2 0.8275030156815439 0.18687782805429862 0.14475271411338964 0.1493212669683258
2 0.9294330518697228 0.267420814479638 0.1411338962605549 0.13665158371040723
2 0.9215922798552474 0.42126696832579186 0.15681544028950542 0.16923076923076924
2 0.6266586248492159 0.40090497737556563 0.16284680337756327 0.10135746606334842
2 0.51145958986731 0.43846153846153846 0.15922798552472858 0.12217194570135746
2 0.6930036188178528 0.5135746606334842 0.2014475271411339 0.1330316742081448
2 0.7201447527141132 0.6429864253393666 0.14234016887816647 0.11855203619909499
2 0.43184559710494574 0.5656108597285069 0.27020506634499397 0.23891402714932128
