0 0.3025210084033613 0.2650834403080873 0.12773109243697475 0.12965340179717585
0 0.39915966386554624 0.24646983311938386 0.06554621848739497 0.030808729139922986
1 0.5042016806722689 0.3087291399229781 0.11428571428571428 0.09884467265725286
0 0.6789915966386555 0.2772785622593068 0.14789915966386555 0.10783055198973042
0 0.576470588235294 0.4762516046213093 0.12436974789915967 0.07702182284980745
0 0.611764705882353 0.39281129653401803 0.06386554621848738 0.04621309370988448
0 0.573109243697479 0.3632862644415919 0.06050420168067227 0.038510911424903725
0 0.22857142857142856 0.39216944801026954 0.13445378151260504 0.10911424903722722
0 0.2630252100840336 0.47625160462130933 0.06890756302521009 0.043645699614890884
0 0.25126050420168067 0.5391527599486521 0.0453781512605042 0.0410783055198973
0 0.12605042016806725 0.5603337612323492 0.11428571428571428 0.09114249037227214
0 0.5857142857142859 0.5879332477535302 0.06554621848739497 0.06418485237483953
0 0.3991596638655463 0.5166880616174583 0.06218487394957983 0.03979460847240052
0 0.38319327731092434 0.634788189987163 0.12436974789915967 0.07573812580231065
0 0.4008403361344538 0.6797175866495507 0.12268907563025207 0.0680359435173299
0 0.1815126050420168 0.7015404364569962 0.06050420168067227 0.04236200256739409
0 0.2554621848739495 0.6668806161745827 0.03697478991596639 0.04749679075738125
0 0.27647058823529413 0.7406931964056482 0.06554621848739497 0.0410783055198973
0 0.2672268907563025 0.8318356867779205 0.08739495798319327 0.06418485237483953
0 0.24369747899159666 0.8818998716302952 0.07394957983193277 0.05648267008985879
0 0.8344537815126052 0.9204107830551991 0.08235294117647057 0.05391527599486521
0 0.5092436974789916 0.5237483953786907 0.043697478991596636 0.030808729139922986
0 0.4411764705882353 0.39152759948652116 0.04201680672268908 0.03337612323491656
0 0.6184873949579831 0.5333761232349166 0.06050420168067227 0.03465982028241335
1 0.43025210084033616 0.32413350449293965 0.08739495798319327 0.07060333761232349
1 0.35042016806722687 0.4326059050064185 0.06218487394957983 0.06418485237483953
1 0.2873949579831933 0.6039794608472401 0.0773109243697479 0.06033376123234916
