2 0.5784530386740334 0.87260677466863 0.2861878453038679 0.25478645066273925
2 0.38066298342541444 0.9329896907216495 0.11823204419889503 0.13402061855670103
2 0.21988950276243094 0.8630338733431516 0.225414364640884 0.2739322533136966
2 0.08011049723756908 0.8674521354933725 0.16022099447513816 0.2650957290132548
2 0.8900552486187847 0.8703976435935198 0.2154696132596685 0.25920471281296026
2 0.13535911602209943 0.6664212076583208 0.27071823204419887 0.29896907216494834
2 0.30552486187845307 0.650957290132548 0.10276243093922652 0.13549337260677466
2 0.10718232044198896 0.4138438880706922 0.2143646408839779 0.2503681885125184
2 0.4535911602209943 0.7047128129602358 0.2795580110497239 0.34609720176730485
2 0.6226519337016575 0.6877761413843888 0.11823204419889503 0.21207658321060383
2 0.8088397790055248 0.6656848306332841 0.3734806629834253 0.4536082474226805
2 0.31160220994475135 0.3924889543446244 0.33149171270718225 0.4374079528718704
2 0.27845303867403315 0.1443298969072165 0.2187845303867403 0.21502209131075115
2 0.0883977900552486 0.15390279823269512 0.1767955801104972 0.2930780559646539
2 0.468508287292817 0.10677466863033869 0.30718232044198923 0.21354933726067737
2 0.6116022099447515 0.3217967599410895 0.30386740331491713 0.5110456553755518
2 0.8298342541436463 0.29528718703976436 0.19447513812154696 0.3402061855670103
2 0.9519337016574585 0.39911634756995584 0.09613259668508284 0.256259204712813
2 0.9055248618784527 0.13917525773195877 0.18895027624309385 0.27245949926362295
2 0.7303867403314916 0.10603829160530191 0.22320441988950276 0.21207658321060383
