0 0.254813863928113 0.8369704749679076 0.15789473684210525 0.29781771501925547
0 0.09306803594351731 0.7535301668806161 0.17586649550706027 0.28241335044929394
0 0.3799743260590501 0.7214377406931964 0.14377406931964057 0.3080872913992298
0 0.2637997432605905 0.5641848523748395 0.20667522464698337 0.12195121951219512
2 0.5994865211810013 0.5738125802310655 0.051347881899871634 0.030808729139922986
2 0.5442875481386392 0.5924261874197689 0.028241335044929396 0.03465982028241335
2 0.5083440308087291 0.5840821566110398 0.03337612323491656 0.03337612323491656
2 0.5840821566110398 0.6354300385109114 0.038510911424903725 0.028241335044929396
2 0.6238767650834403 0.6553273427471118 0.03594351732991014 0.037227214377406934
2 0.5943517329910141 0.6598202824133504 0.030808729139922986 0.043645699614890884
2 0.6668806161745828 0.6938382541720156 0.04492939666238769 0.03465982028241335
2 0.7015404364569962 0.7034659820282413 0.03979460847240052 0.02053915275994865
2 0.6777920410783055 0.7220795892169449 0.05648267008985879 0.026957637997432605
2 0.6456996148908858 0.7586649550706035 0.04878048780487805 0.038510911424903725
2 0.6912708600770219 0.7824133504492942 0.03979460847240052 0.037227214377406934
2 0.7073170731707318 0.7541720154043645 0.03337612323491656 0.019255455712451863
2 0.751604621309371 0.741976893453145 0.03465982028241335 0.025673940949935817
2 0.764441591784339 0.762516046213094 0.037227214377406934 0.015404364569961493
2 0.7702182284980745 0.7824133504492938 0.0410783055198973 0.026957637997432605
2 0.6444159178433889 0.9216944801026957 0.06418485237483953 0.030808729139922986
2 0.8010269576379975 0.8818998716302953 0.04878048780487805 0.028241335044929396
2 0.7811296534017973 0.8709884467265725 0.03979460847240052 0.024390243902439025
0 0.6373555840821565 0.10012836970474968 0.052631578947368425 0.10012836970474968
1 0.04800133262062043 0.07436826180659502 0.009465051502657551 0.03718413090329751
1 0.033296699036134594 0.0659173229649365 0.009127013948991207 0.032451605151968745
1 0.026366929185974598 0.04326880686929166 0.020282253219980464 0.01014112660999023
1 0.029071229615305328 0.031268473714136547 0.019606178112647782 0.018592065451648754
1 0.06710045440276868 0.07808667489692478 0.016563840129650703 0.033127680259301434
1 0.08991798927524673 0.07774863734325843 0.009465051502657564 0.017577952790649734
1 0.10766496084272963 0.0860305574080838 0.01791599034431608 0.03549394313496581
1 0.05087465182678432 0.02856417328480582 0.008450938841658527 0.021296365880979485
1 0.07572041202126037 0.03228258637513557 0.014197577253986326 0.02197244098831217
1 0.06405811641977162 0.05408600858661455 0.016563840129650703 0.012169351931988277
1 0.10445360408289937 0.03363473658980093 0.010817201717322917 0.024000666310310212
1 0.11307356170139109 0.028733192061638987 0.009127013948991203 0.025690854078641925
1 0.07926980633475698 0.06000166577577554 0.021296365880979485 0.01926814055898144
1 0.09143915826674524 0.04614212607545556 0.009127013948991203 0.012507389485654621
1 0.15296199303401933 0.06980475483209943 0.021296365880979485 0.03278964270563508
1 0.10479164163656574 0.05526914002444676 0.013521502146653642 0.015887765022318024
1 0.11324258047822426 0.05307189592561553 0.017577952790649734 0.0189301030053151
1 0.13183464592987304 0.038367262341129714 0.036508055795964826 0.01791599034431608
