1 0.09420274998920222 0.2098828411277765 0.022800665602482065 0.04953263689485585
1 0.06540190922817225 0.2229414454000567 0.03000087579273955 0.045029669904414406
1 0.09630281129469401 0.2580645879254999 0.04020117356227103 0.050433230292944116
1 0.2382069537943521 0.236450346371381 0.04200122610983536 0.04863204349676753
1 0.2742080047456396 0.24320479685704316 0.02520073566590125 0.03872551611779638
1 0.2979086966219039 0.2787782360815305 0.04620134872081888 0.02881898873882518
1 0.274508013503567 0.3310126531706512 0.019800578023208112 0.07745103223559276
1 0.2394069888260617 0.2738249723920449 0.040801191078125784 0.02791839534073691
1 0.2403070150998439 0.30129307103373787 0.03300096337201353 0.04683085670059099
1 0.38311118387328436 0.2567136978283675 0.028200823245175206 0.06754450485662156
1 0.3519102730488351 0.2292455991866747 0.03900113853056148 0.04683085670059099
1 0.33510978260490093 0.19412245666123146 0.051001488847657234 0.059439164273827
1 0.34711013292199683 0.1427886329701991 0.042601243625690136 0.045029669904414406
1 0.26580775952367247 0.1626016877281414 0.03840112101470663 0.07384865864323963
1 0.329109607446353 0.10406311685240269 0.03060089330859435 0.061240351070003564
1 0.28650836382066286 0.11306905083328557 0.04260124362569018 0.05403560388529726
1 0.27780810984076837 0.07614472151166576 0.04800140126838328 0.04322848310823782
1 0.36601068467142267 0.09775896306578467 0.04200122610983539 0.04142729631206123
1 0.2748080222614944 0.026567505243604492 0.04200122610983536 0.04412907650632611
1 0.4509131631648756 0.062591241167136 0.07020204935501054 0.04232788971014954
1 0.4695137061563742 0.11707714175147743 0.06900201432330105 0.04322848310823783
1 0.47761394262041384 0.18597253670523145 0.07920231209283245 0.04232788971014953
1 0.47521387255699477 0.234604580201999 0.08760255731479956 0.045930263302502695
1 0.49021431045336444 0.27648217321310437 0.0504014713318025 0.0666439114585333
1 0.544515895638223 0.2931431510777377 0.036601068467142304 0.08735755961456397
1 0.5652164999352133 0.22785012971633684 0.08160238215625164 0.04502966990441438
1 0.5535161583760448 0.1760660093262603 0.08460246973552554 0.062140944468091854
1 0.5823169991370749 0.112574174761036 0.06300183916475308 0.04863204349676755
1 0.5310155015314902 0.0963634935954468 0.04080119107812583 0.06484272466235673
1 0.6057176822554118 0.05043323029294412 0.07380215445013935 0.05763797747765043
1 0.6702195652098017 0.12653337243140445 0.04560133120496419 0.06934569165279816
1 0.6522190397341581 0.19632936078324675 0.03720108598299697 0.0666439114585333
1 0.6987203972129044 0.2463122943771467 0.03420099840372305 0.08195399922603414
1 0.738621562017248 0.2134406353469242 0.07920231209283245 0.06844509825470987
1 0.828624189395467 0.20443470136604136 0.027600805729320395 0.09906527378971167
1 0.7860229457697766 0.16030562485971522 0.06360185668060789 0.04863204349676756
1 0.7740225954526805 0.0963634935954468 0.06120178661718863 0.07564984543941619
1 0.721221054057459 0.09095993320691709 0.04320126114154496 0.10446883417824139
1 0.722721097847096 0.3228627332146512 0.045001313689109396 0.051333823691032406
1 0.646818882091465 0.34537756816685844 0.04200122610983548 0.04773145009867927
1 0.7029205198238879 0.3732959635075953 0.06300183916475308 0.03332195572926668
1 0.6936202483281387 0.41292207302348005 0.06120178661718877 0.03872551611779638
1 0.6354185492902239 0.39716168855693496 0.043201261141544885 0.0450296699044143
1 0.6864200381378811 0.466057083510689 0.06240182164889825 0.03692432932161973
1 0.7854229282539217 0.3593367658372269 0.0384011210147066 0.06844509825470987
1 0.8349243733119418 0.35528409554582957 0.03900113853056141 0.04953263689485579
1 0.8427246010180546 0.39040723807127287 0.052201523879366725 0.0423278897101495
1 0.842424592260127 0.4295830508881133 0.06360185668060789 0.03422254912735489
1 0.848424767418675 0.4687588637049538 0.058801716553769375 0.047731450098679205
1 0.7950232085075984 0.4484955122479673 0.02280066560248204 0.07564984543941614
1 0.7602221925880207 0.4309339409852457 0.044401296173254584 0.06574331806044502
1 0.8292242069113216 0.5561164233195178 0.057601681522060036 0.04412907650632619
1 0.7959232347813806 0.5308998081730457 0.029400858276884833 0.07294806524515127
1 0.7572221050087465 0.559718796911871 0.057601681522060036 0.04593026330250262
1 0.7497218860605618 0.6160058842923888 0.06540190922817218 0.045029669904414406
1 0.7656223502307138 0.6344680489531987 0.032400945856158755 0.08195399922603426
1 0.8010233836661466 0.6529302136140087 0.043201261141544815 0.06664391145853336
1 0.8133237427411696 0.6047484668162854 0.06060176910133396 0.04412907650632619
1 0.9621988965011481 0.3016987883595764 0.05160150636351206 0.03422254912735494
1 0.9123974426852004 0.2818857336016341 0.026400770697610768 0.04863204349676753
1 0.9333980557401182 0.28548810719398726 0.030000875792739645 0.04502966990441435
1 0.8934968909357748 0.3192603596222981 0.045001313689109396 0.035123142525443206
1 0.9426983272358674 0.32871659030222505 0.05220152387936686 0.05583679068147382
1 0.9261978455498607 0.34988053515729983 0.04200122610983534 0.0549361972833855
1 0.9528986250053988 0.750644597306588 0.052201523879366725 0.07474925204132801
1 0.863496015143035 0.7601008279865149 0.061801804133043446 0.04142729631206123
1 0.9081973200742169 0.710117894392615 0.043201261141544815 0.058538570875738785
1 0.9369981608352471 0.7988263441043114 0.04680136623667369 0.0846557794202991
1 0.9063972675266527 0.8339494866297545 0.0432012611415451 0.0900593398088287
1 0.8748963479442758 0.8222417724546068 0.03900113853056141 0.09186052660500535
1 0.689190926787218 0.8339494866297548 0.04800140126838333 0.084655779420299
1 0.6384894466974883 0.7542469708989412 0.04140120859398052 0.06574331806044502
1 0.6546899196255677 0.8551134314848298 0.03900113853056146 0.1233812955380945
1 0.6165888073687882 0.838452453620196 0.03840112101470667 0.07024628505088641
1 0.588087975365686 0.8132358384737242 0.051001488847657234 0.0648427246623567
1 0.5838878527547021 0.7456913336171025 0.05460159394278605 0.048632043496767474
1 0.7674932126062683 0.9117418469873477 0.08700253979894473 0.03962610951588459
1 0.690690970576855 0.937408758832864 0.042601243625690136 0.04232788971014955
1 0.5331863726649724 0.8315890345574903 0.0696020318391558 0.07384865864323958
1 0.5223860573795861 0.7694480900893983 0.04560133120496413 0.048632043496767474
1 0.5397865653393751 0.6829911238729227 0.03600105095128748 0.06664391145853324
1 0.587487957849831 0.6262537397933604 0.04140120859398067 0.0648427246623567
1 0.6003883344407089 0.5618613118300478 0.07800227706112282 0.05853857087573868
1 0.5262861712326424 0.5735690260051958 0.06780197929159143 0.05673738407956215
1 0.5376865040338835 0.6262537397933605 0.04980145381594769 0.0396261095158847
1 0.5235860924112958 0.5406973669749732 0.05640164649035041 0.04683085670059104
1 0.521486031105804 0.49341621357533805 0.05340155891107635 0.05313501048720897
1 0.6225889825273363 0.5073754112457065 0.09120266240992826 0.05403560388529729
1 0.6258890788645377 0.4416320931852615 0.08340243470381599 0.045029669904414406
1 0.5613871959101476 0.43172556580629035 0.05160150636351206 0.06484272466235676
1 0.5073856194832165 0.44793624697187945 0.07080206687086535 0.06124035107000359
1 0.4779847612063316 0.8374428916450639 0.04320126114154496 0.05853857087573868
1 0.43118339496965785 0.8541038695096974 0.052801541395221675 0.05403560388529729
1 0.5571870732991642 0.927502231453893 0.08040234712454207 0.1089718011686829
1 0.4755846911429125 0.9302040116481578 0.0588017165537696 0.08015281242985761
1 0.42398318477940033 0.9261513413567605 0.05160150636351206 0.09546290019735854
1 0.1995058240217181 0.9193968908710982 0.06540190922817225 0.06033975767191521
1 0.19320564010524277 0.8604080232963154 0.06840199680744621 0.05223441708912065
1 0.18930552625218666 0.8176298368871217 0.06300183916475308 0.06574331806044502
1 0.24750722529010138 0.8324896279555785 0.051001488847657234 0.0900593398088287
1 0.25380740920657674 0.9076891766959505 0.058801716553769555 0.0891587464107405
1 0.2949086090426299 0.8342908147517548 0.04380127865739978 0.12248070214000718
1 0.332109695025627 0.7874599580511642 0.07500218948184897 0.08645696621647564
1 0.2565074880279233 0.7527871122247649 0.07620222451355853 0.08015281242985761
1 0.1719050182923977 0.702804178630865 0.07860229457697764 0.04142729631206123
1 0.17880521972472777 0.7505356287295443 0.07320213693428453 0.0396261095158847
1 0.0954027850209118 0.8591471911647953 0.06600192674402704 0.047911566029903915
1 0.3723108685878981 0.683441420571967 0.03420099840372313 0.11257417476103598
1 0.2895084513999368 0.7001023984366004 0.08340243470381599 0.048632043496767474
1 0.31830929216096676 0.6604762889207154 0.07260211941842976 0.09005933980882881
1 0.22830666478274808 0.6726342997949073 0.055801628974495567 0.07294806524515138
1 0.1368039936148924 0.6046394982392417 0.05520161145864079 0.05223441708912065
1 0.149404361447843 0.6244525529971838 0.04080119107812582 0.07024628505088652
1 0.17760518469301825 0.6199495860067425 0.03000087579273958 0.09546290019735854
1 0.13740401113074718 0.5636624986262245 0.06480189171231746 0.04773145009867916
1 0.23310680490958643 0.5884288170736525 0.06900201432330098 0.03242136233117835
1 0.23160676111994943 0.5506038943539443 0.07440217196599408 0.050433230292944116
1 0.2175063494973618 0.6190489926086542 0.04140120859398059 0.045029669904414406
1 0.3327097125414819 0.5060245211485739 0.027000788213465653 0.08015281242985761
1 0.34261000155308574 0.5771713995975487 0.039601156046416223 0.053135010487209075
1 0.3825111663574295 0.5920311906660056 0.04140120859398059 0.03782492271970795
1 0.24000700634191652 0.41371369784452455 0.05640164649035041 0.05943916427382705
1 0.2979086966219039 0.39975450017415615 0.05700166400620523 0.06033975767191526
1 0.2814082149358971 0.4672990050307777 0.04320126114154496 0.09816468039162338
1 0.24630719025839182 0.4844102795944552 0.04980145381594769 0.07294806524515138
1 0.17970524599850998 0.5352938065864434 0.06780197929159139 0.0738486586432397
1 0.46662468513853905 0.7570888468809074 0.09193954659949624 0.07750472589792061
1 0.04282115869017633 0.8383742911153119 0.05037783375314863 0.06616257088846879
1 0.07367758186397985 0.9319470699432891 0.06675062972292191 0.10586011342155009
1 0.02078085642317381 0.9330812825597754 0.04156171284634762 0.10812853865452193
1 0.0938287153652393 0.8071833648393195 0.04911838790931989 0.07183364839319471
1 0.6530226700251889 0.9659735349716446 0.056675062972292176 0.06805293005671077
1 0.7380352644836271 0.9744801512287334 0.07556675062972293 0.05103969754253308
1 0.9301007556675064 0.8998109640831757 0.041561712846347604 0.08317580340264649
1 0.8633501259445844 0.8913043478260869 0.04408060453400504 0.08128544423440454
1 0.8992443324937028 0.897920604914934 0.04534005037783375 0.07561436672967864
1 0.3916876574307305 0.5293005671077505 0.042821158690176324 0.06805293005671077
