2 0.6237569060773481 0.8924889543446243 0.0740331491712707 0.07952871870397642
2 0.7629834254143647 0.5537555228276877 0.06077348066298342 0.07658321060382917
2 0.7425414364640882 0.48600883652430055 0.06629834254143646 0.07658321060382917
2 0.7187845303867403 0.5316642120765832 0.11160220994475138 0.09720176730486012
2 0.9171270718232044 0.36082474226804123 0.09723756906077348 0.1030927835051546
2 0.22265193370165748 0.47054491899852713 0.056353591160221 0.07511045655375552
2 0.17955801104972377 0.46759941089838003 0.05856353591160221 0.0662739322533137
2 0.14585635359116023 0.32916053019145797 0.0441988950276243 0.05743740795287187
2 0.1740331491712707 0.3527245949926362 0.05193370165745858 0.054491899852724596
2 0.12209944751381215 0.296759941089838 0.0430939226519337 0.06332842415316642
2 0.22375690607734808 0.6988217967599409 0.05856353591160221 0.054491899852724596
2 0.19502762430939227 0.686303387334315 0.03425414364640884 0.04123711340206185
2 0.17569060773480666 0.6126656848306332 0.04861878453038674 0.053019145802650956
2 0.21988950276243094 0.6266568483063328 0.03756906077348066 0.042709867452135494
2 0.2270718232044199 0.5920471281296024 0.02541436464088398 0.04123711340206185
2 0.25690607734806625 0.5846833578792342 0.020994475138121547 0.05596465390279825
2 0.27237569060773476 0.6502209131075111 0.032044198895027624 0.033873343151693665
2 0.2513812154696133 0.6597938144329898 0.03425414364640884 0.05891016200294549
2 0.32265193370165746 0.6487481590574374 0.03535911602209946 0.05743740795287187
2 0.38342541436464095 0.6863033873343152 0.05303867403314917 0.06774668630338733
2 0.4270718232044199 0.7378497790868924 0.04972375690607735 0.05891016200294549
2 0.39226519337016574 0.772459499263623 0.041988950276243095 0.0662739322533137
2 0.35966850828729285 0.7776141384388806 0.040883977900552496 0.10898379970544919
2 0.34972375690607743 0.7002945508100146 0.04972375690607735 0.045655375552282766
2 0.3232044198895029 0.740058910162003 0.04972375690607735 0.06332842415316642
2 0.2834254143646408 0.7341678939617085 0.05414364640883978 0.054491899852724596
2 0.29392265193370165 0.7835051546391754 0.03977900552486187 0.05596465390279825
2 0.3375690607734807 0.801914580265096 0.04972375690607735 0.060382916053019146
2 0.5861878453038674 0.8564064801178201 0.040883977900552496 0.045655375552282766
2 0.6022099447513812 0.7982326951399118 0.03756906077348066 0.035346097201767304
