2 0.4342581423401689 0.5285067873303168 0.17129071170084445 0.10135746606334842
2 0.45355850422195415 0.6823529411764706 0.09408926417370327 0.09592760180995477
2 0.30699638118214717 0.6031674208144795 0.0735826296743064 0.05339366515837104
2 0.4620024125452353 0.6113122171945702 0.08443908323281062 0.04253393665158371
2 0.49276236429433057 0.26153846153846155 0.08564535585042223 0.07239819004524889
2 0.6363088057901085 0.3266968325791856 0.06151990349819059 0.07420814479638009
2 0.7147165259348612 0.1733031674208145 0.04945717732207479 0.047963800904977386
2 0.674909529553679 0.22217194570135745 0.06151990349819059 0.044343891402714934
2 0.7478890229191798 0.2158371040723982 0.038600723763570564 0.02986425339366516
2 0.6755126658624852 0.3773755656108597 0.045838359469240045 0.03800904977375565
2 0.10253317249698432 0.9687782805429863 0.08443908323281062 0.06244343891402715
2 0.7599517490952954 0.946606334841629 0.10373944511459589 0.06877828054298644
2 0.9680337756332932 0.9755656108597285 0.06151990349819059 0.04162895927601809
1 0.24607961399276235 0.8253393665158371 0.47285886610373945 0.34932126696832577
1 0.1519903498190591 0.4755656108597284 0.26537997587454765 0.35384615384615387
1 0.5096501809408926 0.451131221719457 0.5440289505428226 0.42081447963800905
1 0.19541616405307605 0.20135746606334842 0.38841978287092893 0.40271493212669685
1 0.5904704463208685 0.1981900452488688 0.45235223160434257 0.3963800904977376
1 0.8655006031363086 0.19909502262443443 0.2689987937273823 0.39638009049773765
1 0.7708082026537998 0.8434389140271493 0.39806996381182147 0.31312217194570136
