0 0.4139465875370921 0.55685618729097 0.42433234421364974 0.37458193979933113
0 0.7908011869436202 0.645484949832775 0.4183976261127592 0.3377926421404681
0 0.49999999999999994 0.2675585284280935 0.4302670623145399 0.19063545150501668
0 0.19584569732937684 0.40802675585284265 0.3916913946587537 0.2809364548494983
0 0.8456973293768542 0.41722408026755864 0.30860534124629063 0.21237458193979933
0 0.15727002967359036 0.7265886287625415 0.3145400593471807 0.38628762541805955
0 0.4317507418397626 0.9289297658862878 0.4065281899109791 0.1421404682274246
0 0.7462908011869432 0.887123745819398 0.3649851632047476 0.2190635451505017
0 0.44213649851632064 0.7750836120401354 0.29673590504451025 0.19565217391304465
0 0.6142433234421366 0.4774247491638796 0.26112759643916866 0.2892976588628764
