2 0.19520958083832332 0.6085106382978723 0.3281437125748503 0.4127659574468084
2 0.4898203592814372 0.6617021276595745 0.3401197604790419 0.35744680851063826
2 0.5724550898203593 0.3170212765957447 0.29461077844311384 0.4297872340425532
2 0.3377245508982037 0.22234042553191494 0.3449101796407186 0.3638297872340426
2 0.7952095808383234 0.524468085106383 0.31856287425149704 0.4021276595744682
2 0.8670658682634729 0.3 0.22994011976047904 0.4297872340425532
2 0.13952095808383233 0.3904255319148936 0.26706586826347306 0.325531914893617
2 0.15389221556886226 0.1627659574468085 0.1952095808383233 0.2702127659574468
2 0.7173652694610779 0.8457446808510639 0.2970059880239521 0.2404255319148936
2 0.3449101796407186 0.8042553191489361 0.325748502994012 0.34893617021276596
