0 0.51392572944297 0.4902826855123672 0.6140583554376652 0.5212014134275613
0 0.7904509283819621 0.254416961130742 0.12201591511936334 0.3356890459363957
0 0.44893899204244025 0.10159010600706714 0.1843501326259947 0.15724381625441697
0 0.23607427055702895 0.6669611307420489 0.2785145888594164 0.33745583038869237
0 0.9316976127320957 0.2756183745583039 0.13660477453580902 0.3215547703180212
0 0.9449602122015917 0.5291519434628975 0.11007957559681646 0.1890459363957595
0 0.9343501326259951 0.7164310954063602 0.1286472148541117 0.28798586572438156
0 0.6956233421750664 0.10247349823321567 0.20291777188328883 0.20494699646643133
0 0.6624668435013263 0.7553003533568907 0.2161803713527848 0.23498233215547693
0 0.27387267904509294 0.06802120141342757 0.22413793103448296 0.13604240282685515
