0 0.41839762611275966 0.5543478260869567 0.4094955489614243 0.38294314381270894
0 0.7878338278931751 0.6538461538461531 0.42433234421364985 0.33779264214046845
0 0.19732937685459928 0.4046822742474914 0.39465875370919856 0.2943143812709025
0 0.5118694362017796 0.27006688963210673 0.4243323442136488 0.18896321070234084
0 0.1557863501483678 0.7224080267558534 0.3115727002967356 0.3745819397993306
0 0.4510385756676555 0.9264214046822743 0.4451038575667654 0.14715719063545152
0 0.7448071216617207 0.8904682274247491 0.34421364985163216 0.21906354515050008
0 0.4391691394658754 0.7717391304347827 0.3086053412462908 0.20234113712374582
0 0.8471810089020764 0.4172240802675584 0.3056379821958456 0.22909698996655437
0 0.6231454005934716 0.4841137123745817 0.25519287833827947 0.2759197324414713
