1 0.8867924528301885 0.2562814070351759 0.22641509433962267 0.2185929648241206
1 0.7905660377358491 0.3391959798994975 0.19245283018867926 0.17336683417085427
1 0.6188679245283019 0.34484924623115576 0.1207547169811321 0.11180904522613065
1 0.33773584905660375 0.3542713567839195 0.1811320754716981 0.10552763819095479
1 0.1764150943396226 0.43655778894472347 0.20943396226415092 0.16206030150753814
1 0.3613207547169812 0.8448492462311561 0.23962264150943396 0.16708542713567845
1 0.5216981132075471 0.7324120603015076 0.3452830188679245 0.15577889447236182
1 0.2537735849056604 0.685929648241206 0.2962264150943396 0.1834170854271356
1 0.5754716981132075 0.6061557788944725 0.30188679245283034 0.16959798994974876
1 0.6537735849056604 0.4830402010050251 0.2849056603773585 0.19723618090452255
1 0.470754716981132 0.42085427135678394 0.23962264150943396 0.2035175879396985
1 0.2490566037735849 0.5741206030150754 0.27547169811320754 0.11809045226130653
1 0.32264150943396186 0.4623115577889447 0.11698113207547157 0.10301507537688444
1 0.40000000000000013 0.6080402010050251 0.13962264150943396 0.1407035175879397
