1 0.25626204238921 0.2522464698331194 0.07321772639691715 0.019255455712451863
1 0.28612716763005785 0.2747111681643132 0.04431599229287091 0.01797175866495507
1 0.31117533718689794 0.26508344030808734 0.03275529865125241 0.019255455712451863
1 0.3044315992292871 0.2991014120667522 0.03853564547206165 0.015404364569961493
1 0.33911368015414256 0.28177150192554556 0.019267822736030824 0.008985879332477536
1 0.3526011560693641 0.2920410783055199 0.03853564547206165 0.024390243902439025
1 0.3169556840077072 0.3138639281129653 0.04431599229287091 0.014120667522464698
1 0.396917148362235 0.31835686777920413 0.057803468208092484 0.030808729139922986
1 0.3381502890173411 0.32926829268292684 0.05202312138728324 0.029525032092426188
1 0.5028901734104047 0.621951219512195 0.030828516377649325 0.014120667522464698
1 0.38246628131021204 0.35943517329910135 0.04816955684007707 0.02310654685494224
1 0.37957610789980734 0.38061617458279856 0.046242774566473986 0.021822849807445442
1 0.4084778420038536 0.3979460847240051 0.046242774566473986 0.028241335044929396
1 0.41907514450867056 0.3433889602053915 0.04046242774566475 0.024390243902439025
1 0.44701348747591524 0.36649550706033374 0.046242774566473986 0.037227214377406934
1 0.4826589595375723 0.3857509627727857 0.05973025048169557 0.05006418485237484
1 0.4132947976878613 0.4377406931964057 0.10597302504816955 0.05648267008985879
1 0.4210019267822736 0.48074454428754815 0.16377649325626206 0.024390243902439025
1 0.4489402697495183 0.5121951219512195 0.161849710982659 0.04621309370988448
1 0.5028901734104047 0.5706033376123235 0.046242774566473986 0.026957637997432605
1 0.48940269749518306 0.537227214377407 0.03853564547206165 0.029525032092426188
1 0.4373795761078998 0.6033376123234917 0.12716763005780343 0.0410783055198973
1 0.6599229287090559 0.5070603337612325 0.03275529865125241 0.028241335044929396
1 0.6714836223506744 0.4730423620025674 0.025048169556840073 0.04749679075738125
1 0.6252408477842004 0.5154043645699615 0.04431599229287091 0.029525032092426188
1 0.5086705202312138 0.44415917843388963 0.06936416184971096 0.04878048780487805
1 0.6579961464354528 0.3222079589216944 0.04816955684007707 0.03337612323491656
1 0.6714836223506743 0.34274711168164307 0.036608863198458574 0.012836970474967908
1 0.6868978805394991 0.3607188703465981 0.02119460500963391 0.015404364569961493
1 0.6772639691714837 0.4030808729139923 0.03275529865125241 0.05648267008985879
1 0.571290944123314 0.4448010269576379 0.09055876685934489 0.06033376123234916
1 0.628131021194605 0.4088575096277278 0.057803468208092484 0.06033376123234916
1 0.6483622350674374 0.35686777920410795 0.036608863198458574 0.025673940949935817
1 0.5597302504816956 0.49550706033376124 0.04046242774566475 0.02053915275994865
1 0.596339113680154 0.4820282413350449 0.04816955684007707 0.029525032092426188
1 0.6358381502890175 0.46020539152759954 0.04238921001926782 0.04236200256739409
