2 0.43685202639019793 0.44221105527638194 0.23091423185673893 0.2964824120603015
2 0.7120640904806785 0.5967336683417086 0.1536286522148916 0.21105527638190957
2 0.902450518378888 0.8511306532663314 0.1950989632422243 0.29773869346733667
2 0.582469368520264 0.9321608040201006 0.20735155513666353 0.1306532663316583
2 0.4915174363807729 0.7047738693467336 0.16682375117813383 0.20603015075376885
2 0.40480678605089543 0.689070351758794 0.16870876531573986 0.2022613065326633
2 0.30065975494816216 0.5653266331658291 0.09802073515551367 0.11557788944723618
2 0.2299717247879359 0.5358040201005025 0.09613572101790764 0.09422110552763822
2 0.19839773798303492 0.35804020100502515 0.09142318567389256 0.11055276381909548
2 0.1583411875589067 0.07600502512562814 0.1112158341187559 0.1092964824120603
2 0.2945334590009424 0.31909547738693467 0.07822808671065033 0.07286432160804018
2 0.354382657869934 0.2971105527638191 0.08671065032987749 0.11180904522613065
2 0.2964184731385486 0.3844221105527638 0.07822808671065033 0.09547738693467334
2 0.5409990574929311 0.5489949748743719 0.11875589066918002 0.14572864321608037
2 0.3920829406220547 0.5942211055276382 0.08105560791705937 0.08793969849246232
2 0.8732327992459944 0.6507537688442211 0.14797360980207355 0.17085427135678388
2 0.9476908576814327 0.5332914572864321 0.1046182846371348 0.13693467336683418
2 0.9340245051837888 0.6865577889447236 0.13195098963242224 0.14698492462311558
2 0.7224316682375119 0.917713567839196 0.14797360980207355 0.16457286432160803
2 0.6036757775683318 0.6206030150753769 0.14043355325164938 0.135678391959799
