0 0.43143976493633684 0.11681643132220795 0.05974534769833497 0.0821566110397946
0 0.5915768854064642 0.220795892169448 0.10577864838393732 0.1463414634146341
0 0.7291870714985308 0.2958921694480103 0.11655239960822722 0.16302952503209242
0 0.45445641527913805 0.251604621309371 0.033300685602350645 0.04878048780487805
0 0.519588638589618 0.2644415917843389 0.04407443682664055 0.05648267008985879
0 0.534769833496572 0.5686777920410783 0.0959843290891283 0.0821566110397946
0 0.7149853085210577 0.6591784338896021 0.11361410381978451 0.17329910141206675
0 0.6057786483839372 0.5956354300385108 0.05190989226248776 0.04878048780487805
0 0.6287952987267384 0.5693196405648266 0.04897159647404505 0.057766367137355584
0 0.41429970617042117 0.5622593068035945 0.06268364348677767 0.051347881899871634
0 0.4784524975514202 0.5173299101412067 0.04603330068560235 0.06418485237483953
0 0.47355533790401566 0.3940949935815146 0.040156709108716944 0.06418485237483953
0 0.3584720861900098 0.3863928112965339 0.07639569049951028 0.10783055198973042
0 0.32125367286973555 0.4062901155327343 0.07639569049951028 0.11424903722721437
0 0.30068560235063657 0.18485237483953784 0.045053868756121454 0.043645699614890884
0 0.32517140058765925 0.2503209242618742 0.033300685602350645 0.043645699614890884
0 0.24975514201762977 0.2682926829268293 0.04701273261508325 0.05391527599486521
0 0.16552399608227222 0.2766367137355586 0.07051909892262481 0.09114249037227218
0 0.12047012732615084 0.258023106546855 0.07051909892262488 0.09242618741976896
0 0.7659157688540645 0.407573812580231 0.04113614103819784 0.052631578947368425
1 0.674828599412341 0.4582798459563543 0.03917727717923605 0.06675224646983312
1 0.696865817825661 0.5 0.07541625857002938 0.08344030808729143
1 0.6415279138099903 0.5173299101412067 0.0940254652301665 0.08472400513478819
1 0.4108716944172379 0.6489088575096278 0.06562193927522038 0.057766367137355584
1 0.3961802154750245 0.2650834403080873 0.0714985308521058 0.057766367137355584
1 0.5509304603330067 0.3626444159178434 0.04407443682664055 0.07060333761232349
1 0.5372184133202742 0.47625160462130933 0.0714985308521058 0.0693196405648267
