2 0.10312075983717776 0.3054298642533937 0.13297150610583447 0.07873303167420814
2 0.19945725915875165 0.2262443438914027 0.07598371777476255 0.047058823529411764
2 0.07055630936227951 0.4610859728506787 0.06784260515603797 0.044343891402714934
2 0.12143826322930801 0.3968325791855204 0.08276797829036635 0.047963800904977386
2 0.12008141112618724 0.4850678733031673 0.044776119402985065 0.027149321266968326
2 0.16485753052917232 0.506787330316742 0.04748982360922659 0.03076923076923077
2 0.11940298507462685 0.5737556561085974 0.06512890094979647 0.04343891402714932
2 0.25848032564450474 0.5533936651583712 0.05291723202170964 0.046153846153846156
2 0.29918588873812757 0.4710407239819005 0.09090909090909094 0.03529411764705882
2 0.41044776119402987 0.5588235294117647 0.07191316146540026 0.051583710407239816
2 0.4938941655359566 0.5230769230769231 0.05970149253731344 0.04162895927601809
2 0.5522388059701493 0.49999999999999983 0.07598371777476255 0.06063348416289593
2 0.4938941655359566 0.553846153846154 0.07598371777476255 0.056108597285067875
2 0.44369063772048845 0.6384615384615384 0.08683853459972862 0.044343891402714934
2 0.43215739484396204 0.6773755656108597 0.0773405698778833 0.04253393665158371
2 0.26797829036635007 0.7583710407239819 0.09905020352781546 0.05791855203619909
2 0.1587516960651289 0.7162895927601809 0.07598371777476255 0.06244343891402715
2 0.41112618724559036 0.755656108597285 0.09226594301221164 0.06153846153846154
2 0.5312075983717776 0.7479638009049774 0.06105834464043419 0.05339366515837104
2 0.6234735413839892 0.7452488687782806 0.07462686567164177 0.06063348416289593
2 0.6397557666214383 0.6950226244343891 0.06105834464043419 0.03438914027149322
2 0.6831750339213026 0.6262443438914027 0.06919945725915876 0.05067873303167421
2 0.6411126187245589 0.6067873303167421 0.05291723202170964 0.02986425339366516
2 0.5976933514246947 0.579185520361991 0.06919945725915876 0.05248868778280543
2 0.5508819538670285 0.5900452488687783 0.06241519674355495 0.04162895927601809
2 0.7883310719131614 0.5868778280542987 0.05970149253731344 0.046153846153846156
2 0.6628222523744912 0.39004524886877834 0.07191316146540026 0.05972850678733032
2 0.5488466757123474 0.33574660633484166 0.08276797829036635 0.05429864253393665
2 0.5115332428765265 0.31764705882352945 0.05970149253731344 0.04524886877828054
2 0.4552238805970151 0.30588235294117644 0.08548168249660787 0.04524886877828054
2 0.42808683853459967 0.26334841628959277 0.05834464043419267 0.03076923076923077
2 0.44369063772048845 0.22036199095022624 0.07869742198100407 0.04253393665158371
2 0.2957937584803256 0.267420814479638 0.04613297150610582 0.04072398190045248
2 0.5101763907734057 0.27330316742081445 0.048846675712347354 0.04524886877828054
2 0.5834464043419267 0.28371040723981905 0.05970149253731344 0.0497737556561086
2 0.6845318860244234 0.3194570135746607 0.05834464043419267 0.04886877828054299
2 0.7890094979647216 0.27194570135746604 0.10447761194029848 0.06968325791855204
2 0.8839891451831753 0.3104072398190045 0.08005427408412484 0.04524886877828054
2 0.8249660786974219 0.36470588235294116 0.08683853459972862 0.04343891402714932
2 0.9511533242876525 0.5882352941176471 0.06241519674355495 0.04343891402714932
2 0.8751696065128902 0.45294117647058824 0.054274084124830396 0.03891402714932127
1 0.36092265943012214 0.6493212669683257 0.5997286295793759 0.32307692307692304
1 0.3039348710990502 0.35429864253393667 0.5101763907734057 0.35203619909502265
1 0.7510176390773406 0.41945701357466064 0.49253731343283585 0.5638009049773756
