1 0.19722222222222222 0.12857142857142856 0.15 0.09285714285714286
1 0.13518518518518519 0.03303571428571428 0.1962962962962963 0.06607142857142856
1 0.06296296296296296 0.08482142857142855 0.1111111111111111 0.08392857142857142
1 0.05648148148148148 0.3367857115609305 0.11296296296296296 0.11285713740757533
1 0.23796296296296293 0.23392857142857146 0.10925925925925925 0.10357142857142858
1 0.33333333333333337 0.21071428571428574 0.0962962962962963 0.09642857142857145
1 0.42222222222222217 0.24642857142857139 0.1444444444444444 0.10714285714285714
1 0.4268518518518518 0.33392857142857146 0.12037037037037036 0.08571428571428572
1 0.5259259259259259 0.30267857142857146 0.08148148148148149 0.08392857142857142
1 0.46018518518518525 0.39732142857142855 0.1388888888888889 0.09464285714285714
1 0.5435185185185185 0.38392857142857145 0.12037037037037036 0.08928571428571429
1 0.587037037037037 0.4964285714285715 0.1037037037037037 0.15
1 0.48333333333333334 0.4875 0.12222222222222222 0.10714285714285714
1 0.32407407407407407 0.36964285714285705 0.15555555555555556 0.08214285714285713
1 0.2212962962962963 0.39732142857142855 0.12407407407407404 0.09821428571428571
1 0.29907407407407405 0.45178571428571423 0.10925925925925925 0.10714285714285714
1 0.36296296296296293 0.5008928571428571 0.1111111111111111 0.09821428571428571
1 0.1648148148148148 0.5017857142857143 0.0962962962962963 0.06785714285714285
1 0.07037037037037037 0.5116071428571428 0.13703703703703704 0.10892857142857143
1 0.09444444444444444 0.6017857142857143 0.1111111111111111 0.06785714285714285
1 0.16018518518518518 0.6285714285714284 0.09074074074074075 0.10714285714285714
1 0.26296296296296295 0.6214285714285712 0.1111111111111111 0.09285714285714286
1 0.22777777777777777 0.7035714285714286 0.1111111111111111 0.08571428571428572
1 0.31481481481481477 0.6714285714285714 0.11851851851851855 0.08571428571428572
1 0.40185185185185185 0.5848214285714286 0.16666666666666663 0.06607142857142859
1 0.38796296296296295 0.6901785714285714 0.08333333333333331 0.10892857142857143
1 0.5759259259259261 0.6366071428571429 0.10740740740740741 0.09464285714285714
1 0.49537037037037035 0.6241071428571429 0.11296296296296296 0.08035714285714286
1 0.5990740740740739 0.775 0.06851851851851852 0.17142857142857143
1 0.799074074074074 0.7714285714285715 0.12407407407407404 0.12142857142857143
1 0.6490740740740741 0.7464285714285717 0.07592592592592591 0.16428571428571426
1 0.7175925925925926 0.7473214285714287 0.053703703703703705 0.15892857142857142
1 0.3851851851851852 0.8660714285714285 0.14074074074074075 0.1392857142857143
1 0.2972222222222222 0.7785714285714286 0.11666666666666665 0.10714285714285714
1 0.1537037037037037 0.8321428571428571 0.13333333333333333 0.14285714285714282
1 0.2416666666666667 0.9410714285714286 0.11296296296296296 0.11785714285714283
1 0.34074074074074073 0.938392857142857 0.12222222222222222 0.09821428571428571
