0 0.6630952380952382 0.07142857142857142 0.24523809523809526 0.08928571428571429
0 0.5690476190476192 0.1160714285714285 0.21428571428571416 0.09285714285714283
0 0.7000000000000001 0.16339285714285706 0.22857142857142837 0.10892857142857135
0 0.4773809523809524 0.18124999999999997 0.16428571428571423 0.09107142857142855
0 0.7535714285714288 0.2973214285714286 0.22142857142857142 0.07678571428571429
0 0.6619047619047618 0.35089285714285723 0.19047619047619044 0.09107142857142836
0 0.49880952380952376 0.3830357142857143 0.22142857142857145 0.14464285714285718
0 0.5845238095238097 0.29285714285714304 0.2738095238095238 0.12857142857142867
0 0.645003274891038 0.5535083219982501 0.20952380952380945 0.09285714285714303
0 0.7928571428571426 0.4910714285714286 0.2 0.08928571428571429
0 0.8976190476190475 0.5607142857142858 0.2047619047619048 0.1107142857142858
0 0.719047619047619 0.5714285714285716 0.22857142857142856 0.10714285714285714
0 0.7999999999999999 0.6383928571428572 0.25714285714285706 0.10178571428571428
0 0.6333333333333333 0.6151785714285715 0.15238095238095237 0.10178571428571428
0 0.6690476190476191 0.7794642857142857 0.29999999999999993 0.12321428571428539
0 0.41414468118009756 0.7007985763416561 0.1761904761904761 0.10000000000000027
0 0.48809523809523814 0.7383928571428569 0.19523809523809516 0.09107142857142854
0 0.4428571428571429 0.7964285714285715 0.22380952380952387 0.1
0 0.788095238095238 0.7999999999999999 0.2619047619047619 0.13214285714285717
0 0.9119047619047622 0.9419642857142857 0.15714285714285714 0.06607142857142859
0 0.9130952380952382 0.9803571428571429 0.17380952380952375 0.039285714285714285
0 0.30238095238095236 0.9053571428571429 0.2761904761904762 0.13928571428571415
