2 0.29460847240051347 0.17329910141206675 0.14505776636713735 0.10783055198973042
2 0.46020539152759954 0.03530166880616175 0.06290115532734275 0.04749679075738125
2 0.4306803594351733 0.14313222079589216 0.057766367137355584 0.052631578947368425
2 0.3883183568677792 0.16495507060333758 0.05006418485237484 0.024390243902439025
2 0.3818998716302954 0.13157894736842107 0.021822849807445442 0.03209242618741977
2 0.34210526315789475 0.12195121951219512 0.037227214377406934 0.043645699614890884
2 0.4178433889602053 0.22721437740693198 0.04749679075738125 0.038510911424903725
2 0.3812580231065467 0.22207958921694476 0.04621309370988448 0.038510911424903725
2 0.3299101412066752 0.279204107830552 0.05648267008985879 0.08087291399229782
2 0.2830551989730424 0.2734274711168164 0.0680359435173299 0.07958921694480103
2 0.3369704749679076 0.23940949935815148 0.052631578947368425 0.04492939666238769
2 0.21694480102695762 0.25417201540436457 0.051347881899871634 0.05648267008985879
2 0.15468549422336328 0.24775353016688062 0.09370988446726573 0.06161745827984597
2 0.2233632862644416 0.38382541720154045 0.08985879332477538 0.05648267008985879
2 0.13543003851091143 0.38125802310654694 0.06546854942233633 0.06161745827984597
2 0.052631578947368425 0.3543003851091142 0.10526315789473685 0.08472400513478819
2 0.026315789473684213 0.22913992297817715 0.052631578947368425 0.06033376123234916
2 0.0693196405648267 0.2471116816431322 0.07188703465982028 0.09627727856225927
2 0.0969191270860077 0.37676508344030807 0.055198973042362 0.07060333761232349
2 0.009898415646457805 0.6202657501044623 0.01781714816362405 0.01633238581665541
2 0.03637667750073243 0.6467440119587369 0.023261276769175842 0.016827306598978332
2 0.07077367187217329 0.6460016307852525 0.03167493006866497 0.017322227381301118
2 0.08438399338605276 0.6289268637951129 0.026230801463113185 0.014847623469686686
2 0.10022145842038527 0.6442694080471223 0.024251118333821625 0.023756197551498714
2 0.594399859569791 0.6932665654970884 0.016827306598978263 0.016827306598978332
2 0.6132068492980609 0.6930191051059272 0.020786672857561427 0.019301910510592626
2 0.5968744634814054 0.7543892821139653 0.02276635598685293 0.01633238581665548
2 0.6208781214240657 0.7558740444609342 0.01633238581665533 0.01633238581665533
2 0.6265697104207788 0.7425111833382162 0.017817148163624053 0.01633238581665533
2 0.6374579676318826 0.7454807080321534 0.023756197551498714 0.01633238581665533
2 0.646119081322533 0.7632978561957776 0.011383177993426466 0.012373019558072178
2 0.6384478091965282 0.7635453165869387 0.011878098775749324 0.011878098775749324
2 0.6149390720361909 0.7863116725737919 0.02623080146311323 0.020786672857561347
2 0.6042982752162489 0.7801251627947557 0.0247460391161445 0.015342544252009618
2 0.7084790998952171 0.7798777024035943 0.02029175207523849 0.022766355986853063
2 0.6775465510000366 0.7709691283217823 0.02573588068079037 0.015837465034332476
2 0.6857127439083642 0.7806200835770783 0.01930191051059277 0.020291752075238347
2 0.6708651204386775 0.8028915187816088 0.019301910510592626 0.02227143520453007
2 0.6547801950131837 0.8041288207374161 0.026725722245436078 0.025735880680790225
2 0.6589870216629282 0.816996761077811 0.029200326157050514 0.02276635598685293
2 0.6951162387724992 0.8122950136457436 0.027220643027758937 0.020291752075238347
2 0.7156554512388993 0.8093254889518063 0.026725722245436078 0.02326127676917579
2 0.7230792629737425 0.7971999297848953 0.026725722245436078 0.029695246939373372
2 0.8334465974317469 0.8632718542250014 0.02276635598685293 0.02326127676917579
1 0.5162149352793749 0.28457944983566175 0.01237301955807225 0.010888257211103565
1 0.5310625587490616 0.2778980192743028 0.013362861122718039 0.010393336428780714
1 0.5176996976263435 0.2694843659748136 0.010393336428780674 0.007423811734843343
1 0.5335371626606762 0.2667623016720378 0.011383177993426466 0.009898415646457815
1 0.525123509361187 0.26354531658693897 0.010393336428780747 0.01237301955807225
1 0.5379914497015822 0.25141975742002814 0.01237301955807225 0.00890857408181199
1 0.526855732099317 0.2501824554642209 0.0108882572111036 0.0054441286055518
1 0.5486322465215242 0.24077896060008605 0.0217765144222072 0.010393336428780714
1 0.5325473210960303 0.23632467355918008 0.017322227381301195 0.013362861122718001
1 0.5553136770828833 0.22073466891600899 0.015342544252009618 0.02276635598685296
1 0.5352693853988062 0.21628038187510296 0.016827306598978263 0.021776514422207172
1 0.554076375127076 0.19623609019102595 0.02870540537472766 0.01633238581665541
1 0.5783274934608975 0.18262576867714647 0.011878098775749392 0.017817148163624053
1 0.5543238355182375 0.18114100633017782 0.014352702687363756 0.0108882572111036
1 0.5545712959093988 0.1700052887279128 0.01979683129291563 0.01237301955807225
1 0.5914428941924542 0.15194068017312728 0.02326127676917579 0.027715563810081847
1 0.5587781225591435 0.1482287743057056 0.03315969241563367 0.0301901677216963
1 0.5518492316066229 0.11704876501936351 0.04602763275602884 0.035139375544925196
1 0.620890680740666 0.13585575474763334 0.04454287040906014 0.035139375544925196
1 0.5751105083757988 0.0883433596446359 0.03612921710957096 0.027220643027758968
1 0.584019082457611 0.07176351343681907 0.04998699901461188 0.028705405374727613
1 0.6293043340401553 0.025240959898467398 0.01979683129291563 0.03266477163331075
1 0.6505859276800396 0.04281064767092999 0.023756197551498784 0.036129217109570975
1 0.6238602054346036 0.09205526551205756 0.04256318727976857 0.04454287040906012
