2 0.7195909580193757 0.6203319502074689 0.04843918191603876 0.03734439834024896
2 0.6076426264800862 0.8801867219917012 0.03336921420882669 0.034232365145228226
2 0.48708288482238976 0.845954356846473 0.03336921420882669 0.044605809128630707
2 0.7578040904198062 0.6789419087136928 0.03013993541442411 0.038381742738589214
2 0.721205597416577 0.6685684647302902 0.0193756727664155 0.015560165975103735
2 0.7303552206673843 0.6846473029045644 0.024757804090419805 0.020746887966804975
2 0.6932185145317545 0.6784232365145229 0.02798708288482239 0.022821576763485476
2 0.6291711517761033 0.7059128630705394 0.022604951560818085 0.013485477178423237
2 0.664693218514532 0.6960580912863071 0.018299246501614644 0.01867219917012448
2 0.558665231431647 0.3288381742738589 0.03659849300322929 0.03112033195020747
2 0.5425188374596339 0.27334024896265563 0.023681377825618945 0.021784232365145227
2 0.5850376749192681 0.23236514522821575 0.031216361679224973 0.02904564315352697
1 0.3202368137782562 0.770746887966805 0.46178686759956944 0.24273858921161826
1 0.7793326157158235 0.5918049792531119 0.37244348762109797 0.4491701244813278
2 0.39827771797631867 0.4693983402489627 0.03229278794402583 0.034232365145228226
1 0.4682454251883745 0.47354771784232375 0.28417653390742736 0.30601659751037347
1 0.6318622174381054 0.2603734439834025 0.310010764262648 0.27593360995850624
1 0.8681377825618946 0.11721991701244812 0.2465016146393972 0.23443983402489624
1 0.934876210979548 0.3309128630705394 0.1302475780409042 0.21161825726141079
2 0.9085037674919267 0.3112033195020747 0.02798708288482239 0.01867219917012448
2 0.9483315392895587 0.3495850622406639 0.015069967707212055 0.022821576763485476
2 0.9391819160387515 0.36358921161825725 0.022604951560818085 0.019709543568464726
2 0.9827771797631865 0.4756224066390042 0.0193756727664155 0.028008298755186723
2 0.6539289558665231 0.8853734439834026 0.031216361679224973 0.028008298755186723
1 0.732508073196986 0.8786307053941909 0.34768568353067814 0.24273858921161826
