2 0.256353591160221 0.502020202020202 0.2011049723756906 0.16161616161616166
2 0.09668508287292818 0.5757575757575758 0.1270718232044199 0.11515151515151516
2 0.112707182320442 0.7373737373737373 0.112707182320442 0.11515151515151516
2 0.08176795580110496 0.7954545454545454 0.112707182320442 0.10404040404040404
2 0.22707182320441985 0.6944444444444445 0.15359116022099448 0.12020202020202021
2 0.3381215469613259 0.7156565656565657 0.08397790055248619 0.10202020202020202
2 0.287292817679558 0.8919191919191918 0.11049723756906077 0.13737373737373737
2 0.5624309392265192 0.8924242424242425 0.13922651933701657 0.12020202020202021
2 0.5209944751381215 0.9414141414141411 0.09834254143646412 0.09494949494949495
2 0.5889502762430939 0.8388888888888889 0.13038674033149172 0.11818181818181818
2 0.6375690607734806 0.793939393939394 0.0861878453038674 0.07474747474747473
2 0.7265193370165748 0.8449494949494949 0.14917127071823208 0.1505050505050505
2 0.8751381215469612 0.7565656565656567 0.13259668508287292 0.15757575757575754
2 0.8226519337016575 0.5590909090909091 0.15359116022099448 0.1646464646464646
2 0.518232044198895 0.43131313131313137 0.16574585635359113 0.13737373737373737
2 0.3110497237569061 0.41111111111111115 0.11160220994475138 0.14343434343434344
2 0.5314917127071825 0.2388888888888889 0.12154696132596696 0.11818181818181815
2 0.5016574585635359 0.2702020202020202 0.10165745856353592 0.13232323232323231
2 0.6425414364640882 0.25909090909090904 0.1138121546961326 0.14646464646464646
2 0.5861878453038674 0.11767676767676769 0.10718232044198896 0.1303030303030303
