1 0.3730297723292469 0.03016688061617458 0.04553415061295972 0.03209242618741977
1 0.4343257443082312 0.03016688061617458 0.03502626970227671 0.026957637997432605
1 0.4168126094570928 0.06739409499358151 0.04903677758318739 0.03209242618741977
1 0.47110332749562167 0.05969191270860077 0.03502626970227671 0.024390243902439025
1 0.45709281961471104 0.11681643132220797 0.04203152364273205 0.04621309370988448
1 0.5253940455341507 0.10783055198973042 0.04553415061295972 0.0410783055198973
1 0.500875656742557 0.18100128369704752 0.04203152364273205 0.043645699614890884
1 0.5577933450087565 0.1649550706033376 0.047285464098073555 0.04236200256739409
1 0.4781085814360771 0.2503209242618742 0.1330998248686515 0.059050064184852376
1 0.7197898423817862 0.16880616174582797 0.06654991243432574 0.06546854942233633
1 0.6830122591943959 0.24069319640564824 0.09106830122591944 0.03209242618741977
1 0.7215411558669003 0.25481386392811295 0.14010507880910683 0.09370988446726573
1 0.7618213660245183 0.30937098844672656 0.2521891418563923 0.14120667522464697
1 0.4334500875656742 0.34017971758664955 0.15586690017513136 0.059050064184852376
1 0.4746059544658494 0.3876765083440308 0.1330998248686515 0.030808729139922986
1 0.9168126094570929 0.4627727856225931 0.16637478108581438 0.052631578947368425
1 0.9474605954465849 0.39858793324775355 0.10507880910683012 0.07573812580231065
1 0.7416812609457092 0.4486521181001284 0.09632224168126094 0.07573812580231065
1 0.6243432574430823 0.45956354300385116 0.07180385288966726 0.059050064184852376
1 0.47197898423817863 0.4730423620025674 0.18739054290718038 0.11424903722721437
1 0.8957968476357269 0.576379974326059 0.2084063047285464 0.059050064184852376
1 0.691768826619965 0.5969191270860077 0.1190893169877408 0.10526315789473685
1 0.10070052539404553 0.6065468549422338 0.14185639229422067 0.0885750962772786
1 0.020140105078809104 0.5731707317073171 0.04028021015761821 0.06033376123234916
1 0.039404553415061286 0.7163029525032093 0.07880910683012257 0.06418485237483953
1 0.44395796847635727 0.6566110397946084 0.043782837127845885 0.11681643132220795
1 0.3318739054290718 0.706033376123235 0.159369527145359 0.10269576379974327
1 0.2723292469352014 0.7734274711168162 0.14886164623467601 0.08087291399229782
1 0.723292469352014 0.8774069319640566 0.33274956217162877 0.04492939666238769
1 0.6567425569176882 0.9293966623876766 0.1225919439579685 0.10012836970474968
1 0.6050788091068301 0.9768934531450578 0.09982486865148861 0.04621309370988448
1 0.4956217162872154 0.9518613607188704 0.09807355516637478 0.09627727856225927
1 0.4325744308231173 0.9589216944801028 0.07355516637478109 0.0410783055198973
1 0.318739054290718 0.9454428754813863 0.11558669001751314 0.06290115532734275
1 0.27408056042031526 0.8940949935815148 0.3450087565674256 0.06033376123234916
1 0.38966725043782835 0.8433889602053917 0.13835376532399296 0.05648267008985879
1 0.5446584938704029 0.7336328626444159 0.07005253940455342 0.12195121951219512
1 0.6532399299474606 0.7021822849807445 0.08756567425569177 0.08472400513478819
1 0.6996497373029773 0.7560975609756098 0.17688266199649738 0.10783055198973042
1 0.7232924693520141 0.8395378690629012 0.13660245183887912 0.0410783055198973
1 0.5245183887915936 0.8087291399229781 0.7548161120840631 0.38254172015404364
