0 0.06354300385109114 0.15532734274711169 0.026957637997432605 0.059050064184852376
2 0.70795892169448 0.24454428754813862 0.11681643132220795 0.09627727856225927
2 0.9229781771501925 0.26315789473684215 0.110397946084724 0.11810012836970475
2 0.8234916559691912 0.3087291399229782 0.10911424903722722 0.10911424903722722
2 0.7349165596919127 0.33119383825417203 0.1399229781771502 0.12066752246469832
2 0.641206675224647 0.3613607188703466 0.07060333761232349 0.09370988446726573
2 0.684852374839538 0.43709884467265714 0.14505776636713735 0.11681643132220795
2 0.8581514762516048 0.44030808729139936 0.12195121951219512 0.12323491655969195
2 0.9184852374839538 0.3478818998716303 0.1399229781771502 0.1514762516046213
2 0.18292682926829268 0.7753530166880614 0.09370988446726573 0.07702182284980745
2 0.2496790757381258 0.7804878048780489 0.08344030808729143 0.0693196405648267
2 0.14441591784338897 0.7394094993581513 0.08344030808729143 0.08985879332477538
2 0.06418485237483953 0.6700898587933247 0.10783055198973042 0.08729139922978177
2 0.05712451861360719 0.7406931964056482 0.09370988446726573 0.10269576379974327
2 0.1482670089858793 0.8575096277278562 0.10397946084724005 0.10783055198973042
2 0.09948652118100128 0.9441591784338895 0.12965340179717585 0.10397946084724005
2 0.23748395378690632 0.9602053915275995 0.10012836970474968 0.06675224646983312
2 0.2920410783055199 0.9801026957637997 0.10654685494223363 0.037227214377406934
1 0.08151476251604621 0.16367137355584085 0.11938382541720154 0.1399229781771502
1 0.18035943517329908 0.06546854942233633 0.15275994865211806 0.0949935815147625
1 0.17008985879332475 0.16238767650834404 0.13735558408215662 0.09114249037227214
1 0.251604621309371 0.1360718870346598 0.07702182284980745 0.1463414634146341
2 0.5829884476409818 0.6106822840467554 0.017997119357195956 0.020246759276845494
2 0.6356300217607801 0.6644486781263784 0.017997119357195956 0.011698127582177491
2 0.6279812460339715 0.6993180968809457 0.01889697532505583 0.020246759276845563
2 0.5359709733203072 0.6945938530496817 0.014847623469686759 0.012597983550037219
2 0.5760145638900682 0.7038173767202447 0.013947767501826958 0.010348343630387679
2 0.5548679486453629 0.7191149281738614 0.008548631694668152 0.009448487662527951
2 0.5359709733203072 0.7312629837399685 0.010348343630387679 0.009448487662527951
2 0.5213483138425853 0.7393616874507069 0.01439769548575675 0.013947767501826884
2 0.5411451451355009 0.7724313942695545 0.017097263389336155 0.017097263389336155
2 0.5314716934810082 0.8171992286705795 0.029245318955443435 0.02744560701972398
2 0.5643164363078909 0.845769655650128 0.019346903308985693 0.013497839517897094
2 0.6378796616804295 0.8077507410080514 0.021596543228635162 0.018447047341125965
2 0.6651003047081884 0.7236142080131603 0.015747479437546414 0.015747479437546487
2 0.6459783653911677 0.7146156483345623 0.015297551453616625 0.013047911533967161
2 0.6198825423232335 0.6052831482395966 0.016197407421476427 0.014847623469686686
2 0.6619508088206791 0.6111322120306852 0.01664733540540629 0.013947767501826884
2 0.6873717399127186 0.6140567439262297 0.015297551453616547 0.014397695485756822
2 0.7035691473341948 0.6657984620781682 0.021596543228635242 0.016197407421476427
2 0.689621379832368 0.6770466616764156 0.013497839517896949 0.017097263389336155
2 0.7352890702012529 0.6880698972826984 0.013947767501826884 0.015747479437546487
2 0.7004196514466855 0.774006142213309 0.014397695485756822 0.018447047341125965
2 0.6615008808367492 0.8001019652812432 0.015747479437546414 0.016647335405406364
2 0.6536271411179758 0.8048262091125072 0.017997119357195956 0.018896975325055757
2 0.6758985763225059 0.8158494447187898 0.014847623469686759 0.0229463271804249
2 0.7067186432217043 0.8057260650803671 0.01979683129291563 0.01979683129291563
2 0.729889934394094 0.8266477163331075 0.02834546298758371 0.0229463271804249
2 0.7629596412129416 0.8131498768152104 0.013497839517897094 0.012148055566107424
2 0.7526112975825541 0.788403837699066 0.015297551453616547 0.017547191373266092
2 0.7847811484335417 0.6840205454273289 0.013947767501826884 0.014847623469686759
2 0.6392294456322192 0.8493690795215673 0.016197407421476427 0.014397695485756676
2 0.6288811020018316 0.8257478603652476 0.015297551453616547 0.011248199598247554
2 0.6527272851501162 0.8207986525420188 0.017097263389336155 0.015747479437546487
2 0.5447445690069401 0.6293542953798462 0.013497839517896949 0.014397695485756822
2 0.6286561380098666 0.6430770988897082 0.011248199598247481 0.013047911533967086
2 0.5926618992954744 0.737561975514987 0.018447047341125893 0.016647335405406364
2 0.5868128355043858 0.8291223202447218 0.007648775726808273 0.008098703710738137
1 0.5888375114320703 0.8421702317786887 0.025195967100074438 0.017997119357196032
1 0.6066096667973014 0.8480192955697775 0.014847623469686759 0.013497839517896949
1 0.6072845587731963 0.8257478603652477 0.023396255164354837 0.017547191373266092
1 0.6664500886599781 0.7839045578597669 0.019346903308985766 0.017547191373266238
1 0.674998720354646 0.7398116154346366 0.02204647121256503 0.013047911533967161
1 0.6630756287805039 0.760283338703447 0.022496399196495032 0.022496399196494963
1 0.7217912306833558 0.733962551643548 0.02834546298758371 0.02834546298758371
1 0.7321395743137435 0.7215895320854757 0.016647335405406215 0.026095823067934173
1 0.757335541413818 0.7283384518444243 0.026545751051864106 0.024296111132214568
1 0.7737579128272594 0.7499349950730596 0.024296111132214703 0.017097263389336304
1 0.7150423109244076 0.6574747943754651 0.017547191373266092 0.026545751051864033
1 0.690071307816298 0.6374529990905845 0.025195967100074438 0.022496399196495032
1 0.6592512409170999 0.6212555916691079 0.012148055566107284 0.012597983550037219
1 0.6273063540580768 0.5971844445288582 0.018447047341125893 0.020246759276845494
1 0.617632902403584 0.7587085907596923 0.02699567903579397 0.0229463271804249
1 0.5676908961873651 0.7719814662856247 0.01889697532505583 0.011698127582177491
1 0.5386705412238865 0.6763717697005208 0.017547191373266092 0.015747479437546487
1 0.5526183087257135 0.6579247223593948 0.020246759276845563 0.017547191373266165
1 0.559817156468592 0.6226053756208977 0.012148055566107352 0.016197407421476354
1 0.6140334785321446 0.6534254425200959 0.017997119357195956 0.013947767501826884
1 0.658576348941205 0.6421772429218483 0.013497839517897021 0.021146615244705295
1 0.604135062885687 0.6057330762235265 0.018896975325055757 0.017547191373266092
1 0.6844472080171741 0.7839045578597669 0.015747479437546487 0.01844704734112582
1 0.6968202275752463 0.7528595269686036 0.015297551453616698 0.015747479437546487
1 0.685796991968964 0.715290540310457 0.015747479437546487 0.015297551453616698
1 0.5924369353035095 0.7841295218517318 0.01979683129291563 0.025195967100074438
1 0.5877126914722456 0.7618580866472017 0.015747479437546487 0.011248199598247554
1 0.6180828303875139 0.7382368674908819 0.022496399196494963 0.017097263389336304
1 0.6106590186526705 0.702017664784525 0.021146615244705295 0.020246759276845563
1 0.6608259888608545 0.6909944291782427 0.01979683129291563 0.021596543228635242
1 0.6545269970858358 0.6678231380058526 0.015297551453616547 0.018447047341125965
1 0.6066096667973014 0.6727723458290815 0.0229463271804249 0.01844704734112582
1 0.594686575223159 0.7092165125274035 0.011698127582177418 0.023846183148284766
1 0.5690406801391547 0.7191149281738611 0.020696687260775427 0.018447047341125965
1 0.5647663642918207 0.6851453653871539 0.0247460391161445 0.021596543228635242
