2 0.16077170418006437 0.2660633484162896 0.23472668810289396 0.11402714932126697
2 0.272508038585209 0.3375565610859729 0.08520900321543408 0.047058823529411764
2 0.05144694533762058 0.3076923076923077 0.10289389067524116 0.06153846153846154
2 0.15273311897106112 0.388235294117647 0.2926045016077171 0.11402714932126697
2 0.2508038585209003 0.4819004524886878 0.17041800643086816 0.09502262443438914
2 0.4011254019292605 0.3723981900452489 0.20739549839228297 0.16742081447963797
2 0.5755627009646302 0.3615384615384615 0.3086816720257235 0.10588235294117647
2 0.5168810289389068 0.4438914027149321 0.2684887459807073 0.10950226244343891
2 0.7138263665594856 0.4461538461538462 0.2700964630225081 0.1085972850678733
2 0.6077170418006431 0.5262443438914027 0.24115755627009652 0.11493212669683257
2 0.39710610932475887 0.5552036199095022 0.3504823151125402 0.1583710407239819
2 0.3127009646302251 0.6990950226244343 0.3167202572347267 0.14027149321266968
2 0.687299035369775 0.7199095022624435 0.2942122186495177 0.08778280542986425
2 0.79983922829582 0.7733031674208144 0.2652733118971061 0.1493212669683258
