1 0.9392207110725909 0.9345354783381997 0.01755846124569597 0.006748919758948621
1 0.9213245871106315 0.9327357664024798 0.007428579757794504 0.0058490637910887456
1 0.9081557411763597 0.9295862705149706 0.01080520692042829 0.006748919758948474
1 0.894311569809561 0.9291363425310408 0.01283118321800854 0.009448487662527951
1 0.8875583154842933 0.9136138270854594 0.015532484948115608 0.008098703710738288
1 0.9118700310552569 0.919237926884583 0.008779230622847928 0.009448487662527805
1 0.8645972507783832 0.9185630349086883 0.014181834083062075 0.006298991775018681
1 0.848727103114004 0.919237926884583 0.01080520692042829 0.008548631694668078
1 0.8331946181658882 0.9478083538641315 0.025662366436017187 0.011698127582177491
1 0.8078699144461348 0.9471334618882367 0.033090946193811574 0.01844704734112582
1 0.9233505634082119 0.8632218928853105 0.027688342733597437 0.010798271614317467
1 0.9027531377161455 0.8733452725237332 0.018909112110749506 0.007648775726808349
1 0.8669608897922267 0.8803191562746465 0.012155857785481828 0.008098703710738288
1 0.84332449965379 0.8674962087326444 0.02161041384085658 0.014847623469686759
1 0.8629089371970663 0.8632218928853108 0.01080520692042818 0.009898415646457742
1 0.7697140275083725 0.8447748455441844 0.012155857785481828 0.006298991775018536
1 0.7714023410896891 0.837351033809341 0.006077928892740968 0.004949207823229017
1 0.7538438798439931 0.8485992334075886 0.015532484948115608 0.008548631694668078
1 0.8169868077852459 0.8634468568772755 0.018909112110749398 0.016647335405406364
1 0.7687010393595821 0.9662554012052575 0.014181834083062183 0.006298991775018681
1 0.7619477850343145 0.9723294289883113 0.01283118321800854 0.013047911533967161
1 0.7589088205879441 0.9336356223703399 0.03781822422149891 0.03644416669832199
1 0.7383113948958776 0.9390347581774986 0.03984420051907926 0.04634258234477972
1 0.7811945598613274 0.8701957766362243 0.029714319031177796 0.04274315847334053
1 0.8754024576988114 0.8992161315997026 0.104675442041649 0.01979683129291563
1 0.8041556245672372 0.9217125307961976 0.047272780276873656 0.04049351855369099
1 0.7345971050169803 0.8753699484514176 0.05402603460214134 0.06209006178232623
1 0.6984671943767984 0.9192379268845831 0.020935088408329756 0.04634258234477972
1 0.6643632600341967 0.793483055376176 0.06212993979246255 0.03959366258583126
1 0.6549087039788217 0.7606383125492933 0.04727278027687377 0.026995679035793897
1 0.6167528170410594 0.7471404730313962 0.03444159705886512 0.04229323048941059
1 0.611012550864582 0.8137298146530213 0.040519525951605975 0.06568948565376542
1 0.5522592382347532 0.8128299586851628 0.02971431903117781 0.06568948565376523
1 0.5603631434250744 0.7527645728305198 0.033766271626338405 0.04724243831263961
1 0.5755579656569267 0.7518647168626604 0.03849354965402562 0.04184330250548067
1 0.5245708955011557 0.7950578033199305 0.06888319411773029 0.02744560701972383
1 0.5755579656569267 0.797982335215475 0.035792247923918656 0.04679251032870967
1 0.2983368756046888 0.9608562653981026 0.022961064705909955 0.04769236629657128
1 0.3239992420407058 0.9475833898721667 0.022961064705910115 0.0247460391161445
1 0.34392134230024546 0.9482582818480614 0.018233786678222688 0.0287953909715135
1 0.2925966094282112 0.9309360544667604 0.031740295328758036 0.03194488685902277
1 0.3530382356393568 0.9250869906756718 0.07968840103815852 0.02204647121256503
1 0.3506745966255132 0.8348764298977267 0.03984420051907926 0.041393374521550855
1 0.3898434717120656 0.8371260698173763 0.035792247923918656 0.06478962968590554
1 0.432388973961252 0.8436500255843598 0.052000058304561086 0.05534114202337775
1 0.47831110337307214 0.8485992334075888 0.04389615311423987 0.06343984573411589
1 0.36620708157362886 0.7928081634002809 0.09387023512122065 0.02834546298758371
1 0.4209084416082969 0.766262412348417 0.031740295328758036 0.04814229428049935
1 0.4431941808816803 0.7961826232797552 0.08306502820079231 0.035994238714392064
1 0.9219999125431585 0.743316085167992 0.0560520108997217 0.14532673880935773
1 0.46683057102011716 0.6792013474579812 0.03849354965402572 0.06298991775018603
1 0.4117915482691856 0.684375519273175 0.052675383737087855 0.04724243831263961
1 0.3709343596013162 0.6976483947991072 0.031740295328758036 0.05129179016800859
1 0.3243369047569693 0.7140707662125485 0.035792247923918656 0.04634258234477972
1 0.2655835921271405 0.6947238629035627 0.05740266176477524 0.03554431073046212
1 0.39322009887469955 0.6474814245909232 0.027688342733597437 0.027445607019723907
1 0.4310383230961985 0.6414073968078695 0.03579224792391871 0.05039193420014881
1 0.5117397122831472 0.6510808484623624 0.043220827681713106 0.04454287040906014
1 0.973662308131456 0.6699778237874183 0.04322082768171294 0.04634258234477972
1 0.8146231687714024 0.6830257353213852 0.11818195069218423 0.05174171815193853
1 0.867973877941017 0.6605293361248903 0.10872739463680951 0.03644416669832185
1 0.7622854477505778 0.634433513056956 0.08644165536342632 0.04094344653762085
1 0.8571686710205888 0.6252099893863932 0.0452468039792934 0.04229323048941059
1 0.841636186072473 0.6074378340211621 0.0938702351212206 0.0247460391161445
1 0.9334804448961136 0.5329747526807637 0.10737674377175606 0.12058069969321324
1 0.5613761315738646 0.6006889142622135 0.0520000583045612 0.06883898154127477
1 0.6076359237019482 0.5959646704309498 0.031064969896231216 0.05759078194302714
1 0.6488307750860808 0.5937150305113003 0.044571478546766595 0.049492078232289
1 0.6971165435117448 0.5743681272023144 0.11277934723196999 0.026095823067934242
1 0.4982332036326118 0.5939399945032651 0.043220827681713106 0.06613941363769536
1 0.4377915774214662 0.5916903545836155 0.0560520108997217 0.06523955766983557
1 0.3023888281998493 0.5426482043352564 0.08644165536342627 0.05084186218407867
1 0.43272663667751543 0.5345495006245182 0.03781822422149896 0.04724243831263953
1 0.47662278979175526 0.5316249687289738 0.040519525951605975 0.05669092597516748
1 0.5698176994804492 0.5307251127611142 0.03511692249139196 0.0764877572680828
1 0.6295840002590682 0.5397236724397121 0.031740295328758036 0.0467925103287096
1 0.5245708955011557 0.5296002928012894 0.051324732872034276 0.06433970170197577
1 0.8264413638406211 0.5417483483673968 0.09184425882364046 0.08323667702703155
1 0.1950099723673261 0.8079049565375402 0.11485249906296505 0.08927238534354992
1 0.227312237728785 0.7341755311421975 0.07896109310578844 0.08847531047441105
1 0.21175929514734182 0.7604790018237793 0.09331765548865911 0.05978061518541281
1 0.11664706936082389 0.7748263494682781 0.11126335846724741 0.06934551361507893
1 0.10767421787152977 0.7150457342828652 0.12920906144583572 0.03746251884952536
1 0.13818191293512982 0.6728007662185069 0.09690679608437676 0.04543326754091376
1 0.2051792040551928 0.6464972955369253 0.11604887926153763 0.05818646544713522
1 0.23269594862236154 0.5620073594082085 0.046658827744329556 0.07253381309163424
1 0.164502277303726 0.5556307604550978 0.05622986933290999 0.07412796282991199
1 0.0699882416164944 0.5950859664774703 0.039480546552894256 0.08448993612871682
1 0.10528145747438467 0.5572249101933755 0.04306968714861192 0.08847531047441105
1 0.026320364368596163 0.5918976670009148 0.03589140595717659 0.10202558324977135
1 0.27756020606883214 0.501429669353657 0.05503348913433745 0.05499816597057988
1 0.23568689911879293 0.4743291238029363 0.0430696871486119 0.09485190942752171
1 0.18125160008374175 0.47432912380293635 0.06340815052434529 0.09485190942752178
1 0.11784344955939645 0.46595983767697846 0.07297919211292571 0.08767823560527227
1 0.06041720002791392 0.4524095649016182 0.04187330695003935 0.09246068482010518
1 0.04366787724789818 0.5078062683067678 0.08733575449579638 0.032680069634692326
1 0.685525853782073 0.47951011045233877 0.08135385350293363 0.028694695288998245
1 0.6939005151720806 0.534906813857488 0.06939005151720806 0.018332721990193392
1 0.7016769864628022 0.36911524107660965 0.1088705980701023 0.024709320943303976
1 0.27456925557240086 0.38864357537051114 0.07297919211292574 0.01434734764449905
1 0.21534843574305954 0.39223041228163597 0.040676926751466794 0.023115171205026312
1 0.23927603971451056 0.3587532677778048 0.03589140595717659 0.04383911780263602
1 0.27516744567168716 0.2953858156812672 0.033498645560031494 0.03825959371866422
1 0.24226699021094197 0.24277887431810388 0.04187330695003935 0.047824492148330296
1 0.18364436048088692 0.3475942196098611 0.05622986933290999 0.05340401623230212
1 0.1399764832329887 0.27346625677994907 0.10528145747438465 0.0629689146619682
1 0.049649778240760944 0.27426333164908795 0.08494299409865126 0.05340401623230215
1 0.06939005151720806 0.3368337088764868 0.13878010303441612 0.08608408586699452
1 0.3200317031181579 0.291400441335573 0.04426606734718445 0.028694695288998172
1 0.3529321585789031 0.27306771934537966 0.059819009928627674 0.028694695288998172
1 0.2715783050759695 0.24038764971068738 0.03349864556003143 0.04941864188660795
1 0.29849685954385197 0.2499525481403534 0.03469502575860403 0.04623034241005259
1 0.2410706100123694 0.2794443182984904 0.037087786155749126 0.025506395812442805
1 0.4289023011882602 0.3065448638492109 0.05144434853861976 0.05260694136316335
1 0.3960018457275149 0.3001682648961002 0.03589140595717659 0.05101279162488566
1 0.39001994473465224 0.25194523531320046 0.045462447545756984 0.04702741727919146
1 0.42950049128754647 0.24158326201439562 0.033498645560031494 0.05340401623230215
1 0.46060637645043284 0.24317741175267327 0.052640728737192305 0.034274219372970066
1 0.47974845962759377 0.2826326177750457 0.06460453072291786 0.04463619267177492
1 0.5299964279676409 0.2567276845280335 0.09571041588580421 0.03268006963469233
1 0.47675750913116227 0.3380293211801951 0.015552942581443177 0.051809866494024526
1 0.5006851131026133 0.34081908322218096 0.015552942581443177 0.04941864188660792
1 0.5096579645919077 0.3416161580913198 0.016749322780015716 0.057389390577996344
1 0.5814407765062607 0.34440592013330573 0.023927603971451092 0.05340401623230218
1 0.6292959844491629 0.3778830646371369 0.038284166354321726 0.024709320943304046
1 0.6263050339527314 0.34639860730615285 0.05622986933290994 0.03985374345694189
1 0.6651873904063395 0.31252292536775217 0.09331765548865906 0.07731626230646729
1 0.7620941864907163 0.313320000236891 0.05264072873719236 0.07572211256818963
1 0.8117439647314771 0.3280658853159595 0.044266067347184496 0.07492503769905076
1 0.9074543806172813 0.37230354055316506 0.09929955648152183 0.05818646544713522
1 0.7232118300371083 0.4436417413410911 0.08015747330436113 0.03666544398038649
1 0.7896109310578849 0.5357038887266268 0.11245973866581999 0.05818646544713522
1 0.8189222459229123 0.4990384447462403 0.11365611886439247 0.04224496806435843
1 0.830886047908638 0.46755398741525617 0.11365611886439257 0.03825959371866422
1 0.8919014380358381 0.4468300408176464 0.18543893077874574 0.030288845027275836
1 0.9092489509151404 0.41414997118295405 0.16270770700586717 0.041447893195219555
1 0.8715629746601046 0.30654486384921087 0.05862262973005513 0.08130163665216145
1 0.7028733666613748 0.15789040075481756 0.04905158814147467 0.05978061518541285
1 0.7417557231149827 0.16944798635733074 0.07417557231149825 0.057389390577996365
1 0.5682805943219625 0.15549917614740105 0.02392760397145098 0.06934551361507892
1 0.5341837586626448 0.178215809917858 0.10647783767295721 0.025506395812442805
1 0.5186308160812017 0.2116929544216892 0.08255023370150612 0.03825959371866422
1 0.5760570656126842 0.21926516567850807 0.046658827744329584 0.0629689146619682
1 0.6203231329598686 0.21567832876738333 0.046658827744329584 0.05101279162488561
1 0.6292959844491628 0.17263628583388638 0.07896109310578839 0.022318096335887584
1 0.6215195131584411 0.145934277717735 0.0658009109214904 0.03108591989641469
1 0.5395674695562213 0.14633281515230442 0.0861393742972238 0.04941864188660797
1 0.7010787963635159 0.21009880468341147 0.1076742178715297 0.03825959371866422
1 0.7250064003349671 0.2563291470934641 0.13399458224012598 0.046230342410052624
1 0.8302878578093517 0.18259972169812158 0.045462447545756984 0.05978061518541285
1 0.8607955528729518 0.2045192805994396 0.08972851489294148 0.03507129424210887
1 0.7967892122493201 0.21408417902910568 0.06699729112006286 0.030288845027275836
1 0.8284932875114929 0.24038764971068732 0.11365611886439247 0.0414478931952196
1 0.9659900873440093 0.2750604065182268 0.06801982531198132 0.034274219372970025
1 0.9809448398261662 0.34958690678270815 0.03811032034766746 0.08608408586699452
1 0.9403548360780266 0.212490029290828 0.09331765548865906 0.0414478931952196
1 0.9242037033972972 0.17980995965613567 0.046658827744329584 0.041447893195219576
1 0.9146326618087166 0.2603145214391583 0.07776471290721594 0.03985374345694189
