1 0.7297074047264893 0.24021095358435707 0.10071243979913902 0.056104676690702224
1 0.8441533590436927 0.2871681286407057 0.040284975919655575 0.040249007191155935
1 0.5969500977185334 0.23655195293061565 0.07324541076301021 0.046347341614058325
1 0.4614460878069644 0.24691912144954972 0.051271787534107195 0.035370339652834
1 0.368973756718664 0.25545678964161317 0.05676519334133289 0.05732434357528268
1 0.5612429599715658 0.31948930108208856 0.056765193341332926 0.034150672768253544
1 0.5630740952406411 0.3755939777727907 0.08972562818468756 0.04634734161405838
1 0.587794421373157 0.43352815479036355 0.06592086968670917 0.040249007191155976
1 0.8899317407705742 0.42377081971371977 0.05859632861040822 0.05000634226779976
1 0.7480187574172419 0.4481641574053294 0.0677520049557844 0.057324343575282724
1 0.8203486005457143 0.48475416394274384 0.03296043484335455 0.03780967342199497
1 0.8789449291561227 0.5091475016343535 0.03662270538150514 0.0426883409603169
1 0.9219766079793912 0.5347605062105435 0.0677520049557844 0.0426883409603169
1 0.8661269822725959 0.5951340169972775 0.05493405807225764 0.046347341614058325
1 0.8981718494814125 0.6945368680905869 0.08606335764653704 0.07196034619024852
1 0.8029528154894996 0.7658873808385451 0.07141427549393498 0.05854401045986312
1 0.7059026462285111 0.7256383736473894 0.045778381726881465 0.04146867407573639
1 0.5475094454535014 0.6841696995716529 0.07690768130116071 0.05122600915238037
1 0.47517960232502876 0.6664845297452359 0.06775200495578447 0.05488500980612168
1 0.4403880322125989 0.5103671685189339 0.0677520049557844 0.0426883409603169
1 0.5172957135137597 0.47194766165464874 0.04944065226503189 0.02927200522993161
1 0.6994936727867476 0.5243933376916096 0.04760951699595662 0.039029340306575476
1 0.3305199160680836 0.36522680925385653 0.09705016926098847 0.05000634226779976
1 0.22248293519264353 0.41523315152165635 0.086063357646537 0.050006342267799854
1 0.3323510513371589 0.6048913520739214 0.06408973441763395 0.04878667538321935
1 0.2993906164938043 0.6731926976104284 0.06775200495578447 0.03902934030657538
1 0.4092587326383195 0.7055138700518112 0.05310292280318241 0.05244567603696077
1 0.49257538738124373 0.7201498726667769 0.06225859914855866 0.03537033965283405
1 0.5475094454535013 0.7805233834535109 0.09521903399191328 0.03902934030657538
1 0.218820664654493 0.725028540205099 0.10803698087544006 0.06220301111360464
1 0.10986811614451533 0.6902680339945553 0.05127178753410715 0.043908007844897415
1 0.16938001238946115 0.6280650228809506 0.06408973441763395 0.06098334422902414
1 0.054934058072257666 0.4030364826758515 0.0695831402248597 0.0426883409603169
1 0.4806730081322545 0.5109770019612243 0.9613460162645091 0.6195907773668852
