2 0.7475845410628018 0.7054298642533935 0.3671497584541063 0.2561085972850678
2 0.5030193236714975 0.8972850678733033 0.38526570048309167 0.18371040723981902
2 0.3134057971014493 0.7882352941176473 0.39492753623188404 0.22262443438914026
2 0.1636473429951691 0.6221719457013575 0.3272946859903382 0.2235294117647059
2 0.2445652173913043 0.5375565610859728 0.3200483091787439 0.16832579185520363
2 0.06642512077294685 0.4276018099547511 0.13285024154589373 0.14027149321266968
2 0.4094202898550725 0.40316742081447954 0.3961352657004831 0.20542986425339366
2 0.681159420289855 0.3027149321266968 0.4758454106280193 0.21085972850678733
2 0.7536231884057972 0.10180995475113122 0.4130434782608695 0.17466063348416289
1 0.445048309178744 0.6343891402714932 0.44323671497584544 0.29140271493212677
