1 0.6986006458557589 0.2518837459634015 0.19806243272335844 0.12701829924650163
1 0.7282023681377825 0.4381054897739504 0.10656620021528525 0.12055974165769644
1 0.6986006458557589 0.352529601722282 0.11194833153928956 0.0721205597416577
1 0.6103336921420882 0.40312163616792246 0.1442411194833154 0.16254036598493
1 0.7238966630785794 0.10118406889128095 0.1216361679224973 0.10333692142088267
1 0.7841765339074273 0.11463939720129171 0.17761033369214208 0.17115177610333693
1 0.5974165769644779 0.04790096878363832 0.1786867599569429 0.09580193756727665
1 0.5979547900968784 0.18891280947255112 0.1108719052744887 0.1302475780409042
0 0.5990312163616792 0.5522066738428418 0.1603875134553283 0.077502691065662
0 0.6905274488697525 0.5877287405812701 0.12594187298170076 0.06458557588805167
0 0.6442411194833154 0.6307857911733048 0.1905274488697524 0.09257265877287406
0 0.22551130247578044 0.6404736275565125 0.04628632938643703 0.06458557588805167
0 0.2804090419806243 0.6350914962325082 0.0398277717976319 0.05812701829924635
0 0.29278794402583447 0.6533907427341223 0.038751345532830744 0.06889128094725548
0 0.03229278794402583 0.5742734122712594 0.05166846071044134 0.0721205597416577
0 0.08234660925726586 0.6162540365984929 0.031216361679225032 0.05705059203444563
0 0.10979547900968781 0.5979547900968784 0.04090419806243271 0.05705059203444564
0 0.061894510226049526 0.6103336921420882 0.03552206673842842 0.05597416576964478
0 0.06996770721205597 0.6641550053821316 0.04305705059203444 0.0688912809472551
0 0.06620021528525295 0.6872981700753499 0.04843918191603876 0.07857911733046288
0 0.13347685683530677 0.675995694294941 0.04090419806243271 0.0581270182992465
0 0.1646932185145317 0.6926803013993541 0.03229278794402583 0.041980624327233575
0 0.1566200215285253 0.6555435952637245 0.03552206673842842 0.06027987082884822
0 0.12055974165769644 0.6555435952637242 0.02583423035522067 0.04736275565123789
0 0.10979547900968784 0.6959095801937569 0.038751345532831 0.06566200215285253
0 0.14155005382131325 0.7077502691065662 0.03336921420882669 0.05489773950484392
0 0.18998923573735196 0.6162540365984931 0.04413347685683532 0.061356297093649086
0 0.20775026910656622 0.6560818083961248 0.02798708288482239 0.061356297093649086
0 0.2255113024757804 0.6792249730893432 0.026910656620021525 0.05382131324004305
0 0.2518837459634015 0.6851453175457479 0.02798708288482239 0.05705059203444564
2 0.2847147470398278 0.09203444564047362 0.04413347685683532 0.03982777179763186
2 0.2696447793326157 0.04467168998923574 0.06350914962325081 0.03767491926803014
2 0.15123789020452097 0.05866523143164693 0.04628632938643703 0.04843918191603876
2 0.10602798708288481 0.03336921420882669 0.05059203444564048 0.04520990312163617
2 0.13509149623250807 0.18729817007534988 0.041980624327233575 0.04090419806243271
2 0.12055974165769644 0.09580193756727662 0.04736275565123789 0.02798708288482239
2 0.10925726587728743 0.05974165769644779 0.0527448869752422 0.016146393972012917
2 0.14800861141011842 0.03390742734122712 0.05059203444564048 0.0527448869752422
2 0.22497308934337998 0.07642626480086114 0.04090419806243271 0.03444564047362755
2 0.23842841765339073 0.11679224973089344 0.04628632938643703 0.03982777179763186
2 0.2341227125941873 0.1620021528525296 0.04413347685683532 0.031216361679224973
2 0.2432723358449946 0.20559741657696445 0.03013993541442411 0.03013993541442411
