0 0.1317365269461078 0.23242811501597443 0.2634730538922156 0.26996805111821087
0 0.1389221556886228 0.40495207667731625 0.2778443113772456 0.22523961661341854
0 0.1598802395209581 0.6006389776357828 0.2502994011976048 0.24600638977635783
0 0.19760479041916168 0.7340255591054313 0.22035928143712574 0.20287539936102233
0 0.37784431137724556 0.7356230031948882 0.19281437125748505 0.21565495207667731
0 0.3622754491017964 0.6078274760383386 0.2359281437125748 0.20926517571884978
0 0.3652694610778443 0.42492012779552724 0.25149700598802394 0.22044728434504798
0 0.36227544910179643 0.22364217252396165 0.3005988023952096 0.3194888178913738
0 0.6700598802395209 0.20607028753993611 0.32934131736526934 0.29073482428115016
0 0.6347305389221556 0.4009584664536741 0.23473053892215567 0.27156549520766765
0 0.5982035928143712 0.5886581469648562 0.21916167664670655 0.20926517571884978
0 0.5664670658682633 0.7484025559105432 0.2179640718562874 0.19648562300319491
0 0.7119760479041917 0.7579872204472844 0.2718562874251497 0.16773162939297126
0 0.7712574850299402 0.6158146964856231 0.26586826347305387 0.20287539936102233
0 0.8083832335329343 0.4744408945686901 0.26586826347305387 0.1597444089456869
0 0.8574850299401199 0.2955271565495208 0.2850299401197605 0.2875399361022365
