1 0.838095238095238 0.29374999999999996 0.223809523809524 0.08750000000000008
1 0.661904761904762 0.26607142857142857 0.09523809523809523 0.11785714285714283
1 0.5416666666666667 0.22321428571428573 0.10238095238095238 0.1392857142857143
1 0.4571428571428573 0.125 0.14285714285714288 0.10357142857142858
1 0.5261904761904761 0.048214285714285716 0.12857142857142853 0.08928571428571429
1 0.6821428571428572 0.36428571428571427 0.10714285714285714 0.125
1 0.588095238095238 0.36339285714285713 0.09047619047619047 0.09464285714285714
1 0.5107142857142857 0.38392857142857145 0.07380952380952381 0.11428571428571428
1 0.45238095238095244 0.2785714285714286 0.1380952380952381 0.1357142857142857
1 0.9119047619047619 0.5930357115609307 0.17619047619047623 0.13964285169328966
1 0.7226190476190476 0.4883928571428572 0.20714285714285716 0.10535714285714287
1 0.763095238095238 0.5678571428571425 0.19285714285714273 0.12142857142857175
1 0.65 0.617857142857143 0.1380952380952381 0.1392857142857143
1 0.5166666666666666 0.6285714285714288 0.1 0.15714285714285714
1 0.5583333333333333 0.47500000000000003 0.2119047619047619 0.08571428571428572
1 0.3916666666666666 0.6303571428571428 0.17380952380952375 0.14642857142857144
1 0.25476190476190474 0.475 0.1666666666666666 0.1
1 0.3952380952380952 0.4044642857142857 0.16190476190476188 0.10892857142857143
1 0.19285714285714284 0.39196428571428577 0.1666666666666666 0.10892857142857143
1 0.15357142857142855 0.5633928571428571 0.17857142857142858 0.15535714285714286
1 0.7535714285714284 0.81875 0.23095238095238094 0.08392857142857142
1 0.5238095238095238 0.7776785714285713 0.06666666666666667 0.09821428571428571
1 0.5964285714285714 0.78125 0.07380952380952381 0.10178571428571428
1 0.4345238095238094 0.7580357142857144 0.11190476190476194 0.10535714285714287
1 0.7404761904761903 0.9732142857142857 0.20476190476190476 0.05357142857142857
1 0.6642857142857143 0.9205357142857142 0.15238095238095237 0.07678571428571429
1 0.5333333333333333 0.8776785714285714 0.14285714285714288 0.08035714285714286
1 0.2416666666666666 0.27678571428571425 0.15476190476190477 0.14285714285714282
1 0.27380952380952384 0.16428571428571428 0.20476190476190476 0.10714285714285714
1 0.08809523809523809 0.06607142857142857 0.15714285714285714 0.1
1 0.355952380952381 0.033928571428571426 0.21666666666666667 0.05714285714285714
