0 0.15326633165829145 0.6092964824120604 0.12814070351758794 0.07788944723618091
0 0.17085427135678394 0.6664572864321608 0.21608040201005024 0.12437185929648241
0 0.24183417085427134 0.7870603015075375 0.14195979899497488 0.114321608040201
0 0.28391959798994976 0.8869346733668342 0.11306532663316583 0.09547738693467334
0 0.35238693467336685 0.9378140703517588 0.2650753768844221 0.12437185929648241
0 0.6055276381909545 0.7349246231155777 0.695979899497487 0.44472361809045213
0 0.3712311557788945 0.32097989949748745 0.7248743718592965 0.4761306532663317
0 0.7273869346733663 0.47550251256281406 0.5452261306532649 0.33542713567839205
0 0.8856783919597983 0.2361809045226127 0.2286432160804009 0.2512562814070349
0 0.6375628140703513 0.06909547738693475 0.26005025125628095 0.1381909547738695
0 0.6827889447236174 0.21168341708542743 0.3128140703517575 0.23241206030150782
