2 0.39005524861878454 0.906480117820324 0.055248618784530384 0.0780559646539028
2 0.4093922651933702 0.8460972017673046 0.06298342541436462 0.060382916053019146
2 0.4099447513812155 0.8203240058910163 0.046408839779005534 0.044182621502209134
2 0.38453038674033146 0.7835051546391754 0.041988950276243095 0.050073637702503684
2 0.14917127071823205 0.796759941089838 0.03977900552486187 0.07069219440353461
2 0.174585635359116 0.7761413843888072 0.046408839779005534 0.053019145802650956
2 0.2419889502762431 0.5684830633284242 0.06629834254143646 0.07363770250368189
2 0.25303867403314917 0.4808541973490427 0.05966850828729282 0.08689248895434462
2 0.305524861878453 0.5596465390279822 0.08729281767955803 0.08836524300441827
2 0.07513812154696133 0.36082474226804123 0.09502762430939227 0.10014727540500737
2 0.5823204419889504 0.7496318114874815 0.057458563535911604 0.050073637702503684
2 0.6154696132596684 0.7731958762886597 0.05303867403314917 0.07952871870397642
2 0.6392265193370165 0.7761413843888072 0.02541436464088398 0.061855670103092786
2 0.63646408839779 0.7268041237113403 0.030939226519337018 0.036818851251840944
2 0.6149171270718231 0.6804123711340206 0.04530386740331492 0.047128129602356406
2 0.6519337016574585 0.6907216494845361 0.03977900552486187 0.05596465390279825
2 0.6618784530386741 0.6575846833578792 0.057458563535911604 0.060382916053019146
2 0.6823204419889503 0.7444771723122239 0.03867403314917127 0.03976435935198821
2 0.7165745856353593 0.7430044182621502 0.040883977900552496 0.03976435935198821
2 0.6718232044198895 0.760677466863034 0.055248618784530384 0.045655375552282766
2 0.7027624309392263 0.7827687776141384 0.0441988950276243 0.042709867452135494
2 0.6767955801104975 0.7982326951399119 0.04972375690607735 0.04123711340206185
2 0.7740331491712706 0.7106038291605301 0.040883977900552496 0.05743740795287187
2 0.8022099447513813 0.6885125184094255 0.03535911602209946 0.05743740795287187
2 0.8165745856353591 0.6134020618556701 0.03756906077348066 0.07216494845360823
2 0.8353591160220994 0.491899852724595 0.046408839779005534 0.06774668630338733
2 0.7911602209944752 0.46980854197349053 0.046408839779005534 0.044182621502209134
2 0.7381215469613259 0.5861561119293078 0.06408839779005525 0.029455081001472747
2 0.7381215469613253 0.649484536082474 0.02872928176795579 0.04123711340206153
2 0.7740331491712708 0.6384388807069219 0.032044198895027624 0.04860088365243006
2 0.7740331491712706 0.5957290132547864 0.01878453038674033 0.042709867452135494
2 0.8624309392265194 0.32768777614138445 0.03867403314917127 0.042709867452135494
2 0.8337016574585634 0.35493372606774665 0.06519337016574586 0.04123711340206185
2 0.8795580110497236 0.29823269513991163 0.03977900552486187 0.05743740795287187
