1 0.6918001885014139 0.6972361809045226 0.16776625824693686 0.35427135678391947
1 0.2181903864278982 0.5194723618090452 0.09896324222431668 0.30025125628140703
1 0.2907634307257305 0.6124371859296482 0.11215834118755891 0.3630653266331658
1 0.4161168708765316 0.6708542713567839 0.11215834118755891 0.3391959798994975
1 0.43597258252524185 0.40758124343753915 0.3185673892554192 0.08417085427135702
1 0.4932269860403771 0.3028342322031018 0.07917059377945326 0.3253768844221122
1 0.5075400565504241 0.3863065326633166 0.10084825636192271 0.2776381909547739
1 0.82186616399623 0.3172110552763819 0.2657869934024506 0.1444723618090452
1 0.6795475966069744 0.242462311557789 0.12252591894439212 0.23366834170854273
1 0.6786050895381716 0.46356783919598 0.13949104618284638 0.2537688442211055
1 0.5612629594721961 0.3819095477386935 0.10273327049952875 0.24874371859296482
1 0.5306314797360979 0.635678391959799 0.1262959472196042 0.2562814070351759
