0 0.684931506849315 0.2721437740693197 0.1917808219178082 0.15661103979460847
0 0.6575342465753425 0.4390243902439025 0.18493150684931506 0.13093709884467267
0 0.6601027397260275 0.5975609756097561 0.1969178082191781 0.12708600770218229
0 0.4794520547945206 0.6572528883183568 0.2089041095890411 0.10783055198973042
0 0.648972602739726 0.8112965340179717 0.13356164383561644 0.09242618741976896
1 0.1660958904109589 0.4236200256739411 0.06506849315068493 0.05391527599486521
1 0.10702054794520548 0.45507060333761223 0.06335616438356165 0.055198973042362
1 0.18835616438356165 0.48587933247753534 0.05821917808219178 0.05006418485237484
1 0.24143835616438356 0.5821566110397945 0.07191780821917808 0.055198973042362
1 0.16523972602739725 0.5975609756097561 0.08047945205479452 0.055198973042362
1 0.09931506849315067 0.6392811296534018 0.07876712328767123 0.03594351732991014
1 0.08476027397260272 0.5969191270860077 0.056506849315068476 0.030808729139922986
1 0.024828767123287673 0.5667522464698331 0.04965753424657535 0.029525032092426188
1 0.023116438356164382 0.4653401797175867 0.04280821917808219 0.03979460847240052
1 0.0684931506849315 0.4974326059050064 0.04794520547945205 0.029525032092426188
1 0.04794520547945205 0.5282413350449295 0.06164383561643835 0.026957637997432605
1 0.15582191780821922 0.5314505776636714 0.0547945205479452 0.03594351732991014
