1 0.42544642857142856 0.45641838351822506 0.16517857142857142 0.23771790808240886
1 0.520982142857143 0.7416798732171156 0.2616071428571429 0.20602218700475436
1 0.46875 0.8985736925515055 0.24464285714285708 0.2028526148969889
1 0.2794642857142857 0.3185419968304279 0.15357142857142858 0.25356576862123614
1 0.2044642857142857 0.598256735340729 0.13035714285714287 0.20126782884310618
1 0.23616071428571428 0.7694136291600635 0.15089285714285713 0.19809825673534076
1 0.13169642857142858 0.7155309033280507 0.18839285714285714 0.18858954041204437
1 0.14642857142857146 0.3510301109350238 0.16964285714285715 0.14421553090332806
1 0.20669642857142856 0.4920760697305863 0.1455357142857143 0.18225039619651348
1 0.11473214285714282 0.8969889064976228 0.22946428571428565 0.1901743264659271
1 0.2419642857142857 0.13629160063391443 0.08571428571428572 0.196513470681458
