1 0.4629396984924622 0.42776381909547734 0.22738693467336685 0.27261306532663315
1 0.49120603015075376 0.19283919597989949 0.11055276381909548 0.27261306532663315
1 0.6260427530219632 0.26798131120116375 0.10175879396984921 0.3932160804020101
1 0.3674623115577889 0.28454773869346733 0.1494974874371859 0.2600502512562814
1 0.7582721668993929 0.22861064068283807 0.13567839195979886 0.33919597989949807
1 0.7211055276381909 0.6758793969849246 0.28391959798994976 0.21608040201005024
1 0.5087939698492462 0.8109296482412058 0.13316582914572864 0.3354271356783919
1 0.4170854271356784 0.8115577889447236 0.14572864321608037 0.30150753768844213
1 0.22424623115577882 0.6708542713567839 0.36055276381909535 0.12814070351758794
1 0.3316582914572865 0.7010050251256281 0.29396984924623115 0.10552763819095479
1 0.26507537688442206 0.5031407035175879 0.38190954773869334 0.14195979899497488
1 0.1708542713567839 0.4233668341708543 0.2185929648241206 0.1256281407035176
1 0.2204773869346734 0.3435929648241206 0.2399497487437186 0.19974874371859297
1 0.6871859296482412 0.4899497487437186 0.34924623115577885 0.17336683417085427
1 0.7432939135002841 0.3523779203093227 0.21231155778894434 0.09422110552763803
1 0.4861809045226131 0.5640703517587939 0.22110552763819097 0.20854271356783918
1 0.7834949185254096 0.40011661377665936 0.21231155778894434 0.09422110552763803
