0 0.3149078726968174 0.10113065326633167 0.2914572864321608 0.12437185929648241
0 0.4556113902847568 0.1959798994974874 0.2177554438860975 0.08793969849246228
0 0.4907872696817423 0.27135678391959794 0.1775544388609711 0.10301507537688437
0 0.6591289782244557 0.22424623115577885 0.28978224455611395 0.12939698492462307
0 0.768844221105528 0.19912060301507514 0.3283082077051923 0.13693467336683396
0 0.9137353433835846 0.04836683417085427 0.17252931323283083 0.059045226130653265
0 0.9078726968174197 0.04962311557788945 0.18425460636515809 0.0992462311557789
0 0.4246231155778894 0.32537688442211055 0.17922948073701842 0.10804020100502512
0 0.6457286432160804 0.3630653266331658 0.21608040201005024 0.09296482412060302
0 0.7914572864321604 0.34547738693467334 0.2696817420435515 0.10552763819095473
0 0.7219430485762147 0.42148241206030157 0.23785594639866 0.11432160804020096
0 0.6649916247906197 0.49497487437185894 0.20770519262981582 0.11557788944723618
0 0.7830820770519262 0.503140703517588 0.21273031825795644 0.09673366834170855
0 0.8961474036850912 0.43467336683417 0.20770519262981563 0.09045226130653272
0 0.49832495812395344 0.6092964824120599 0.22613065326633194 0.13065326633165822
0 0.5778894472361809 0.7091708542713566 0.2512562814070351 0.13190954773869346
0 0.6415410385259631 0.6388190954773869 0.21775544388609722 0.0992462311557789
0 0.7252931323283083 0.8341708542713568 0.2445561139028475 0.1306532663316583
0 0.5720268006700169 0.8718592964824117 0.19932998324958084 0.10552763819095466
0 0.6708542713567839 0.9265075376884422 0.2830820770519263 0.0992462311557789
0 0.5058626465661642 0.810929648241206 0.20100502512562815 0.12185929648241206
0 0.7730318257956448 0.6896984924623116 0.1624790619765495 0.10804020100502512
