1 0.9615384615384615 0.6895161290322582 0.06935687263556116 0.10887096774193548
1 0.8940731399747793 0.6764112903225805 0.07313997477931902 0.1391129032258064
1 0.8442622950819672 0.6461693548387099 0.044136191677175286 0.1471774193548387
1 0.8032786885245902 0.6078629032258065 0.06557377049180328 0.17540322580645162
1 0.721311475409836 0.5584677419354839 0.09836065573770492 0.20967741935483872
1 0.6387137452711223 0.5383064516129031 0.07944514501891552 0.0846774193548387
1 0.6380832282471627 0.3901209677419355 0.15132408575031522 0.20362903225806453
1 0.5107187894073141 0.2862903225806452 0.09079445145018916 0.1935483870967742
1 0.530264817150063 0.47681451612903225 0.05422446406052964 0.14314516129032262
1 0.5384615384615384 0.6925403225806451 0.10844892812105927 0.17943548387096775
1 0.4943253467843632 0.5241935483870968 0.1210592686002522 0.1975806451612903
1 0.43127364438839844 0.46875 0.0807061790668348 0.1633064516129032
1 0.4230769230769231 0.17540322580645162 0.07440100882723834 0.125
1 0.41172761664564944 0.03225806451612903 0.08196721311475408 0.06451612903225806
1 0.29129886506935687 0.11995967741935484 0.11601513240857503 0.15120967741935484
1 0.26670870113493067 0.5705645161290323 0.0617906683480454 0.1129032258064516
1 0.30580075662042877 0.4717741935483871 0.046658259773013876 0.07258064516129034
1 0.39596469104665827 0.8679435483870968 0.09331651954602775 0.11895161290322581
1 0.3549810844892812 0.7963709677419355 0.08953341740226983 0.12096774193548387
1 0.3253467843631779 0.7258064516129032 0.09079445145018916 0.12096774193548387
1 0.3108448928121059 0.6139112903225805 0.04918032786885246 0.10685483870967742
1 0.2837326607818411 0.6764112903225806 0.06809583858764187 0.09475806451612905
1 0.1664564943253468 0.4959677419354839 0.08575031525851198 0.1129032258064516
1 0.13114754098360654 0.5987903225806451 0.07818411097099622 0.17338709677419356
1 0.14627994955863807 0.09879032258064517 0.08827238335435057 0.1774193548387097
1 0.05926860025220681 0.1774193548387097 0.0807061790668348 0.1532258064516129
1 0.13682219419924338 0.26310483870967744 0.05422446406052964 0.07862903225806452
