1 0.7452830188679244 0.816582914572864 0.36878216123499136 0.22864321608040197
1 0.6346483704974271 0.9478643216080401 0.24013722126929676 0.10427135678391959
1 0.42452830188679247 0.699748743718593 0.27958833619210977 0.13819095477386933
1 0.13636363636363638 0.6136934673366835 0.2281303602058319 0.20728643216080403
1 0.8301886792452831 0.19912060301507534 0.2641509433962264 0.17713567839195973
1 0.7255574614065179 0.4076633165829146 0.3053173241852487 0.28517587939698497
1 0.29073756432247 0.08165829145728645 0.30017152658662094 0.1633165829145729
1 0.5617495711835335 0.14133165829145727 0.25214408233276164 0.2701005025125628
1 0.4356775300171527 0.4660804020100503 0.32246998284734135 0.2663316582914573
1 0.12006861063464838 0.23366834170854273 0.24013722126929676 0.24874371859296482
1 0.16466552315608918 0.45414572864321606 0.15437392795883362 0.16457286432160803
1 0.3850771869639794 0.30778894472361806 0.3481989708404803 0.34170854271356776
1 0.10377358490566038 0.10175879396984924 0.20411663807890223 0.1934673366834171
1 0.8610634648370499 0.3077889447236181 0.20240137221269297 0.135678391959799
