0 0.5851449275362319 0.2167420814479638 0.5084541062801933 0.281447963800905
0 0.5549516908212562 0.6104072398190046 0.37318840579710133 0.3375565610859729
0 0.4245169082125604 0.3968325791855204 0.18961352657004832 0.1076923076923077
0 0.6956521739130435 0.4592760180995475 0.37922705314009664 0.27782805429864255
0 0.8339371980676329 0.3040723981900452 0.2185990338164251 0.21357466063348415
0 0.32850241545893716 0.17104072398190046 0.31884057971014484 0.3420814479638009
0 0.6654589371980676 0.07692307692307693 0.4082125603864734 0.15384615384615385
0 0.19806763285024154 0.2873303167420814 0.391304347826087 0.16923076923076924
0 0.19323671497584546 0.40769230769230785 0.36714975845410636 0.23981900452488716
0 0.26690821256038644 0.5556561085972851 0.27294685990338163 0.2515837104072398
0 0.35326086956521735 0.7420814479638009 0.4359903381642512 0.2515837104072398
0 0.6346618357487922 0.8434389140271493 0.37077294685990336 0.17013574660633485
0 0.7614734299516909 0.6511312217194571 0.3007246376811594 0.18371040723981902
0 0.8810386473429952 0.7891402714932128 0.16545893719806762 0.16108597285067872
0 0.1147342995169082 0.6398190045248869 0.2294685990338164 0.2552036199095022
0 0.8858695652173914 0.4850678733031675 0.22826086956521738 0.20452488687782805
