2 0.0856353591160221 0.6428571428571429 0.10497237569060774 0.09867452135493374
2 0.26795580110497236 0.5095729013254785 0.06961325966850829 0.07363770250368189
2 0.2430939226519337 0.4432989690721649 0.06408839779005525 0.061855670103092786
2 0.29116022099447514 0.44108983799705453 0.09613259668508284 0.101620029455081
2 0.37569060773480667 0.09131075110456553 0.046408839779005534 0.06774668630338733
2 0.4132596685082872 0.13402061855670103 0.057458563535911604 0.047128129602356406
2 0.40386740331491716 0.1752577319587629 0.056353591160221 0.04123711340206185
2 0.5165745856353591 0.18998527245949925 0.04530386740331492 0.07658321060382917
2 0.5558011049723756 0.1892488954344625 0.05303867403314917 0.033873343151693665
2 0.5524861878453039 0.2371134020618557 0.028729281767955802 0.053019145802650956
2 0.574585635359116 0.25257731958762886 0.05082872928176796 0.0662739322533137
2 0.6127071823204421 0.30927835051546393 0.04530386740331492 0.05596465390279825
2 0.6088397790055248 0.23343151693667155 0.03314917127071823 0.0662739322533137
2 0.6392265193370166 0.22017673048600883 0.040883977900552496 0.036818851251840944
2 0.6745856353591161 0.21649484536082475 0.036464088397790057 0.05596465390279825
2 0.7077348066298341 0.1980854197349043 0.06298342541436462 0.027982326951399124
2 0.6353591160220994 0.2555228276877762 0.05966850828729282 0.033873343151693665
2 0.6541436464088397 0.28571428571428575 0.06850828729281767 0.053019145802650956
2 0.6812154696132598 0.333578792341679 0.04530386740331492 0.0515463917525773
2 0.7226519337016574 0.3483063328424153 0.030939226519337018 0.042709867452135494
2 0.7469613259668509 0.33726067746686306 0.03314917127071823 0.03240058910162003
2 0.7314917127071822 0.39911634756995584 0.0441988950276243 0.053019145802650956
2 0.7613259668508288 0.4005891016200295 0.03977900552486187 0.04123711340206185
2 0.7696132596685084 0.36156111929307805 0.04530386740331492 0.027982326951399124
2 0.8132596685082873 0.37702503681885124 0.046408839779005534 0.050073637702503684
2 0.808839779005525 0.31001472754050075 0.041988950276243095 0.045655375552282766
2 0.7696132596685084 0.28497790868924894 0.04530386740331492 0.0515463917525773
2 0.7171270718232046 0.2533136966126656 0.03977900552486187 0.03829160530191458
2 0.7292817679558011 0.227540500736377 0.046408839779005534 0.027982326951399124
2 0.7817679558011049 0.520618556701031 0.04972375690607735 0.045655375552282766
2 0.8314917127071821 0.5147275405007364 0.04751381215469613 0.0662739322533137
2 0.6834254143646409 0.5257731958762887 0.06077348066298342 0.050073637702503684
2 0.8171270718232043 0.6377025036818851 0.032044198895027624 0.035346097201767304
2 0.8591160220994475 0.6575846833578792 0.032044198895027624 0.045655375552282766
2 0.8845303867403316 0.6796759941089837 0.04972375690607735 0.0515463917525773
