1 0.06348074179743224 0.051989730423620026 0.07560627674750356 0.04749679075738125
1 0.07774607703281027 0.09563543003851095 0.029957203994293864 0.014120667522464698
1 0.10413694721825963 0.0840821566110398 0.05420827389443652 0.029525032092426188
1 0.1276747503566334 0.11296534017971759 0.03281027104136947 0.028241335044929396
1 0.09058487874465052 0.1097560975609756 0.02710413694721826 0.029525032092426188
1 0.09629101283880172 0.1508344030808729 0.03566333808844508 0.04236200256739409
1 0.15406562054208275 0.15853658536585366 0.034236804564907276 0.029525032092426188
1 0.12125534950071326 0.2073170731707317 0.0456490727532097 0.057766367137355584
1 0.17475035663338087 0.19576379974326058 0.047075606276747506 0.03465982028241335
1 0.144793152639087 0.27663671373555837 0.06134094151212554 0.04749679075738125
1 0.20185449358059912 0.25288831835686776 0.06134094151212554 0.06161745827984597
1 0.18473609129814553 0.34017971758664955 0.07560627674750356 0.06161745827984597
1 0.23751783166904425 0.33055198973042366 0.05563480741797434 0.06033376123234916
1 0.2945791726105564 0.3966623876765083 0.07275320970042796 0.051347881899871634
1 0.1861626248216833 0.4338896020539152 0.047075606276747506 0.04878048780487805
1 0.20399429386590587 0.3921694480102697 0.0456490727532097 0.04492939666238769
1 0.22539229671897296 0.43517329910141206 0.03138373751783167 0.025673940949935817
1 0.20613409415121253 0.48074454428754815 0.06134094151212554 0.037227214377406934
1 0.2717546362339515 0.4486521181001284 0.05563480741797434 0.04492939666238769
1 0.35378031383737507 0.4724005134788189 0.05420827389443652 0.05391527599486521
1 0.2995720399429387 0.4820282413350449 0.05135520684736092 0.05006418485237484
1 0.1840228245363766 0.5250320924261874 0.05420827389443652 0.04621309370988448
1 0.23537803138373753 0.5282413350449294 0.048502139800285324 0.03979460847240052
1 0.14122681883024252 0.6020539152759948 0.05991440798858773 0.04621309370988448
1 0.137660485021398 0.6373555840821566 0.058487874465049924 0.03979460847240052
1 0.19828815977175462 0.56803594351733 0.06276747503566334 0.03209242618741977
1 0.2560627674750357 0.5532734274711167 0.05563480741797434 0.030808729139922986
1 0.22967189728958626 0.5911424903722723 0.05991440798858773 0.03465982028241335
1 0.2225392296718973 0.6264441591784338 0.07132667617689016 0.04878048780487805
1 0.26961483594864477 0.6065468549422337 0.034236804564907276 0.03979460847240052
1 0.3159771754636234 0.6482670089858793 0.047075606276747506 0.04621309370988448
1 0.3338088445078459 0.686777920410783 0.042796005706134094 0.030808729139922986
1 0.25677603423680456 0.6732991014120667 0.06276747503566334 0.03209242618741977
1 0.2817403708987161 0.7079589216944804 0.03281027104136947 0.021822849807445442
1 0.21825962910128388 0.6996148908857509 0.07132667617689016 0.043645699614890884
1 0.2553495007132668 0.7772785622593067 0.06847360912981455 0.057766367137355584
1 0.3145506419400856 0.7702182284980745 0.044222539229671905 0.059050064184852376
1 0.33309557774607707 0.7265725288831834 0.044222539229671905 0.0410783055198973
1 0.32810271041369465 0.5256739409499358 0.05135520684736092 0.029525032092426188
1 0.38088445078459343 0.514762516046213 0.0456490727532097 0.04621309370988448
1 0.3708987161198288 0.5635430038510912 0.05135520684736092 0.0410783055198973
1 0.40727532097004276 0.5269576379974327 0.052781740370898715 0.04492939666238769
1 0.4008559201141227 0.6424903722721438 0.048502139800285324 0.03979460847240052
1 0.3908701854493581 0.5956354300385108 0.03708987161198289 0.04621309370988448
1 0.4714693295292438 0.4903722721437741 0.044222539229671905 0.0410783055198973
1 0.48573466476462207 0.5449293966623877 0.07275320970042796 0.03979460847240052
1 0.4443651925820258 0.5596919127086007 0.06419400855920114 0.043645699614890884
1 0.43009985734664774 0.5879332477535302 0.03566333808844508 0.043645699614890884
1 0.42082738944365194 0.7503209242618741 0.0456490727532097 0.03209242618741977
1 0.5078459343794579 0.8947368421052632 0.03138373751783167 0.01797175866495507
1 0.4679029957203994 0.883183568677792 0.06562054208273894 0.043645699614890884
1 0.5 0.9300385109114248 0.044222539229671905 0.03209242618741977
1 0.4686162624821683 0.9255455712451861 0.02710413694721826 0.02310654685494224
1 0.464336661911555 0.9544287548138639 0.07275320970042796 0.037227214377406934
1 0.5706134094151213 0.8254172015404364 0.042796005706134094 0.030808729139922986
1 0.5427960057061341 0.858793324775353 0.04136947218259629 0.043645699614890884
1 0.5912981455064193 0.8703465982028241 0.03566333808844508 0.03337612323491656
1 0.5656205420827389 0.9114249037227214 0.03851640513552069 0.03594351732991014
1 0.5663338088445078 0.7509627727856228 0.048502139800285324 0.0410783055198973
1 0.5164051355206848 0.6938382541720154 0.03708987161198289 0.04236200256739409
1 0.4750356633380884 0.6033376123234917 0.048502139800285324 0.03337612323491656
1 0.5206847360912981 0.49679075738125805 0.048502139800285324 0.04621309370988448
1 0.4251069900142652 0.6867779204107833 0.05135520684736092 0.0410783055198973
1 0.45863052781740377 0.6405648267008985 0.058487874465049924 0.043645699614890884
1 0.4536376604850214 0.7278562259306804 0.07703281027104138 0.06418485237483953
1 0.46861626248216837 0.6700898587933246 0.03281027104136947 0.01797175866495507
