2 0.3508982035928144 0.26118210862619806 0.09820359281437126 0.10383386581469649
2 0.3562874251497006 0.40335463258785936 0.08982035928143713 0.11661341853035143
2 0.8 0.4744408945686901 0.12215568862275449 0.11821086261980832
2 0.8317365269461078 0.38817891373801916 0.07305389221556886 0.11821086261980832
2 0.7449101796407186 0.3706070287539936 0.12455089820359282 0.12460063897763575
2 0.634131736526946 0.3019169329073483 0.13293413173652693 0.12140575079872201
2 0.34850299401197604 0.580670926517572 0.12455089820359282 0.13578274760383383
2 0.6520958083832334 0.6613418530351437 0.1281437125748503 0.13099041533546324
2 0.2323353293413174 0.6781150159744409 0.11497005988023952 0.12619808306709265
2 0.23772455089820357 0.6142172523961661 0.15449101796407186 0.09744408945686901
2 0.3808383233532935 0.7044728434504793 0.12934131736526946 0.11821086261980832
2 0.21257485029940124 0.7651757188498403 0.11137724550898204 0.0926517571884984
2 0.6976047904191617 0.7763578274760383 0.15928143712574852 0.11182108626198083
2 0.588622754491018 0.9065495207667732 0.11137724550898204 0.12619808306709265
2 0.6958083832335329 0.878594249201278 0.1437125748502994 0.134185303514377
2 0.2706586826347305 0.8498402555910544 0.13652694610778443 0.12140575079872201
2 0.5095808383233533 0.7356230031948882 0.09940119760479042 0.13578274760383383
2 0.5868263473053892 0.7907348242811502 0.14850299401197606 0.15335463258785942
