2 0.6311377245508981 0.3091054313099042 0.11736526946107784 0.17412140575079874
2 0.8317365269461078 0.3913738019169329 0.09940119760479042 0.10543130990415335
2 0.8155688622754491 0.4784345047923322 0.11497005988023952 0.11980830670926518
2 0.7526946107784431 0.3722044728434505 0.11616766467065869 0.14057507987220447
2 0.33712574850299404 0.2571884984025559 0.1281437125748503 0.0830670926517572
2 0.3532934131736527 0.40255591054313095 0.16766467065868262 0.08945686900958466
2 0.3461077844311377 0.5774760383386581 0.11976047904191617 0.15175718849840256
2 0.22814371257485025 0.6717252396166135 0.11377245508982035 0.14217252396166136
2 0.38143712574850297 0.7148562300319489 0.09461077844311377 0.11022364217252399
2 0.23532934131736524 0.6086261980830671 0.14251497005988026 0.07028753993610223
2 0.22455089820359284 0.7635782747603834 0.14011976047904193 0.07667731629392971
2 0.27425149700598805 0.8498402555910541 0.1508982035928144 0.14376996805111825
2 0.6389221556886229 0.6661341853035144 0.11616766467065869 0.10862619808306709
2 0.5856287425149701 0.8003194888178914 0.1389221556886228 0.17891373801916932
2 0.6928143712574851 0.7779552715654953 0.10658682634730539 0.09904153354632587
2 0.6928143712574852 0.8738019169329072 0.12095808383233533 0.16293929712460062
2 0.6047904191616768 0.9073482428115015 0.12455089820359282 0.1277955271565495
2 0.5065868263473055 0.7404153354632588 0.1389221556886228 0.11022364217252399
