2 0.5722222222222223 0.09563543003851091 0.11269841269841273 0.1116816431322208
2 0.4968253968253969 0.15019255455712452 0.09523809523809523 0.08729139922978177
2 0.6523809523809524 0.1277278562259307 0.07619047619047618 0.09370988446726573
2 0.4 0.4646983311938382 0.08253968253968252 0.04878048780487805
2 0.5015873015873016 0.46341463414634143 0.08253968253968252 0.06418485237483953
2 0.4222222222222222 0.5006418485237485 0.08571428571428572 0.05391527599486521
2 0.3825396825396825 0.4313222079589217 0.08253968253968252 0.04878048780487805
2 0.3412698412698413 0.6797175866495507 0.09206349206349207 0.04749679075738125
2 0.5333333333333333 0.79204107830552 0.07301587301587302 0.0410783055198973
2 0.4761904761904762 0.7939666238767653 0.06984126984126984 0.04236200256739409
2 0.38888888888888884 0.7580231065468547 0.012698412698412698 0.0012836970474967907
2 0.4015873015873016 0.7798459563543007 0.07301587301587302 0.057766367137355584
2 0.48095238095238096 0.7535301668806161 0.07619047619047618 0.030808729139922986
2 0.43095238095238103 0.8915275994865212 0.08412698412698413 0.037227214377406934
2 0.8468253968253968 0.7965340179717586 0.07142857142857144 0.05006418485237484
2 0.8269841269841269 0.751604621309371 0.07301587301587302 0.052631578947368425
2 0.8476190476190476 0.7137355584082157 0.05396825396825398 0.03594351732991014
2 0.8396825396825398 0.6611039794608472 0.050793650793650794 0.043645699614890884
2 0.8777777777777778 0.6797175866495508 0.047619047619047616 0.04236200256739409
