0 0.8047304730473046 0.23876765083440307 0.02750275027502751 0.03337612323491656
0 0.6743674367436744 0.2657252888318357 0.030803080308030802 0.030808729139922986
0 0.4515951595159516 0.22657252888318358 0.0165016501650165 0.01668806161745828
0 0.3657865786578659 0.24518613607188702 0.02750275027502751 0.02310654685494224
0 0.378987898789879 0.14249037227214376 0.0165016501650165 0.02053915275994865
0 0.3894389438943894 0.05327342747111682 0.019801980198019802 0.021822849807445442
0 0.3487348734873488 0.42426187419768946 0.0176017601760176 0.021822849807445442
0 0.3503850385038504 0.4910141206675225 0.02090209020902091 0.019255455712451863
0 0.21562156215621558 0.5089858793324775 0.0176017601760176 0.01668806161745828
0 0.3217821782178218 0.5898587933247752 0.025302530253025302 0.026957637997432605
0 0.2915291529152916 0.5494223363286265 0.0176017601760176 0.01797175866495507
0 0.2728272827282729 0.6014120667522465 0.026402640264026403 0.019255455712451863
0 0.21232123212321233 0.6116816431322207 0.0242024202420242 0.021822849807445442
0 0.26787678767876794 0.637997432605905 0.0165016501650165 0.015404364569961493
0 0.3118811881188119 0.6700898587933247 0.025302530253025302 0.025673940949935817
0 0.22497249724972498 0.6848523748395379 0.03410341034103411 0.026957637997432605
0 0.05665566556655665 0.5275994865211812 0.0319031903190319 0.025673940949935817
0 0.3404840484048405 0.7766367137355581 0.0187018701870187 0.02053915275994865
0 0.38943894389438943 0.741976893453145 0.022002200220022007 0.02053915275994865
0 0.4504950495049505 0.7252888318356865 0.0121012101210121 0.01797175866495507
0 0.48239823982398244 0.7458279845956355 0.0121012101210121 0.015404364569961493
0 0.43894389438943887 0.782413350449294 0.019801980198019802 0.01668806161745828
0 0.49944994499449946 0.8305519897304233 0.011001100110011004 0.02053915275994865
0 0.5330033003300331 0.7182284980744545 0.02090209020902091 0.021822849807445442
0 0.6034103410341034 0.7272143774069322 0.02090209020902091 0.01668806161745828
0 0.5313531353135312 0.5969191270860076 0.028602860286028604 0.02310654685494224
0 0.5044004400440044 0.6495507060333761 0.02090209020902091 0.02053915275994865
0 0.8025302530253025 0.378048780487805 0.025302530253025302 0.014120667522464698
0 0.8773377337733773 0.32349165596919127 0.014301430143014302 0.02310654685494224
0 0.5935093509350935 0.6014120667522466 0.0121012101210121 0.01668806161745828
1 0.7667766776677668 0.865211810012837 0.14301430143014301 0.18741976893453147
1 0.7640264026402641 0.7374839537869063 0.06490649064906492 0.055198973042362
1 0.7321232123212321 0.6713735558408217 0.0671067106710671 0.07702182284980745
1 0.6270627062706271 0.6912708600770219 0.08140814081408139 0.09114249037227214
1 0.7029702970297028 0.6078305519897305 0.061606160616061605 0.06546854942233633
1 0.7145214521452148 0.39281129653401786 0.0913091309130913 0.0693196405648267
1 0.6853685368536852 0.2721437740693196 0.08140814081408139 0.07702182284980745
1 0.8047304730473047 0.2471116816431323 0.06490649064906492 0.07060333761232349
1 0.8954895489548956 0.303594351732991 0.07920792079207921 0.10397946084724005
1 0.78987898789879 0.3517329910141207 0.0968096809680968 0.07445442875481387
1 0.743124312431243 0.27599486521181 0.04950495049504951 0.07702182284980745
1 0.5522552255225522 0.41848523748395366 0.0704070407040704 0.12066752246469832
1 0.526952695269527 0.7130937098844673 0.05500550055005502 0.1116816431322208
1 0.55005500550055 0.6116816431322207 0.11221122112211221 0.11424903722721437
1 0.41639163916391636 0.878048780487805 0.06050605060506051 0.0949935815147625
1 0.41199119911991205 0.7991014120667522 0.0583058305830583 0.0680359435173299
1 0.433993399339934 0.7214377406931963 0.06050605060506051 0.07445442875481387
1 0.4554455445544554 0.6489088575096277 0.05720572057205721 0.09370988446726573
1 0.444994499449945 0.5596919127086007 0.0671067106710671 0.110397946084724
1 0.35973597359735976 0.7291399229781771 0.0924092409240924 0.12066752246469832
1 0.26237623762376233 0.7034659820282413 0.0781078107810781 0.06161745827984597
1 0.3641364136413642 0.6116816431322207 0.0968096809680968 0.1116816431322208
1 0.28822882288228824 0.32477535301668803 0.10561056105610561 0.08472400513478819
1 0.18811881188118812 0.35815147625160465 0.11001100110011004 0.10012836970474968
1 0.28052805280528054 0.4127086007702182 0.0638063806380638 0.07317073170731705
1 0.09790979097909791 0.5917843388960204 0.1408140814081408 0.05391527599486521
1 0.2502750275027501 0.6091142490372272 0.17271727172717238 0.19640564826700901
1 0.11331133113311331 0.524390243902439 0.10781078107810779 0.0680359435173299
1 0.1914191419141914 0.48138639281129647 0.0704070407040704 0.06675224646983312
1 0.29207920792079206 0.4717586649550705 0.14851485148514848 0.13222079589216945
1 0.9416941694169416 0.5256739409499358 0.006600660066006601 0.0012836970474967907
1 0.5484048404840484 0.2657252888318357 0.053905390539053896 0.07702182284980745
1 0.5253025302530253 0.189987163029525 0.0671067106710671 0.07702182284980745
1 0.4955995599559956 0.2856225930680359 0.040704070407040695 0.09627727856225927
1 0.3404840484048405 0.04236200256739409 0.09350935093509351 0.06675224646983312
1 0.36303630363036293 0.14441591784338897 0.07920792079207921 0.11424903722721437
1 0.3877887788778878 0.22913992297817717 0.0913091309130913 0.08344030808729143
1 0.4455445544554456 0.11424903722721438 0.07260726072607263 0.09242618741976896
1 0.4691969196919692 0.20282413350449294 0.07590759075907591 0.110397946084724
