1 0.10579443848659949 0.3217137734472629 0.10495799396822317 0.0853315127510027
1 0.13331376386711444 0.21440892393551841 0.06357197699949717 0.08149159467720782
1 0.04584896329733645 0.05846561676436525 0.06783855263704733 0.07167847071084249
1 0.13331375748824162 0.0757451509525292 0.10965102486813509 0.08063827954969766
1 0.18621925256428928 0.2651811389426183 0.06271866187198717 0.07125181314708744
1 0.08382148100392754 0.2508881159537096 0.0780783341671677 0.06997184045582241
1 0.17448621603567055 0.171743174306122 0.11519754768145928 0.10367783386598349
1 0.7129398642700853 0.2193835380874201 0.08945319795293447 0.08274420944833338
1 0.7925532114535543 0.30033868389604373 0.11897275520679279 0.07379888950797293
1 0.7972495049937189 0.24420680054188829 0.08900593340658554 0.06619536755866666
1 0.9224839825322567 0.17868234078281772 0.09347859337676573 0.10152938132309003
1 0.9287457051277597 0.29966778391876797 0.07827154947815307 0.07335162351095491
1 0.8746265211150868 0.25673024896510177 0.043384801710747684 0.04830472767794592
1 0.9713749761908468 0.2742748985956148 0.05725004761830625 0.10600204129327018
1 0.6266175255488003 0.1437955855572893 0.0876641354155314 0.12568174329357307
1 0.7603500573164166 0.07156212664301288 0.10823837352030063 0.06261723958252252
1 0.6916947286424352 0.0995162517574974 0.062169973585504495 0.10689657262225062
1 0.9139859288526723 0.07357482318622341 0.0970567213529099 0.05859184560936033
1 0.8252036284445958 0.13999382374339908 0.09750398734992788 0.05635551562427024
1 0.7605736912600569 0.14938641265769295 0.05233012165110812 0.08140241145727929
1 0.9758690669112741 0.1455059251992351 0.04826186617745171 0.11381156501548315
1 0.0840650841269149 0.5512556143406209 0.038812338584208156 0.07725503584856669
1 0.1280524016976416 0.5525493590909595 0.021808837871126488 0.0776246771684163
1 0.15133980528413002 0.5545823864024783 0.021069555231427242 0.08243001432646105
1 0.20105656274940564 0.6225963833789694 0.07023185102573573 0.027723098962547273
1 0.1969905083582163 0.6525373363720063 0.08279965564631071 0.026983816034944784
1 0.2023503076776865 0.6806300765889705 0.05951225387633646 0.03659449011547785
1 0.060408040019843345 0.6050384261693541 0.09573710184104678 0.031049870867366505
1 0.05985357785841747 0.6279561883402782 0.0990638737196932 0.028832022948268962
1 0.07944456655705119 0.6808148967646955 0.0502712185186279 0.07171041557970864
1 0.12823722273903443 0.6920889564966486 0.040660545001804736 0.06838364417217634
1 0.17074597552082177 0.694861267233056 0.05766404589653782 0.061360459095033806
1 0.13747825582610027 0.621487465269083 0.049531936859846575 0.05433727401789143
1 0.19070660632040648 0.5871108220519564 0.04435695838195218 0.039551621223907346
1 0.1713004371736235 0.5407208367510803 0.03733377330480974 0.031049870867366505
0 0.5383362680776737 0.5434607810640412 0.0713777954841876 0.06155516174600312
0 0.7177630156309206 0.6141837337382969 0.20889464387633644 0.12572969207694312
0 0.6791273294536398 0.730745635397028 0.21020432894113975 0.10346505910498464
0 0.8788541823494553 0.7782216898630029 0.16305569615003918 0.10150053317631326
0 0.8857300275880883 0.6429967870134166 0.18728485015435412 0.11787158669306796
0 0.8084586386604773 0.720595584379193 0.16109117157781205 0.10673926969703745
