1 0.0642570281124498 0.5276785714285714 0.06693440428380187 0.14107142857142857
1 0.12382864792503345 0.43839285714285725 0.0977242302543507 0.1767857142857143
1 0.03346720214190094 0.3724999972752162 0.06693440428380187 0.14857142312186103
1 0.052878179384203486 0.12589285714285714 0.08165997322623829 0.09107142857142855
1 0.16733601070950468 0.27232142857142855 0.09906291834002674 0.1625
1 0.2838018741633199 0.2455357142857143 0.1178045515394913 0.11964285714285718
1 0.48460508701472554 0.2482142857142857 0.0856760374832664 0.11785714285714283
1 0.4049531459170013 0.1732142857142857 0.07898259705488621 0.125
1 0.5428380187416332 0.1357142857142857 0.10040160642570281 0.10714285714285714
1 0.6258366800535475 0.3517857142857142 0.1646586345381526 0.18928571428571428
1 0.3935742971887549 0.3232142857142857 0.07228915662650601 0.18928571428571428
1 0.26907630522088355 0.4267857142857143 0.09103078982597054 0.11785714285714283
1 0.21887550200803213 0.5258928571428572 0.1646586345381526 0.13750000000000004
1 0.25167336010709507 0.64375 0.10174029451137885 0.09821428571428571
1 0.3032128514056225 0.8544642857142857 0.08701472556894244 0.21607142857142858
1 0.3627844712182062 0.6741071428571429 0.07228915662650601 0.10178571428571428
1 0.392235609103079 0.5133928571428571 0.0856760374832664 0.0875
1 0.3668005354752343 0.5705357142857141 0.08835341365461848 0.07321428571428572
1 0.45180722891566266 0.44999999999999996 0.09504685408299869 0.08214285714285713
1 0.4705488621151273 0.5696428571428573 0.10040160642570281 0.15357142857142858
1 0.49531459170013387 0.7116071428571429 0.107095046854083 0.21964285714285714
1 0.5836680053547524 0.8571428571428571 0.0749665327978581 0.25
1 0.6265060240963857 0.6535714285714282 0.11512717536813902 0.20714285714285696
1 0.6378848728246318 0.5125 0.13253012048192775 0.075
1 0.7563587684069613 0.4116071428571428 0.08835341365461848 0.09464285714285714
1 0.782463186077644 0.5116071428571427 0.09236947791164658 0.10178571428571428
1 0.7891566265060241 0.5946428571428571 0.07362784471218206 0.060714285714285714
1 0.820615796519411 0.7339285714285715 0.06961178045515395 0.21071428571428574
1 0.9123159303882196 0.6883928571428571 0.05488621151271753 0.0875
1 0.9805890227576974 0.7537499972752161 0.038821954484605084 0.1039285659790039
1 0.9578313253012045 0.7473214285714286 0.04953145917001337 0.11964285714285718
1 0.9397590361445783 0.6151785714285715 0.09103078982597054 0.0625
1 0.8888888888888892 0.5330357142857143 0.0749665327978581 0.10535714285714287
1 0.751004016064257 0.3285714285714286 0.08299866131191433 0.05714285714285714
1 0.5977242302543506 0.19285714285714287 0.07362784471218206 0.07857142857142857
1 0.4190093708165998 0.6982142857142858 0.048192771084337366 0.11428571428571428
