0 0.0758880516684607 0.1442411194833154 0.13455328310010764 0.19590958019375673
0 0.21205597416576968 0.21205597416576963 0.13132400430570507 0.2217438105489774
0 0.24219590958019382 0.37459634015069965 0.2217438105489774 0.11410118406889128
0 0.10118406889128094 0.2976318622174381 0.1679224973089343 0.1302475780409042
0 0.12432723358449946 0.42734122712594186 0.17115177610333693 0.10979547900968784
0 0.03982777179763186 0.37082884822389667 0.07965554359526372 0.14531754574811626
0 0.6447793326157156 0.2475780409041981 0.09903121636167922 0.14208826695371368
0 0.6829924650161463 0.11356297093649084 0.09364908503767494 0.12378902045209901
0 0.5898815931108718 0.20559741657696448 0.10333692142088267 0.1442411194833154
0 0.6178686759956943 0.34930032292787944 0.09041980624327234 0.1689989235737352
0 0.697524219590958 0.3584499461786868 0.12701829924650163 0.13132400430570507
0 0.65016146393972 0.5941872981700753 0.15285252960172227 0.12486544671689989
0 0.6980624327233584 0.6609257265877286 0.11733046286329386 0.13993541442411195
0 0.6921420882669537 0.8057050592034446 0.13993541442411195 0.15823466092572658
0 0.5888051668460711 0.7836383207750269 0.12055974165769644 0.09687836383207751
0 0.6329386437029064 0.8939720129171153 0.163616792249731 0.10656620021528498
0 0.8030139935414424 0.8040904198062434 0.08826695371367065 0.1829924650161464
0 0.11733046286329384 0.573735199138859 0.08611410118406888 0.12055974165769644
0 0.031216361679224973 0.5947255113024758 0.062432723358449946 0.1108719052744887
0 0.06781485468245424 0.6851453175457481 0.0688912809472551 0.10441334768568353
0 0.14693218514531753 0.6431646932185147 0.06781485468245425 0.1108719052744887
0 0.11517761033369212 0.742195909580194 0.06458557588805167 0.12378902045209901
0 0.18622174381054898 0.7303552206673843 0.06673842841765339 0.11517761033369216
0 0.07319698600645856 0.7669537136706137 0.03013993541442411 0.03767491926803014
0 0.15823466092572658 0.5705059203444565 0.05382131324004305 0.09257265877287406
