0 0.5761732530416261 0.5430357361817099 0.09209647542885877 0.0464785950762465
0 0.6024250521124682 0.5813375413834311 0.09467861959976114 0.050782168694417644
1 0.6798893772395467 0.14546078829417874 0.1015643373888348 0.09984290794156644
1 0.6639661548523141 0.25606263028117265 0.10414648155973745 0.05766788648349099
1 0.7534804861102704 0.275428711562942 0.06283217482529609 0.08779290181068777
1 0.7354054769139523 0.20355903213948684 0.08693218708705355 0.08348932819251682
2 0.08521075763978518 0.0697178926143697 0.09295719015249292 0.08090718402161422
2 0.1695608005559362 0.06842682052891841 0.09467861959976132 0.09037504598159037
2 0.12093041867060424 0.1514857913596181 0.08693218708705358 0.11361434351971358
2 0.17644651834500966 0.18548402294316868 0.0791857545743458 0.0989821932179323
1 0.06971789261436968 0.5409592038040909 0.0791857545743458 0.07316075150890652
1 0.1506250766359839 0.6098163816948263 0.08951433125795616 0.08521075763978522
1 0.16353579749049682 0.5426806332513592 0.06369288954893036 0.057667886483490964
1 0.0968304064088468 0.6507003310674507 0.10758934045427422 0.09123576070522456
1 0.03959287728717291 0.7376325181545044 0.0791857545743458 0.08779290181068769
1 0.04475716562897807 0.8301593509451799 0.08779290181068776 0.0886536165343219
1 0.18720545239043715 0.7608718156926273 0.0989821932179323 0.08607147236341933
1 0.25391084347208653 0.6722181991583054 0.10156433738883484 0.14976436191234924
1 0.3408430305591407 0.6588771209419754 0.08090718402161422 0.06627503371983297
1 0.4277752176461943 0.6447613981610282 0.07746432512707745 0.09657218936506361
1 0.3985109170426305 0.7548468126271881 0.12738577909786034 0.14287864412327622
