0 0.15147625160462133 0.5436456996148908 0.1540436456996149 0.08344030808729143
0 0.10462130937098847 0.6245186136071887 0.20667522464698337 0.08087291399229782
0 0.05070603337612322 0.5821566110397945 0.09627727856225927 0.07060333761232349
0 0.6604621309370987 0.303594351732991 0.09884467265725286 0.12965340179717585
0 0.6103979460847239 0.22849807445442877 0.09114249037227214 0.1258023106546855
0 0.7220795892169448 0.15468549422336328 0.07830551989730423 0.10141206675224644
2 0.6238767650834403 0.6148908857509628 0.13093709884467267 0.14377406931964057
2 0.7490372272143775 0.5879332477535302 0.14762516046213095 0.14890885750962773
2 0.815147625160462 0.7034659820282414 0.15917843388960207 0.12066752246469832
2 0.6777920410783054 0.7156611039794608 0.10012836970474968 0.11681643132220795
2 0.5603337612323491 0.7034659820282413 0.13222079589216945 0.110397946084724
2 0.8292682926829269 0.5866495507060334 0.09242618741976896 0.10783055198973042
2 0.8671373555840822 0.5436456996148908 0.07573812580231065 0.08600770218228501
2 0.7310654685494223 0.7689345314505777 0.1245186136071887 0.07445442875481387
2 0.589216944801027 0.761232349165597 0.0949935815147625 0.07702182284980745
2 0.5378690629011554 0.5404364569961488 0.08985879332477538 0.07958921694480103
1 0.27928379746480697 0.1018052049238185 0.017421211537765772 0.018510037258876094
1 0.25968493448482044 0.09962755348159776 0.009799431489993243 0.013065908653324285
1 0.2624069987875963 0.11677655858908592 0.019598862979986448 0.014699147234989829
1 0.24063048436538917 0.10207741135409609 0.015243560095545046 0.009255018629438028
1 0.24362475509844259 0.11868200360102903 0.01578797295610019 0.011977082932213924
1 0.21912617637345963 0.10343844350548403 0.01796562439832091 0.015243560095545011
1 0.22511471783956657 0.12902584795157748 0.022320927282762346 0.020687688701096812
1 0.18346713400709536 0.09853872776048744 0.011977082932213966 0.013065908653324285
1 0.1962608362301421 0.10044417277243055 0.01905445011943127 0.014699147234989829
1 0.19979951982375077 0.1276648158001895 0.017421211537765734 0.02014327584054163
1 0.18972788190347992 0.13691983442962752 0.01905445011943127 0.01905445011943127
1 0.15951296814266752 0.15134677523433981 0.03266477163331076 0.027220643027758937
1 0.16087400029405546 0.120043035752417 0.025587404446093434 0.021232101561651992
1 0.17421211537765732 0.08710605768882866 0.019598862979986448 0.025042991585538254
1 0.15053015594350705 0.0805731033621665 0.025587404446093417 0.022865340143317522
1 0.13419777012685166 0.08737826411910625 0.023409753003872696 0.022320927282762346
1 0.12222068719463772 0.1015329984935409 0.023409753003872713 0.01687679867721055
1 0.11187684284408933 0.1219484807643601 0.014699147234989829 0.018510037258876094
1 0.10833815925048064 0.14726367878017596 0.022865340143317515 0.027765055888314117
1 0.10044417277243052 0.07458456189605955 0.036475661657197005 0.0337535973544211
1 0.12467054506713601 0.15842414242155714 0.013065908653324307 0.015243560095545011
1 0.06723498827856461 0.048997157449966126 0.021232101561651985 0.018510037258876094
1 0.07022925901161811 0.06424071754551113 0.01633238581665537 0.017421211537765734
1 0.07594559404744748 0.09554445702743393 0.022320927282762346 0.019054450119431254
1 0.04654729957746782 0.10098858563298574 0.013610321513879484 0.03103153305164521
