0 0.6079170593779453 0.49371859296482423 0.13572101790763427 0.22613065326633167
0 0.7078228086710648 0.5760050251256279 0.11875589066918049 0.2902010050251254
0 0.21489161168708765 0.6664572864321607 0.11875589066918002 0.3178391959798995
0 0.4231856738925544 0.7192211055276382 0.11498586239396728 0.2399497487437183
0 0.6437323279924599 0.6381909547738694 0.07728557964184732 0.24623115577889446
0 0.6998114985862395 0.7493718592964824 0.11027332704995288 0.17964824120603015
0 0.8402450518378888 0.7016331658291457 0.11404335532516492 0.2525125628140704
0 0.8699340245051839 0.5546482412060302 0.12818096135721022 0.21231155778894473
0 0.9274269557021679 0.6670854271356784 0.09236569274269557 0.25879396984924624
0 0.8063147973609802 0.4849246231155778 0.14043355325164938 0.1608040201005025
0 0.10367577756833177 0.3190954773869347 0.1413760603204524 0.27386934673366836
0 0.2573044297832234 0.5056532663316582 0.11310084825636192 0.24748743718592958
0 0.322808671065033 0.4265075376884422 0.117813383600377 0.1721105527638191
0 0.20876531573986806 0.4434673366834171 0.10838831291234684 0.228643216080402
0 0.45004712535344016 0.8806532663316584 0.10084825636192271 0.22110552763819097
0 0.503770028275212 0.7914572864321607 0.08765315739868049 0.24371859296482412
0 0.48680490103675783 0.6614321608040201 0.1291234684260132 0.2399497487437186
0 0.354382657869934 0.7977386934673367 0.09613572101790764 0.27386934673366836
0 0.37511781338360034 0.6356783919597989 0.09425070688030161 0.2135678391959799
0 0.19886899151743637 0.7625628140703518 0.15080113100848253 0.30904522613065327
0 0.04052780395852969 0.9239949748743719 0.08105560791705937 0.1494974874371859
0 0.0527803958529689 0.896356783919598 0.07351555136663525 0.18969849246231157
0 0.7860508953817154 0.7701005025125627 0.1489161168708765 0.2512562814070352
