1 0.3995535714285714 0.1871859296482412 0.48660714285714285 0.33668341708542715
1 0.3526785714285714 0.5075376884422109 0.4732142857142857 0.31909547738693467
1 0.6573660714285714 0.5810301507537688 0.49776785714285715 0.28015075376884424
1 0.7767857142857142 0.364321608040201 0.41517857142857145 0.30402010050251255
1 0.6183035714285716 0.14698492462311552 0.3794642857142863 0.26633165829145716
1 0.8292410714285716 0.1457286432160804 0.3325892857142857 0.20854271356783918
1 0.4609375 0.8065326633165818 0.4263392857142855 0.29899497487437166
1 0.6763392857142858 0.8718592964824121 0.5401785714285715 0.22613065326633167
1 0.18080357142857145 0.7079145728643221 0.34821428571428575 0.37562814070351785
1 0.18303571428571427 0.3498743718592966 0.36607142857142855 0.3806532663316583
