2 0.3443908323281062 0.7800904977375565 0.20868516284680338 0.16108597285067872
2 0.5042219541616406 0.7529411764705881 0.14475271411338964 0.11945701357466064
2 0.5772014475271411 0.6760180995475114 0.13148371531966224 0.1339366515837104
2 0.7756332931242462 0.6389140271493211 0.24607961399276235 0.24796380090497738
2 0.23039806996381182 0.6443438914027149 0.20747889022919178 0.130316742081448
2 0.4427020506634499 0.6262443438914027 0.15681544028950542 0.17375565610859728
2 0.3118214716525935 0.557918552036199 0.2569360675512666 0.1330316742081448
2 0.21954161640530764 0.47692307692307695 0.14475271411338964 0.1085972850678733
2 0.3781664656212304 0.43665158371040724 0.21109770808202655 0.16742081447963797
2 0.3522316043425814 0.3158371040723981 0.2195416164053076 0.12126696832579185
2 0.7062726176115802 0.3411764705882353 0.16767189384800965 0.1755656108597285
2 0.7062726176115802 0.4393665158371041 0.26417370325693607 0.13846153846153847
2 0.5983112183353437 0.5574660633484163 0.21230398069963813 0.1592760180995475
2 0.47285886610373945 0.5031674208144797 0.09167671893848009 0.0995475113122172
2 0.548854041013269 0.39276018099547516 0.16646562123039807 0.19004524886877827
