1 0.4410138248847926 0.5094066570188134 0.2921658986175115 0.44573082489146165
1 0.5566820276497696 0.2973950795947902 0.26359447004608294 0.3719247467438496
1 0.5359447004608294 0.1743849493487699 0.25714285714285706 0.32850940665701883
1 0.2552995391705069 0.37626628075253254 0.28940092165898623 0.4573082489146165
1 0.8483870967741935 0.2214182344428364 0.2755760368663595 0.37626628075253243
1 0.863594470046083 0.5173661360347324 0.22857142857142856 0.3545586107091172
1 0.5622119815668201 0.7409551374819101 0.23963133640552986 0.3965267727930534
1 0.7308755760368664 0.7416787264833575 0.17142857142857143 0.3863965267727931
1 0.17419354838709677 0.6823444283646889 0.25622119815668204 0.3429811866859624
1 0.14746543778801843 0.3777134587554269 0.23225806451612904 0.35021707670043417
1 0.33963133640552995 0.6410998552821997 0.23317972350230418 0.2865412445730825
1 0.931336405529954 0.7988422575976845 0.13732718894009213 0.23733719247467439
