1 0.5779109589041096 0.0706033376123235 0.10102739726027397 0.07445442875481387
1 0.4982876712328767 0.24390243902439032 0.10616438356164384 0.07445442875481387
1 0.4452054794520548 0.28562259306803595 0.07191780821917808 0.07060333761232349
1 0.6498287671232877 0.21501925545571254 0.08047945205479452 0.08600770218228501
1 0.75 0.2310654685494223 0.07191780821917808 0.10012836970474968
1 0.8030821917808219 0.06290115532734275 0.1198630136986301 0.0693196405648267
1 0.9032534246575342 0.2567394094993582 0.148972602739726 0.07445442875481387
1 0.9255136986301372 0.36200256739409503 0.08732876712328767 0.059050064184852376
1 0.6917808219178083 0.40821566110397955 0.08561643835616438 0.0975609756097561
1 0.702054794520548 0.34210526315789475 0.1095890410958904 0.07830551989730423
1 0.4931506849315068 0.43132220795892173 0.0993150684931507 0.07702182284980745
1 0.5727739726027399 0.42233632862644405 0.06335616438356165 0.05391527599486521
1 0.42636986301369867 0.43838254172015406 0.08904109589041095 0.07573812580231065
1 0.3938356164383562 0.3722721437740693 0.10273972602739725 0.05391527599486521
1 0.297945205479452 0.5596919127086007 0.08904109589041095 0.059050064184852376
1 0.3253424657534246 0.6014120667522466 0.07534246575342465 0.04749679075738125
1 0.40068493150684936 0.5256739409499358 0.07876712328767123 0.06290115532734275
1 0.3929794520547945 0.5757381258023107 0.09417808219178082 0.07060333761232349
1 0.5 0.595635430038511 0.06164383561643835 0.07702182284980745
1 0.720890410958904 0.6302952503209243 0.05821917808219178 0.051347881899871634
1 0.5402397260273972 0.5982028241335045 0.06678082191780822 0.08729139922978177
1 0.898972602739726 0.5141206675224647 0.0821917808219178 0.07830551989730423
1 0.732876712328767 0.5263157894736843 0.0410958904109589 0.038510911424903725
1 0.8142123287671232 0.7124518613607187 0.10445205479452055 0.07702182284980745
1 0.8304794520547947 0.6469833119383825 0.07876712328767123 0.05391527599486521
1 0.6198630136986302 0.5776636713735559 0.06164383561643835 0.043645699614890884
1 0.5410958904109588 0.6944801026957638 0.0821917808219178 0.0693196405648267
1 0.30308219178082196 0.6996148908857512 0.07534246575342465 0.03594351732991014
1 0.5325342465753424 0.8093709884467267 0.08904109589041095 0.0680359435173299
1 0.4991438356164384 0.8465982028241333 0.0839041095890411 0.07060333761232349
1 0.33047945205479456 0.8575096277278561 0.0958904109589041 0.07958921694480103
1 0.2337328767123288 0.8465982028241338 0.07363013698630137 0.052631578947368425
1 0.19006849315068494 0.7670089858793324 0.0821917808219178 0.04492939666238769
1 0.2782534246575342 0.7663671373555841 0.07363013698630137 0.0821566110397946
1 0.2936643835616438 0.930038510911425 0.08732876712328767 0.06033376123234916
1 0.5385273972602741 0.9653401797175866 0.10445205479452055 0.0693196405648267
1 0.46917808219178087 0.9062901155327343 0.08904109589041095 0.05391527599486521
1 0.18236301369863017 0.8998716302952503 0.12157534246575345 0.07188703465982028
1 0.136986301369863 0.9602053915275995 0.0958904109589041 0.04878048780487805
