1 0.15194109772423026 0.3241071428571428 0.13253012048192775 0.14107142857142857
1 0.2925033467202142 0.23392857142857143 0.08165997322623829 0.18571428571428572
1 0.35341365461847385 0.2517857142857143 0.06961178045515395 0.18571428571428572
1 0.2583668005354753 0.33571428571428574 0.09103078982597054 0.18571428571428572
1 0.3058902275769746 0.4419642857142857 0.07362784471218206 0.18392857142857147
1 0.3353413654618474 0.45625000000000004 0.06291834002677377 0.19464285714285715
1 0.3888888888888888 0.3946428571428572 0.07362784471218206 0.1928571428571429
1 0.4805890227576975 0.3776785714285714 0.09103078982597054 0.19107142857142853
1 0.4966532797858098 0.2571428571428572 0.11244979919678715 0.15714285714285714
1 0.6512717536813922 0.2178571428571428 0.14323962516733602 0.15
1 0.8085676037483264 0.25625 0.12315930388219545 0.13392857142857142
1 0.8514056224899601 0.3535714285714286 0.12583668005354753 0.1
1 0.7971887550200806 0.5419642857142857 0.10843373493975904 0.22678571428571426
1 0.7248995983935743 0.6160714285714286 0.10843373493975904 0.3107142857142857
1 0.5836680053547524 0.6732142857142858 0.09103078982597054 0.3392857142857143
1 0.5093708165997323 0.575 0.08165997322623829 0.1928571428571429
1 0.4518072289156627 0.6339285714285716 0.06559571619812583 0.21071428571428574
1 0.3132530120481927 0.7080357142857141 0.11244979919678715 0.34464285714285714
1 0.052208835341365466 0.5689285687037877 0.10441767068273093 0.25928570883614677
1 0.9263721552878179 0.9008928571428572 0.10977242302543506 0.19107142857142853
1 0.788487282463186 0.8401785714285714 0.107095046854083 0.058928571428571414
