0 0.2855603448275862 0.48351648351648335 0.27370689655172414 0.3164835164835164
0 0.4288793103448276 0.6164835164835165 0.21767241379310345 0.4461538461538462
0 0.20689655172413793 0.7868131868131869 0.2650862068965517 0.334065934065934
0 0.607219827586207 0.567032967032967 0.19073275862068967 0.5362637362637362
0 0.7925646551724137 0.4164835164835165 0.25323275862068967 0.3802197802197802
0 0.8459051724137931 0.8142857142857143 0.2650862068965517 0.37142857142857144
0 0.8405172413793103 0.15384615384615385 0.31896551724137934 0.3076923076923077
0 0.5829741379310343 0.1681318681318681 0.2715517241379309 0.3142857142857142
0 0.4504310344827587 0.8879120879120879 0.20043103448275862 0.22417582417582424
0 0.6363146551724136 0.8417582417582418 0.18857758620689655 0.3164835164835164
0 0.934806034482759 0.5758241758241762 0.13038793103448273 0.334065934065934
0 0.16217672413793102 0.18351648351648348 0.2640086206896552 0.3186813186813186
0 0.35775862068965514 0.16263736263736261 0.21982758620689655 0.2945054945054945
0 0.11961206896551724 0.5054945054945056 0.125 0.2153846153846154
0 0.07273706896551724 0.7901098901098902 0.14331896551724138 0.410989010989011
0 0.07596982758620689 0.29010989010989013 0.15193965517241378 0.4615384615384615
0 0.47036637931034486 0.3923076923076922 0.16702586206896552 0.25274725274725274
