0 0.4596474953617811 0.3384105960264901 0.038033395176252316 0.04370860927152318
0 0.5213358070500927 0.3582781456953642 0.027829313543599257 0.030463576158940398
0 0.6303339517625234 0.1947019867549669 0.038033395176252316 0.037086092715231785
0 0.7040816326530613 0.14503311258278145 0.027829313543599257 0.04105960264900662
0 0.5510204081632653 0.4251655629139073 0.027829313543599257 0.045033112582781455
0 0.6266233766233766 0.4039735099337748 0.01762523191094619 0.037086092715231785
0 0.27087198515769945 0.4019867549668874 0.025974025974025972 0.033112582781456956
0 0.46103896103896097 0.5013245033112583 0.018552875695732843 0.02781456953642384
0 0.6855287569573284 0.123841059602649 0.03896103896103896 0.04370860927152318
1 0.24211502782931354 0.6417218543046357 0.055658627087198514 0.08874172185430464
1 0.30055658627087206 0.6410596026490066 0.03896103896103896 0.08741721854304636
1 0.3654916512059369 0.6264900662251656 0.061224489795918366 0.0794701986754967
1 0.35621521335807055 0.470860927152318 0.06679035250463822 0.07019867549668875
1 0.17764378478664192 0.1271523178807947 0.06029684601113174 0.10860927152317881
1 0.2300556586270872 0.16688741721854303 0.055658627087198514 0.07417218543046357
1 0.29916512059369205 0.10198675496688742 0.06957328385899815 0.07682119205298013
1 0.06586270871985157 0.36556291390728474 0.044526901669758805 0.13509933774834437
1 0.08998144712430425 0.09403973509933775 0.06493506493506492 0.06357615894039735
1 0.19897959183673472 0.3980132450331126 0.06400742115027831 0.06225165562913907
1 0.2653061224489796 0.4145695364238409 0.07050092764378477 0.07682119205298013
1 0.21985157699443414 0.5940397350993377 0.061224489795918366 0.06225165562913907
1 0.15584415584415587 0.566887417218543 0.0593692022263451 0.07682119205298013
1 0.30658627087198514 0.49337748344370863 0.06586270871985157 0.08874172185430464
1 0.36363636363636365 0.4165562913907284 0.09833024118738404 0.06754966887417219
1 0.4271799628942486 0.25761589403973517 0.07142857142857141 0.09139072847682123
1 0.4415584415584416 0.18211920529801326 0.07421150278293137 0.08874172185430464
1 0.3246753246753247 0.20662251655629138 0.0575139146567718 0.08741721854304636
1 0.26994434137291284 0.18675496688741722 0.04081632653061225 0.07682119205298013
1 0.3538961038961039 0.25960264900662255 0.05658627087198516 0.12450331125827814
1 0.5023191094619666 0.25960264900662244 0.04916512059369202 0.08741721854304636
1 0.6034322820037106 0.24635761589403976 0.07699443413729128 0.09271523178807944
1 0.6539888682745827 0.24569536423841062 0.05380333951762523 0.09139072847682123
1 0.6015769944341373 0.3165562913907285 0.07142857142857141 0.09801324503311258
1 0.6382189239332097 0.3582781456953643 0.055658627087198514 0.06754966887417219
1 0.6261595547309832 0.39139072847682127 0.04638218923933209 0.08609271523178809
1 0.5500927643784785 0.31589403973509933 0.06307977736549167 0.09933774834437087
1 0.5858070500927645 0.44370860927152317 0.08998144712430428 0.10066225165562914
1 0.49860853432282 0.43377483443708603 0.06400742115027831 0.08609271523178809
1 0.4679962894248609 0.5119205298013244 0.06957328385899815 0.10198675496688742
1 0.43413729128014844 0.5801324503311258 0.07606679035250463 0.09536423841059605
1 0.48098330241187376 0.5443708609271524 0.05658627087198516 0.0794701986754967
1 0.5742115027829313 0.5417218543046358 0.0686456400742115 0.09801324503311258
1 0.7031539888682745 0.6026490066225165 0.07421150278293137 0.060927152317880796
1 0.6688311688311689 0.537748344370861 0.06307977736549167 0.07417218543046357
1 0.6512059369202227 0.4384105960264902 0.044526901669758805 0.06887417218543046
1 0.6224489795918368 0.13245033112582782 0.03525046382189238 0.07152317880794702
1 0.538961038961039 0.10927152317880794 0.0575139146567718 0.08079470198675497
1 0.42532467532467527 0.07682119205298016 0.10111317254174397 0.047682119205298024
1 0.6971243042671614 0.14701986754966886 0.05658627087198516 0.06887417218543046
1 0.5742115027829313 0.20397350993377483 0.055658627087198514 0.0794701986754967
1 0.7421150278293135 0.16688741721854305 0.061224489795918366 0.07152317880794702
1 0.7393320964749538 0.2589403973509934 0.07050092764378477 0.08079470198675497
1 0.6971243042671614 0.31523178807947017 0.05658627087198516 0.09536423841059605
1 0.7560296846011133 0.3006622516556291 0.05380333951762523 0.11125827814569536
1 0.7365491651205935 0.35231788079470194 0.06307977736549167 0.08211920529801324
1 0.8348794063079779 0.3900662251655628 0.0575139146567718 0.06225165562913907
1 0.7806122448979592 0.38211920529801324 0.05844155844155843 0.104635761589404
1 0.8520408163265306 0.276158940397351 0.06957328385899815 0.0781456953642384
1 0.8905380333951762 0.22649006622516554 0.05380333951762523 0.10066225165562914
1 0.839517625231911 0.1748344370860927 0.061224489795918366 0.09006622516556291
1 0.8033395176252318 0.5456953642384105 0.07792207792207792 0.09271523178807944
1 0.858534322820037 0.5271523178807948 0.07328385899814471 0.10331125827814569
1 0.910482374768089 0.5516556291390728 0.06586270871985157 0.1072847682119205
1 0.8390538033395177 0.7225165562913908 0.07142857142857141 0.0781456953642384
1 0.8877551020408163 0.7079470198675497 0.05380333951762523 0.08874172185430464
1 0.6516697588126159 0.7192052980132447 0.06586270871985157 0.05033112582781457
1 0.6553803339517625 0.7715231788079469 0.07142857142857141 0.08874172185430464
1 0.5575139146567718 0.6887417218543047 0.048237476808905375 0.060927152317880796
1 0.6136363636363634 0.6225165562913907 0.041743970315398886 0.06622516556291391
1 0.5315398886827458 0.6377483443708609 0.051948051948051945 0.08344370860927153
1 0.579313543599258 0.6344370860927152 0.04916512059369202 0.08476821192052983
1 0.46614100185528756 0.6761589403973508 0.06215213358070501 0.0781456953642384
1 0.5018552875695732 0.7860927152317884 0.06493506493506492 0.07549668874172186
1 0.42532467532467527 0.7397350993377484 0.05473098330241188 0.06754966887417219
1 0.47820037105751395 0.7251655629139073 0.05844155844155843 0.07019867549668875
1 0.37801484230055654 0.7933774834437086 0.07513914656771802 0.09006622516556291
1 0.541743970315399 0.8463576158940398 0.051948051948051945 0.07152317880794702
1 0.5848794063079777 0.7357615894039737 0.05658627087198516 0.0781456953642384
1 0.48701298701298706 0.8735099337748343 0.051948051948051945 0.06225165562913907
1 0.4536178107606679 0.8880794701986755 0.061224489795918366 0.08874172185430464
1 0.4202226345083488 0.9026490066225168 0.048237476808905375 0.06754966887417219
1 0.32050092764378474 0.8708609271523181 0.06771799628942486 0.08609271523178809
1 0.7388682745825602 0.7668874172185433 0.03617810760667903 0.07152317880794702
1 0.8158627087198514 0.614569536423841 0.07142857142857141 0.10066225165562914
1 0.8854359925788496 0.5701986754966888 0.05102040816326531 0.08609271523178809
1 0.8487940630797773 0.3337748344370861 0.06679035250463822 0.06622516556291391
1 0.9406307977736549 0.6410596026490064 0.06493506493506492 0.11390728476821192
1 0.9271799628942486 0.470860927152318 0.07142857142857141 0.09403973509933772
1 0.7161410018552874 0.690728476821192 0.0686456400742115 0.054304635761589407
1 0.7884972170686457 0.7039735099337748 0.05009276437847866 0.08874172185430464
