2 0.1298342541436464 0.7581120943952803 0.2596685082872928 0.35988200589970504
2 0.3110497237569061 0.6541297935103245 0.27292817679558007 0.42330383480825956
2 0.40497237569060773 0.42477876106194684 0.2751381215469613 0.36578171091445427
2 0.6988950276243093 0.7558997050147492 0.23093922651933702 0.4380530973451327
2 0.9116022099447514 0.48156342182890854 0.1767955801104972 0.3584070796460177
2 0.803314917127072 0.3067846607669617 0.17900552486187846 0.37168141592920356
2 0.6044198895027624 0.16297935103244834 0.23867403314917127 0.3259587020648967
2 0.5513812154696133 0.26843657817109146 0.23425414364640884 0.2890855457227139
2 0.4226519337016576 0.07374631268436578 0.17127071823204423 0.14749262536873156
1 0.649171270718232 0.4653392330383481 0.3834254143646409 0.4616519174041298
