1 0.4134382566585958 0.5194723618090451 0.5387409200968523 0.30025125628140686
1 0.5647699757869249 0.40703517587939697 0.34261501210653755 0.2989949748743718
1 0.7318401937046005 0.7016331658291457 0.19975786924939468 0.39321608040201006
1 0.7923728813559322 0.6005025125628141 0.15617433414043583 0.2864321608040202
1 0.655378132747856 0.3051493695351517 0.25140427317230163 0.43467336683417196
1 0.12893462469733658 0.20665829145728645 0.11016949152542374 0.1821608040201005
1 0.24152542372881358 0.24183417085427134 0.13922518159806294 0.3228643216080402
1 0.05145278450363198 0.1614321608040201 0.10290556900726396 0.23241206030150752
1 0.4001646970673035 0.2622770920114059 0.12469733656174309 0.3493981812006289
1 0.39527845036319614 0.055904522613065326 0.02058111380145279 0.008793969849246231
1 0.3958837772397094 0.08542713567839195 0.031476997578692496 0.032663316582914576
1 0.587772397094431 0.16017587939698488 0.06658595641646489 0.018844221105527633
1 0.5223970944309928 0.14133165829145727 0.14891041162227603 0.21482412060301506
1 0.8698547215496366 0.2405778894472361 0.2578692493946735 0.4133165829145727
