0 0.1086105675146771 0.6262230919765166 0.16634050880626222 0.136986301369863
0 0.813111545988258 0.7191780821917806 0.13502935420743606 0.2446183953033267
0 0.8972602739726027 0.9295499021526419 0.1506849315068493 0.14090019569471623
0 0.8864970645792564 0.6673189823874756 0.11741682974559688 0.20352250489236787
0 0.9246575342465753 0.7886497064579256 0.14285714285714282 0.18395303326810175
2 0.7299412915851271 0.18101761252446183 0.10567514677103718 0.0958904109589041
2 0.7563600782778865 0.27788649706457924 0.07632093933463796 0.07827788649706457
2 0.8835616438356164 0.23874755381604695 0.07632093933463796 0.07827788649706457
2 0.5841487279843445 0.030332681017612523 0.04500978473581213 0.04500978473581213
2 0.6034322096099686 0.14360393523872997 0.041976534915936455 0.041976534915936455
2 0.624972799895778 0.21816751699730128 0.04529047188298405 0.03645330663752377
2 0.6575598467384128 0.22976629638196788 0.03976724360457132 0.03313936967047614
2 0.7089258697276507 0.2783707052319995 0.07180196761936496 0.06848803065231739
2 0.8155241755010147 0.3772364914155866 0.08174377852050768 0.051918345817079804
2 0.8928493713987937 0.37999810555479313 0.06186015671822217 0.05081370016139674
2 0.9690699216408887 0.35293428699057094 0.061860156718222065 0.10273204597847606
2 0.9646513390181587 0.2629056660524441 0.061860156718222065 0.06186015671822211
2 0.6572792985388559 0.15659291459902788 0.03055364005441768 0.024941746983198166
2 0.6613323324236255 0.1288452210802199 0.03491844577647736 0.025565290657778093
2 0.6906388851288835 0.12635104638190012 0.027435921681518014 0.024318203308618204
2 0.8194006539296439 0.2551128151826606 0.044271600895176795 0.04738931926807652
2 0.7102805108781519 0.23796536413171193 0.02930655270525788 0.0193298539119786
2 0.7932118195972859 0.2233120877790829 0.050507037640976346 0.03367135842731751
2 0.9215149261637553 0.3331058974710695 0.04087188926025411 0.059650865406857025
1 0.06276395770923511 0.14862505185546854 0.10745189559821051 0.10443922562816718
1 0.09992022067310227 0.25306427748363536 0.12753636206516578 0.15063349850216384
1 0.160173620073968 0.15716095010392475 0.06929140931099557 0.05523228278412691
1 0.2535663891453098 0.16067573173564192 0.11146878889160158 0.13255747868190457
1 0.21138900956470388 0.2480431608668972 0.053223836137431355 0.056236506107474646
1 0.30377755531269796 0.26812762733385237 0.0933927690713419 0.09038009910129857
1 0.4503941605214702 0.2826888655223947 0.09138432242464628 0.17975597487924916
1 0.4338244756862332 0.05171750115240975 0.0763209725744299 0.08736742913125531
1 0.37909430456377935 0.12753636206516572 0.1436039352387297 0.12653213874181804
