0 0.6227125941872981 0.9128094725511302 0.39720129171151775 0.1054897739504844
0 0.33638320775026914 0.9160387513455328 0.18622174381054898 0.1679224973089343
0 0.7082884822389667 0.5753498385360603 0.23035522066738431 0.21420882669537136
0 0.3003229278794402 0.3428417653390743 0.2238966630785791 0.18406889128094725
0 0.6119483315392895 0.40742734122712604 0.2529601722282024 0.15177610333692146
0 0.6716899892357374 0.06781485468245425 0.32508073196986 0.1356297093649085
0 0.2981700753498385 0.08826695371367065 0.28417653390742736 0.1765339074273413
0 0.17491926803013988 0.2782561894510226 0.34983853606027976 0.39289558665231433
0 0.17814854682454254 0.6194833153928956 0.3562970936490851 0.5844994617868677
0 0.5016146393972014 0.6689989235737351 0.48439181916038765 0.6167922497308934
0 0.8719052744886975 0.2965554359526373 0.2561894510226047 0.590958019375673
0 0.5548977395048439 0.20721205597416578 0.61248654467169 0.41442411194833156
0 0.854682454251884 0.767491926803014 0.2906350914962321 0.3918191603875137
