0 0.565068493150685 0.558408215661104 0.45433789954337894 0.36713735558408217
0 0.8356164383561645 0.7143774069319642 0.3287671232876711 0.36071887034659833
0 0.8047945205479452 0.3992297817715019 0.3904109589041096 0.27471116816431324
0 0.5102739726027398 0.27727856225930675 0.4041095890410959 0.19255455712451855
0 0.16095890410958905 0.41206675224646977 0.3219178082191781 0.19768934531450572
0 0.37671232876712324 0.47368421052631576 0.3287671232876711 0.3620025673940949
0 0.22716894977168947 0.6707317073170732 0.45433789954337894 0.3299101412066752
0 0.5821917808219177 0.7708600770218229 0.35159817351598166 0.18613607188703465
0 0.5810502283105022 0.9261874197689346 0.45890410958904115 0.14762516046213095
0 0.2351598173515982 0.8735558408215662 0.3150684931506849 0.24005134788189988
