1 0.4566854990583804 0.43655778894472363 0.4124293785310734 0.15954773869346733
1 0.8295668549905837 0.2870603015075377 0.2655367231638418 0.21733668341708545
1 0.5659133709981168 0.32663316582914576 0.34463276836158196 0.09296482412060302
1 0.3785310734463277 0.22550251256281403 0.27871939736346524 0.12185929648241206
1 0.588512241054614 0.20603015075376885 0.2617702448210923 0.1658291457286432
1 0.660075329566855 0.08668341708542714 0.2542372881355932 0.11809045226130653
1 0.22693032015065914 0.10238693467336685 0.3672316384180791 0.15452261306532664
1 0.5536723163841808 0.7305276381909548 0.21092278719397364 0.1092964824120603
1 0.7156308851224106 0.7317839195979899 0.19962335216572505 0.11180904522613065
1 0.8389830508474575 0.4893216080402011 0.3220338983050847 0.1620603015075377
1 0.85969868173258 0.6677135678391959 0.28060263653483986 0.1821608040201005
1 0.7532956685499059 0.9126884422110553 0.1807909604519774 0.0917085427135678
1 0.21563088512241047 0.7600502512562817 0.3785310734463275 0.2010050251256281
1 0.4510357815442562 0.8002512562814069 0.27306967984934094 0.15075376884422106
1 0.1666666666666666 0.9183417085427137 0.3333333333333332 0.07035175879396993
1 0.1450094161958569 0.5791457286432161 0.256120527306968 0.2663316582914573
1 0.20715630885122405 0.35489949748743715 0.26365348399246696 0.2022613065326633
