0 0.15145985401459858 0.1546428544180734 0.30291970802919715 0.30571428026471825
0 0.44525547445255476 0.21071428571428574 0.3065693430656933 0.2750000000000001
0 0.812043795620438 0.1508928571428571 0.3686131386861316 0.2910714285714285
0 0.18065693430656934 0.42499999999999993 0.3613138686131387 0.22857142857142856
0 0.6058394160583942 0.38482142857142854 0.4598540145985402 0.20535714285714285
0 0.8978102189781021 0.3232142857142858 0.20437956204379565 0.26428571428571435
0 0.8850364963503645 0.5392857142857143 0.2299270072992698 0.17142857142857132
0 0.633211678832117 0.5776785714285713 0.4051094890510952 0.19464285714285726
0 0.16788321167883213 0.6464285714285714 0.3284671532846716 0.225
0 0.47262773722627716 0.7348214285714275 0.3540145985401456 0.2803571428571426
0 0.7864963503649636 0.792857142857142 0.2956204379562043 0.25357142857142834
0 0.5127737226277371 0.8803571428571424 0.26642335766423353 0.11071428571428603
0 0.20437956204379565 0.83125 0.3576642335766424 0.2375
0 0.3029197080291971 0.9500000000000001 0.4744525547445255 0.09642857142857145
0 0.802919708029197 0.9482142857142859 0.37956204379562036 0.09642857142857145
