1 0.7726269315673292 0.22232142857142856 0.141280353200883 0.09464285714285714
1 0.6799116997792497 0.29910714285714285 0.1456953642384106 0.11964285714285718
1 0.3841059602649007 0.36964285714285716 0.18984547461368653 0.125
1 0.39514348785871967 0.5276785714285714 0.15011037527593815 0.10892857142857143
1 0.5198675496688743 0.5223214285714286 0.13024282560706402 0.10892857142857143
1 0.6247240618101546 0.42321428571428565 0.1766004415011038 0.12857142857142853
1 0.6456953642384106 0.5357142857142857 0.17439293598233996 0.125
1 0.588300220750552 0.6160714285714286 0.1214128035320088 0.11428571428571428
1 0.4911699779249448 0.6312500000000001 0.152317880794702 0.10892857142857143
1 0.5397350993377483 0.7303571428571429 0.20088300220750552 0.10357142857142858
1 0.5695364238410596 0.8553571428571427 0.1766004415011038 0.14642857142857144
