2 0.3356164383561644 0.22336328626444157 0.1986301369863014 0.1643132220795892
2 0.5136986301369862 0.23684210526315785 0.1404109589041096 0.0885750962772786
2 0.7705479452054794 0.3876765083440307 0.2671232876712329 0.189987163029525
2 0.5993150684931507 0.45186136071887034 0.1917808219178082 0.1540436456996149
2 0.46318493150684936 0.37676508344030807 0.1695205479452055 0.15532734274711169
2 0.24143835616438356 0.35686777920410784 0.2089041095890411 0.14120667522464697
2 0.3176369863013699 0.4595635430038511 0.23801369863013705 0.16174582798459564
2 0.23544520547945205 0.527599486521181 0.1386986301369863 0.12836970474967907
2 0.37842465753424664 0.5776636713735559 0.2191780821917808 0.14890885750962773
2 0.5616438356164383 0.6091142490372272 0.1678082191780822 0.14249037227214376
2 0.6960616438356163 0.5590500641848524 0.21746575342465754 0.11681643132220795
2 0.711472602739726 0.6681643132220796 0.19006849315068494 0.13735558408215662
2 0.3553082191780822 0.677150192554557 0.24143835616438356 0.11681643132220795
