1 0.5728643216080402 0.5489949748743719 0.23618090452261306 0.228643216080402
1 0.8165829145728644 0.4968592964824121 0.33668341708542715 0.12437185929648241
1 0.795854271356784 0.41457286432160806 0.28266331658291455 0.15577889447236182
1 0.7820146062403448 0.3613400358538481 0.2864321608040198 0.12814070351758838
1 0.34673366834170855 0.3291457286432161 0.20854271356783918 0.37939698492462315
1 0.22047738693467336 0.5 0.4057788944723618 0.11055276381909548
1 0.22487437185929643 0.5785175879396985 0.44974874371859286 0.11934673366834209
1 0.3027638190954774 0.6570351758793973 0.15326633165829145 0.2185929648241206
1 0.29145728643216084 0.8347989949748742 0.15577889447236182 0.21733668341708545
1 0.7556532663316583 0.6538944723618091 0.22236180904522612 0.17964824120603015
1 0.5131909547738693 0.30402010050251255 0.13944723618090452 0.31909547738693467
1 0.649497487437186 0.2707286432160804 0.135678391959799 0.40829145728643224
1 0.7129396984924624 0.23178391959798994 0.157035175879397 0.14698492462311558
1 0.4855527638190955 0.792713567839196 0.13442211055276382 0.30904522613065327
1 0.586683417085427 0.7832914572864323 0.11809045226130653 0.28517587939698497
1 0.6689698492462312 0.7782663316582914 0.18718592964824127 0.24246231155778894
1 0.43216080402010054 0.6564070351758794 0.2889447236180904 0.16959798994974876
