0 0.16549295774647887 0.6670020120724346 0.1056338028169014 0.14285714285714282
0 0.10261569416498995 0.7434607645875252 0.11267605633802819 0.1509054325955734
0 0.21277657724355076 0.8304828401192389 0.08752515090543261 0.11368209255533199
0 0.7253520999504858 0.6121729618759537 0.1267605633802817 0.08752515090543261
0 0.8053319983144955 0.6544265084538552 0.16599597585513076 0.11167002012072434
2 0.6509054325955734 0.7137826961770624 0.10663983903420524 0.08551307847082495
2 0.5830885103973508 0.11003065048064165 0.06442529212700725 0.055465483288151915
2 0.6946594487390064 0.12005709243511627 0.058878743798191954 0.059305401361947035
2 0.5899150642230624 0.227788154267678 0.08746480056977803 0.06058537405321209
2 0.5801019320552887 0.28389357532950443 0.0763715526417354 0.06954511812945655
2 0.5722088053990576 0.323999455132749 0.06741182034935364 0.06186527928342616
2 0.6253276347245877 0.3131196454311432 0.06869198076173094 0.05375885303313173
2 0.6447404745951633 0.2595736651431821 0.06741214476059859 0.06783893581581965
2 0.6852730288110399 0.22842817434383608 0.06826524847403985 0.06186541420552883
2 0.7251655192235421 0.306933121550465 0.06869186776455735 0.04991893495933678
2 0.7460716760588104 0.2693871965742985 0.0618653467444771 0.06015871648945707
2 0.7848975544562885 0.2860268685451647 0.06357197699949717 0.05589214085190694
2 0.7840442320386365 0.23909463772368986 0.07125178763159706 0.047359137991119724
2 0.7563115632959652 0.20538862947209743 0.07039854176041936 0.05930540136194693
2 0.7524715440714725 0.1471500001955358 0.07637177499101577 0.062292066372399375
2 0.8060172642452461 0.18448233868860794 0.07082517380867874 0.06783839073052295
2 0.6623946235580946 0.010505732484407247 0.04259109615343568 0.021011464968814494
2 0.7066894094536903 0.014480962063561127 0.045998330090107876 0.028961924127122254
1 0.7421819273195022 0.023851011129032828 0.03861592278033887 0.034072873041475465
1 0.032882678014678986 0.10810536072044827 0.041327641520873676 0.06834956097682954
1 0.10282176366538825 0.11022472695228794 0.0762971843462283 0.06676003630294979
1 0.08931077225118544 0.20890772047336328 0.057222888259671235 0.041062720741893696
1 0.033412520704289794 0.21142447122471333 0.04079779996291375 0.037088909057194315
1 0.14255984543120465 0.1687721571126112 0.08477464927358704 0.057752729817631146
1 0.08878096237945042 0.0242579341732911 0.06887940253478944 0.04159256229985362
1 0.2770071447243121 0.18811143597239602 0.059077395953329684 0.08159559992582749
1 0.22230103498534998 0.14069061653498327 0.08000607525194774 0.0699390856507093
1 0.26707263192150155 0.05883006902185238 0.07311815763148667 0.08371496615766713
