0 0.7047496790757382 0.6097560975609756 0.22849807445442874 0.110397946084724
0 0.6386392811296534 0.09306803594351733 0.08344030808729143 0.14249037227214376
0 0.5539152759948652 0.13799743260590502 0.08344030808729143 0.18613607188703465
0 0.6007702182284981 0.19961489088575096 0.07188703465982028 0.11681643132220795
2 0.38767650834403083 0.08985879332477537 0.0949935815147625 0.11553273427471117
2 0.4037227214377406 0.20282413350449288 0.12195121951219512 0.11296534017971759
2 0.35815147625160465 0.2939666238767651 0.10269576379974327 0.10269576379974327
2 0.3145057766367138 0.29139922978177146 0.08472400513478819 0.11296534017971759
2 0.28048780487804875 0.21116816431322213 0.09114249037227214 0.10911424903722722
2 0.3273427471116816 0.1534017971758665 0.0821566110397946 0.1116816431322208
2 0.3523748395378691 0.057124518613607206 0.07573812580231065 0.0885750962772786
2 0.29845956354300385 0.09050064184852374 0.08344030808729143 0.1116816431322208
2 0.24326059050064186 0.12130937098844669 0.07573812580231065 0.09627727856225927
2 0.18870346598202822 0.10654685494223363 0.07188703465982028 0.0975609756097561
2 0.1938382541720154 0.17458279845956354 0.051347881899871634 0.07445442875481387
2 0.22207958921694482 0.2214377406931964 0.05391527599486521 0.0885750962772786
2 0.1643132220795892 0.27086007702182285 0.05648267008985879 0.10526315789473685
2 0.11874197689345316 0.1777920410783055 0.08600770218228501 0.10141206675224644
2 0.0840821566110398 0.7246469833119381 0.07060333761232349 0.06290115532734275
2 0.07637997432605904 0.6906290115532737 0.07060333761232349 0.04621309370988448
2 0.11874197689345316 0.7021822849807449 0.07060333761232349 0.04621309370988448
2 0.13799743260590502 0.7451861360718869 0.0885750962772786 0.06033376123234916
2 0.09370988446726573 0.7926829268292682 0.10012836970474968 0.06290115532734275
2 0.2092426187419769 0.7073170731707314 0.07702182284980745 0.043645699614890884
2 0.23299101412066747 0.7381258023106549 0.06033376123234916 0.051347881899871634
2 0.2843388960205392 0.7259306803594352 0.06546854942233633 0.055198973042362
2 0.17458279845956354 0.7766367137355585 0.08472400513478819 0.06161745827984597
2 0.2503209242618742 0.8080872913992301 0.08472400513478819 0.052631578947368425
2 0.2907573812580231 0.7747111681643132 0.07573812580231065 0.05006418485237484
2 0.3119383825417202 0.8183568677792039 0.08985879332477538 0.06033376123234916
2 0.2535301668806162 0.8620025673940952 0.07830551989730423 0.07060333761232349
2 0.19576379974326058 0.8851091142490373 0.09627727856225927 0.06546854942233633
2 0.08087291399229782 0.9011553273427473 0.07445442875481387 0.04621309370988448
