2 0.07734806629834255 0.3593519882179676 0.09723756906077348 0.12665684830633284
2 0.2574585635359116 0.48379970544919 0.07292817679558011 0.0780559646539028
2 0.2303867403314917 0.5486008836524301 0.0740331491712707 0.07216494845360823
2 0.2878453038674033 0.5463917525773196 0.07624309392265195 0.10014727540500737
2 0.3839779005524862 0.8961708394698086 0.06298342541436462 0.08689248895434462
2 0.41270718232044196 0.8284241531664215 0.06519337016574586 0.1134020618556701
2 0.5342541436464089 0.7997054491899853 0.056353591160221 0.07069219440353461
2 0.5640883977900553 0.7923416789396172 0.032044198895027624 0.07952871870397642
2 0.5535911602209944 0.7621502209131076 0.03756906077348066 0.0515463917525773
2 0.5812154696132595 0.7349042709867452 0.05303867403314917 0.07658321060382917
2 0.6 0.751840942562592 0.041988950276243095 0.07216494845360823
2 0.6243093922651934 0.7614138438880707 0.046408839779005534 0.07069219440353461
2 0.6790055248618786 0.7430044182621502 0.040883977900552496 0.06332842415316642
2 0.6701657458563536 0.7702503681885127 0.040883977900552496 0.05891016200294549
2 0.7071823204419888 0.788659793814433 0.05082872928176796 0.05743740795287187
2 0.7198895027624309 0.748159057437408 0.040883977900552496 0.053019145802650956
2 0.6596685082872927 0.6958762886597937 0.03977900552486187 0.05743740795287187
2 0.6132596685082872 0.6863033873343152 0.05303867403314917 0.05891016200294549
2 0.6712707182320444 0.653902798232695 0.04751381215469613 0.05596465390279825
2 0.7320441988950275 0.6568483063328423 0.02541436464088398 0.03240058910162003
2 0.7480662983425413 0.6509572901325478 0.03314917127071823 0.035346097201767304
2 0.7342541436464088 0.585419734904271 0.032044198895027624 0.036818851251840944
2 0.7662983425414365 0.6310751104565537 0.0430939226519337 0.033873343151693665
2 0.7403314917127072 0.6229749631811488 0.0441988950276243 0.026509572901325478
2 0.7629834254143647 0.5957290132547866 0.06077348066298342 0.027982326951399124
2 0.816574585635359 0.6200294550810015 0.030939226519337018 0.05891016200294549
2 0.8093922651933702 0.6885125184094255 0.05414364640883978 0.036818851251840944
2 0.7729281767955802 0.7083946980854198 0.0718232044198895 0.05891016200294549
2 0.823756906077348 0.46980854197349037 0.04530386740331492 0.053019145802650956
2 0.7839779005524862 0.4683357879234169 0.0430939226519337 0.044182621502209134
2 0.8243093922651932 0.3490427098674521 0.03314917127071823 0.03829160530191458
2 0.8629834254143647 0.33210603829160534 0.04861878453038674 0.042709867452135494
2 0.8823204419889502 0.3114874815905744 0.02983425414364641 0.033873343151693665
