2 0.3313356164383562 0.2015404364569961 0.464041095890411 0.3620025673940949
2 0.6883561643835617 0.3940949935815148 0.5102739726027399 0.3157894736842105
2 0.2782534246575343 0.5327342747111683 0.3921232876712329 0.2926829268292682
2 0.595890410958904 0.7034659820282414 0.4931506849315068 0.31835686777920413
2 0.6078767123287672 0.9319640564826702 0.2910958904109589 0.1360718870346598
2 0.3330479452054794 0.8741976893453145 0.3921232876712329 0.2464698331193839
2 0.13013698630136986 0.7978177150192556 0.2602739726027397 0.21951219512195125
2 0.15667808219178084 0.4184852374839538 0.3133561643835617 0.3055198973042361
2 0.6892123287671234 0.1649550706033376 0.4503424657534246 0.18613607188703465
2 0.851027397260274 0.8973042362002568 0.297945205479452 0.20539152759948653
2 0.8381849315068493 0.5410783055198972 0.3236301369863014 0.3350449293966623
2 0.8339041095890409 0.09370988446726575 0.3184931506849315 0.17971758664955076
