2 0.5334538878842676 0.47421981004070557 0.1717902350813743 0.2944369063772049
2 0.41048824593128375 0.2801899592944369 0.17540687160940321 0.3215739484396201
2 0.33047016274864377 0.508819538670285 0.17269439421338156 0.3256445047489824
2 0.6243218806509946 0.45115332428765254 0.1491862567811935 0.2700135685210312
2 0.6030741410488246 0.7014925373134328 0.1609403254972875 0.2632293080054274
2 0.4674502712477396 0.6268656716417909 0.16817359855334538 0.28222523744911804
2 0.35443037974683544 0.8195386702849392 0.14647377938517175 0.25508819538670285
2 0.3987341772151899 0.8677069199457257 0.13562386980108498 0.23473541383989144
2 0.49683544303797467 0.7632293080054275 0.12386980108499096 0.237449118046133
2 0.6871609403254972 0.734056987788331 0.14285714285714282 0.3147896879240163
2 0.6636528028933093 0.5881953867028493 0.14828209764918626 0.237449118046133
2 0.7775768535262206 0.55359565807327 0.15551537070524413 0.3419267299864315
2 0.740506329113924 0.30664857530529177 0.12658227848101267 0.2930800542740841
2 0.6419529837251355 0.3609226594301221 0.12115732368896923 0.26051560379918587
2 0.5040687160940325 0.22048846675712347 0.14556962025316456 0.2890094979647218
2 0.3666365280289331 0.18249660786974214 0.09312839059674503 0.21573948439620075
