1 0.14262648008611412 0.11248654467168998 0.28525296017222823 0.17330462863293863
1 0.10495156081808396 0.5382131324004306 0.09795479009687837 0.07319698600645858
1 0.03067814854682454 0.5441334768568352 0.0527448869752422 0.06350914962325081
1 0.04897739504843918 0.6297093649085038 0.0721205597416577 0.06027987082884822
1 0.0914962325080732 0.6733046286329385 0.07319698600645858 0.04413347685683532
1 0.15662002152852528 0.66254036598493 0.0742734122712594 0.07857911733046288
1 0.2158234660925727 0.6641550053821313 0.06781485468245425 0.07534983853606028
1 0.24434876210979545 0.5834230355220668 0.06027987082884822 0.0581270182992465
1 0.21743810548977394 0.5457481162540365 0.09257265877287406 0.08396124865446715
1 0.12917115177610333 0.6017222820236814 0.07534983853606028 0.07104413347685684
0 0.6797631862217437 0.3977395048439182 0.20344456404736275 0.15823466092572658
0 0.8896663078579112 0.3132400430570506 0.2206673842841764 0.13347685683530672
0 0.8363832077502691 0.4219590958019374 0.18083961248654468 0.15285252960172238
2 0.9424111948331535 0.3988159311087191 0.11517761033369123 0.12594187298170076
2 0.7680301399354144 0.7007534983853606 0.14531754574811626 0.116254036598493
2 0.7868675995694285 0.772874058127018 0.15500538213132395 0.116254036598493
