1 0.25329341317365267 0.9478417266187051 0.025149700598802394 0.03597122302158273
1 0.281437125748503 0.927158273381295 0.016766467065868262 0.03776978417266187
1 0.30658682634730533 0.8848920863309354 0.02155688622754491 0.03597122302158273
1 0.2526946107784431 0.8696043165467625 0.047904191616766484 0.0341726618705036
1 0.3281437125748504 0.8543165467625898 0.02874251497005988 0.050359712230215826
1 0.2844311377245509 0.7922661870503598 0.041916167664670656 0.04136690647482014
1 0.30658682634730533 0.704136690647482 0.059880239520958084 0.07733812949640288
1 0.3502994011976049 0.7949640287769785 0.039520958083832346 0.06474820143884892
1 0.4149700598802395 0.7230215827338129 0.05389221556886228 0.09352517985611511
1 0.33772455089820363 0.6339928057553956 0.08862275449101796 0.08453237410071943
1 0.4502994011976048 0.6366906474820143 0.05269461077844311 0.08273381294964029
1 0.4964071856287425 0.6232014388489209 0.05389221556886228 0.07733812949640288
1 0.4035928143712575 0.5422661870503598 0.07664670658682635 0.06654676258992806
1 0.3820359281437127 0.45773381294964033 0.06467065868263473 0.06654676258992806
1 0.44790419161676653 0.48830935251798563 0.04550898203592815 0.0737410071942446
1 0.3425149700598802 0.40017985611510787 0.0407185628742515 0.07014388489208631
1 0.3077844311377246 0.36330935251798563 0.03832335329341317 0.08633093525179855
1 0.34790419161676644 0.30935251798561153 0.05868263473053892 0.06115107913669065
1 0.3772455089820359 0.28776978417266186 0.05748502994011976 0.1223021582733813
1 0.40059880239520956 0.17985611510791366 0.07065868263473053 0.07194244604316546
1 0.42035928143712575 0.11780575539568346 0.03592814371257485 0.08453237410071943
1 0.481437125748503 0.13219424460431653 0.019161676646706587 0.10971223021582734
1 0.44550898203592815 0.26438848920863317 0.06227544910179641 0.05755395683453239
1 0.5646706586826347 0.6456834532374102 0.04910179640718563 0.0683453237410072
1 0.6239520958083833 0.625 0.06706586826347305 0.08093525179856115
1 0.6035928143712576 0.5377697841726617 0.06227544910179641 0.07194244604316546
1 0.5580838323353293 0.5989208633093523 0.059880239520958084 0.07553956834532374
1 0.7538922155688623 0.6303956834532374 0.04431137724550898 0.07733812949640288
1 0.7892215568862274 0.6160071942446045 0.047904191616766484 0.07014388489208631
1 0.7802395209580838 0.544064748201439 0.046706586826347304 0.059352517985611496
1 0.7137724550898202 0.5719424460431655 0.059880239520958084 0.07913669064748201
1 0.7664670658682637 0.44334532374100716 0.05029940119760479 0.10251798561151078
1 0.829940119760479 0.4154676258992806 0.06467065868263473 0.08273381294964029
1 0.8736526946107784 0.34802158273381295 0.039520958083832346 0.06294964028776978
1 0.7922155688622755 0.2940647482014388 0.029940119760479042 0.044964028776978415
1 0.5616766467065868 0.22392086330935249 0.04550898203592815 0.07014388489208631
1 0.6479041916167665 0.17535971223021585 0.04311377245508982 0.0341726618705036
1 0.6778443113772455 0.17446043165467626 0.02155688622754491 0.039568345323741004
1 0.6227544910179641 0.20593525179856115 0.03592814371257485 0.03776978417266187
1 0.7419161676646706 0.2329136690647482 0.015568862275449102 0.03776978417266187
1 0.7047904191616768 0.2068345323741007 0.032335329341317366 0.021582733812949638
1 0.6317365269461078 0.2571942446043166 0.027544910179640718 0.043165467625899276
1 0.6263473053892215 0.31564748201438847 0.03832335329341317 0.0341726618705036
1 0.6574850299401198 0.29946043165467623 0.0407185628742515 0.04136690647482014
1 0.6838323353293413 0.40737410071942454 0.05269461077844311 0.052158273381294966
1 0.5425149700598801 0.5134892086330936 0.03592814371257485 0.048561151079136694
1 0.48502994011976047 0.547661870503597 0.05269461077844311 0.09172661870503598
1 0.48383233532934133 0.40827338129496404 0.03592814371257485 0.06474820143884892
1 0.4550898203592814 0.33723021582733814 0.05269461077844311 0.044964028776978415
1 0.434131736526946 0.39118705035971224 0.046706586826347304 0.05575539568345324
1 0.6964071856287426 0.4739208633093525 0.032335329341317366 0.059352517985611496
1 0.6479041916167667 0.44874100719424453 0.0407185628742515 0.07014388489208631
1 0.5850299401197604 0.3381294964028777 0.04431137724550898 0.053956834532374105
1 0.5922155688622754 0.42356115107913667 0.05149700598802395 0.07014388489208631
1 0.705988023952096 0.2949640287769784 0.0347305389221557 0.08273381294964029
