2 0.29823151125401925 0.4298642533936652 0.45176848874598075 0.22805429864253393
2 0.1647909967845659 0.8389140271493215 0.27813504823151125 0.20271493212669683
2 0.4172025723472668 0.8737556561085975 0.2845659163987137 0.23981900452488694
2 0.8995176848874599 0.9190045248868779 0.20096463022508038 0.16199095022624432
2 0.26688102893890664 0.11764705882352938 0.40836012861736315 0.22624434389140266
2 0.05466237942122188 0.2099547511312217 0.10932475884244376 0.07058823529411765
2 0.10289389067524116 0.3058823529411765 0.2057877813504823 0.0995475113122172
2 0.702572347266881 0.1085972850678733 0.19935691318327975 0.11945701357466064
2 0.7797427652733119 0.07963800904977375 0.3954983922829582 0.14841628959276018
2 0.3078778135048232 0.2647058823529412 0.1720257234726688 0.10950226244343891
2 0.5345659163987139 0.20226244343891403 0.3360128617363344 0.29592760180995475
2 0.6591639871382636 0.4728506787330317 0.2861736334405145 0.2923076923076924
2 0.8416398713826365 0.2701357466063348 0.3167202572347263 0.31221719457013575
2 0.8344051446945338 0.6583710407239808 0.33118971061093205 0.3212669683257915
2 0.5337620578778136 0.5968325791855204 0.2057877813504823 0.20361990950226244
2 0.2202572347266881 0.639819004524887 0.3890675241157556 0.2425339366515837
2 0.5988745980707396 0.8085972850678733 0.3938906752411576 0.35384615384615387
