1 0.5270879926618811 0.26758239194200145 0.34840871021775494 0.07914572864321631
1 0.25495303400743 0.4136670252641121 0.3718592964824119 0.07286432160804027
1 0.6088777219430486 0.28454773869346733 0.3500837520938023 0.1444723618090452
1 0.3219217868152201 0.5691525604344038 0.380234505862646 0.09296482412060314
1 0.3667560749909117 0.5992127161548401 0.4237855946398644 0.08165829145728663
1 0.6901172529313233 0.4371859296482413 0.3785594639865997 0.09547738693467334
1 0.2705192629815745 0.19786432160804018 0.14237855946398661 0.14698492462311558
1 0.3609715242881072 0.17085427135678394 0.10217755443886097 0.1608040201005025
1 0.3358458961474035 0.7707286432160803 0.38358458961474035 0.3856783919597989
1 0.7026800670016753 0.7123115577889448 0.3634840871021773 0.2386934673366831
1 0.6524288107202678 0.5364321608040201 0.2931323283082077 0.1256281407035176
1 0.40619765494137355 0.5439698492462312 0.22278056951423786 0.17336683417085427
