2 0.29700499168053246 0.8153266331658291 0.08153078202995008 0.030150753768844223
2 0.34276206322795333 0.8040201005025125 0.04326123128119801 0.04020100502512562
2 0.3111480865224625 0.7864321608040201 0.053244592346089845 0.04271356783919597
2 0.32279534109816965 0.8379396984924623 0.053244592346089845 0.037688442211055266
2 0.5108153078202995 0.5515075376884422 0.10648918469217969 0.08040201005025124
2 0.5923460898502495 0.5364321608040202 0.09650582362728785 0.0829145728643216
2 0.5291181364392681 0.49183417085427117 0.11647254575707137 0.07160804020100499
2 0.30698835274542424 0.5979899497487438 0.07487520798668884 0.05025125628140705
2 0.34109816971713813 0.5860552763819095 0.059900166389351084 0.0414572864321608
2 0.8128119800332778 0.6683417085427136 0.10149750415973377 0.05276381909547739
2 0.8078202995008319 0.7054020100502513 0.13144758735440928 0.06407035175879397
2 0.8835274542429283 0.7644472361809044 0.10316139767054908 0.056532663316582916
2 0.9068219633943427 0.6909547738693467 0.07986688851913477 0.0678391959798995
2 0.8851913477537438 0.6589195979899497 0.08652246256239601 0.05402010050251256
2 0.7678868552412647 0.6488693467336684 0.08818635607321132 0.05402010050251256
2 0.7703826955074874 0.6978643216080402 0.09317803660565724 0.048994974874371856
2 0.8544093178036606 0.7160804020100503 0.10482529118136438 0.05778894472361809
2 0.2445923460898502 0.3442211055276382 0.21297836938435938 0.1206030150753769
2 0.3585690515806989 0.3165829145728642 0.15141430948419296 0.0854271356783919
2 0.2878535773710482 0.15389447236180903 0.20632279534109815 0.15452261306532664
2 0.3294509151414309 0.2399497487437186 0.1930116472545757 0.10804020100502512
2 0.16722129783693843 0.2908291457286432 0.18136439267886856 0.09673366834170855
