2 0.322463768115942 0.3633484162895927 0.21497584541062803 0.151131221719457
2 0.37922705314009664 0.27058823529411763 0.19806763285024154 0.14298642533936648
2 0.4565217391304348 0.18914027149321272 0.16425120772946866 0.11402714932126697
2 0.38768115942028986 0.17375565610859728 0.13043478260869565 0.11221719457013575
2 0.6497584541062803 0.33257918552036203 0.15458937198067632 0.10588235294117647
2 0.7795893719806763 0.3027149321266968 0.12198067632850242 0.1257918552036199
2 0.8840579710144928 0.3004524886877828 0.15942028985507242 0.1411764705882353
2 0.9148550724637681 0.40497737556561086 0.1171497584541063 0.1257918552036199
2 0.7862318840579708 0.41809954751131223 0.17874396135265694 0.14841628959276018
2 0.7524154589371981 0.49411764705882355 0.18357487922705315 0.1285067873303167
2 0.7161835748792268 0.6108597285067874 0.13526570048309178 0.11764705882352938
2 0.626207729468599 0.5855203619909503 0.11473429951690822 0.07963800904977375
2 0.5809178743961353 0.6457013574660633 0.18840579710144933 0.1475113122171946
2 0.40217391304347816 0.6235294117647058 0.14009661835748793 0.09592760180995477
2 0.27053140096618356 0.6506787330316741 0.10144927536231885 0.08325791855203618
2 0.6805555555555556 0.7714932126696834 0.18961352657004832 0.10588235294117647
2 0.6105072463768116 0.7466063348416289 0.11956521739130435 0.09592760180995477
2 0.7705314009661837 0.7638009049773757 0.12318840579710147 0.11945701357466064
2 0.8592995169082124 0.7171945701357465 0.17753623188405798 0.12217194570135746
