1 0.7914130708076507 0.7957068738757087 0.041362870990888145 0.11155611265885013
1 0.6951810474882539 0.6493881856475028 0.04524064014628439 0.08245451805219299
1 0.6224728758245829 0.6183464847337357 0.034253627539329305 0.05141281713842611
1 0.6531718816381329 0.6387176009583951 0.03102215324316617 0.05335292344553653
1 0.678054233718589 0.5931251027413003 0.039423986413190185 0.051412817138426214
1 0.6505867022012022 0.5688737739024199 0.03489992239856186 0.06305345498108862
1 0.6237654655430482 0.5489876842545383 0.03813139669472499 0.05432297659909184
1 0.6143941900841751 0.4985449202696672 0.04911840930167974 0.07760425228441688
1 0.5924201648702657 0.5887598635503019 0.042655460709353464 0.05626308290620216
1 0.5546119156051571 0.5727539865166407 0.04717952472398185 0.06499356128819915
1 0.49741482056306946 0.6392026275351729 0.06075171676786709 0.0679037207488647
1 0.49353705140767373 0.5659636144417542 0.06462948592326277 0.07275398651664085
1 0.5487952618720633 0.6086459531981837 0.04071657613165557 0.06499356128819905
1 0.5536424733163081 0.48981444188767026 0.049118409301679655 0.056263082906202265
1 0.4447417895356103 0.5014550797303328 0.057520242471703883 0.06208340182753346
1 0.3881909893527553 0.5494727108313162 0.06462948592326274 0.14259781357261544
1 0.49321390397805737 0.4869042824270046 0.042009165850120815 0.06208340182753352
1 0.6350756255796192 0.33121075128139343 0.09306645972949842 0.06305345498108873
1 0.5685072550786586 0.3409112828169455 0.0517035887386103 0.06693366759530953
1 0.5908044277221842 0.3797134089591539 0.05105729387937754 0.07857430543797203
1 0.5568739476124712 0.4204556414084727 0.050410999020144925 0.0746940928237512
1 0.5071092434515589 0.3486717080453875 0.05945912704940181 0.07275398651664025
1 0.5132490446142689 0.4102700832961431 0.049764704160912346 0.06208340182753346
