0 0.15715823466092574 0.6329386437029063 0.25403659849300325 0.19590958019375673
0 0.15285252960172227 0.7540365984930034 0.1743810548977395 0.1754574811625403
0 0.5898815931108721 0.6630785791173304 0.16576964477933268 0.15931108719052745
0 0.7427341227125942 0.6033369214208827 0.19590958019375673 0.14101184068891284
0 0.7583423035522068 0.7378902045209904 0.1797631862217438 0.11517761033369216
0 0.6485468245425189 0.8396124865446717 0.14101184068891284 0.19375672766415503
0 0.7561894510226049 0.9058127018299247 0.1302475780409042 0.1689989235737352
0 0.8433799784714747 0.8288482238966631 0.03982777179763186 0.1076426264800861
0 0.08234660925726585 0.11625403659849297 0.14747039827771793 0.18299246501614636
0 0.13939720129171151 0.19806243272335844 0.06996770721205597 0.08396124865446715
0 0.04144241119483317 0.03013993541442411 0.08288482238966634 0.06027987082884822
0 0.05005382131324005 0.2023681377825619 0.09580193756727665 0.0688912809472551
0 0.14747039827771796 0.10333692142088267 0.06027987082884822 0.10118406889128095
0 0.7938643702906348 0.18030139935414422 0.2744886975242195 0.36060279870828843
0 0.731431646932185 0.41926803013993547 0.1969860064585576 0.15823466092572658
0 0.9176533907427339 0.3934337997847145 0.16469321851453192 0.20129171151776096
0 0.9655543595263724 0.15446716899892357 0.06673842841765339 0.2658772874058127
