1 0.2987300316213407 0.2610707126753245 0.12213272011038237 0.08265177064792263
1 0.21620792343864992 0.2863116725737919 0.11421059772484408 0.07869240438933954
1 0.19112120255111187 0.21603292148394154 0.11289024399392099 0.07473303813075641
1 0.45024062224476097 0.2749284945803655 0.10826900593569029 0.07176351343681905
1 0.4287848741172614 0.16406623934003808 0.13797696488145908 0.09749939411760933
1 0.39610611927691586 0.09848923568225514 0.10958935966661346 0.060380335443392594
1 0.30500171184322517 0.15243560095545017 0.13467608055415137 0.09799431489993222
1 0.6393812941994884 0.17841894202740194 0.09968670668469053 0.11432670071658765
1 0.5925087367517199 0.04305810806209144 0.10628847533930574 0.06829906796055883
1 0.43703708493553045 0.46250347108074075 0.1122300671284595 0.09650955255296356
1 0.5030547714816831 0.4446863229171168 0.10298759101199813 0.07968224595398525
1 0.37795125547672387 0.4545847385635746 0.10100706041561348 0.07968224595398538
1 0.5396945875147978 0.5152125343981286 0.09572564549192134 0.09007558238276597
1 0.450240622244761 0.5293177766943311 0.11619112832122867 0.0796822459539853
1 0.4139308946443771 0.5852438250968177 0.11355042085938255 0.08859082003579735
1 0.6238671378611425 0.48898173293501546 0.09110440743369055 0.08017716673630818
1 0.7156317221602947 0.5372365092114972 0.07393980893169103 0.07275335500146479
1 0.575674226682451 0.27913532123011 0.07658051639353702 0.04850223666764325
1 0.6126441311482966 0.3511462950580906 0.09638582235738281 0.07374319656611064
1 0.3228264872106864 0.5847489043144948 0.10694865220476729 0.07374319656611057
1 0.25845924282818766 0.6594819424452512 0.09572564549192134 0.0796822459539853
1 0.5514098199188929 0.8782369282319686 0.08516281564453693 0.07671272126004809
1 0.5996027310975842 0.8381483448638146 0.07856104698992168 0.06582446404894433
1 0.6725522747310829 0.8341889786052313 0.08846369997184463 0.0816619290832768
1 0.5256629221658933 0.7480727624810486 0.06799821714253718 0.07077367187217336
1 0.618087683330507 0.759455940474475 0.07459998579715249 0.0697838303075275
1 0.6177575948977764 0.7107062434156703 0.09902652981922894 0.05048191979693472
1 0.49793549381650926 0.7884088062403639 0.0891238768373061 0.06730922639591291
1 0.29493110768708997 0.8851783785010895 0.08846369997184453 0.06829906796055878
1 0.44281072555047174 0.9341755359510556 0.10166723728107502 0.09502479020599486
1 0.4065009979500879 0.8698358342490797 0.06073627162246042 0.04949207823228915
1 0.36325941326235783 0.9581791938937159 0.11421059772484408 0.07869240438933967
1 0.18897272078051489 0.9168533085697546 0.13005484249592067 0.08215684986559982
1 0.20415678868613005 0.8428626516124825 0.08120175445176775 0.051966682143903424
1 0.12196476893616998 0.8784969479397304 0.06997874773892179 0.09057050316508883
1 0.1496921972855541 0.9685725303224965 0.10298759101199813 0.06285493935500705
1 0.25598067262485985 0.944321411988675 0.08582299250999839 0.051966682143903424
1 0.435548780030395 0.7582311978352682 0.04753273431322997 0.04404794962673713
1 0.45172311323420244 0.7178951540759527 0.045552203716845374 0.041573345715122854
1 0.27479571329051333 0.7943604149448391 0.07063892460438335 0.056915889967132455
1 0.09931506849315067 0.9698331193838254 0.1643835616438356 0.06033376123234916
1 0.059075342465753425 0.89602053915276 0.0976027397260274 0.05391527599486521
1 0.5906078213056709 0.5763539036928637 0.0966564948722221 0.06707166442039814
1 0.7076340733617085 0.6542049427522544 0.07029563263434337 0.055094581488184094
1 0.7699415659239672 0.7305588464451183 0.0686980046199265 0.05210031075513067
1 0.8378407565366852 0.8856620704172888 0.09426005285059677 0.07246135173989443
1 0.9364942864269284 0.8835660809041513 0.08866835480013746 0.07904874735261194
1 0.8034917542267219 0.8176921247769748 0.09266242483617992 0.05748999807462688
1 0.8869678179800047 0.8126018645307838 0.05991105054063361 0.07126364344667299
1 0.6617022679472226 0.6901361915488962 0.10464463494430663 0.05629228978140545
1 0.535958904109589 0.11296534017971759 0.07534246575342465 0.07702182284980745
