2 0.19131832797427656 0.7941176470588235 0.2926045016077171 0.1438914027149321
2 0.2966237942122186 0.7208144796380092 0.2524115755627009 0.09683257918552038
2 0.7266881028938909 0.7036199095022623 0.36012861736334406 0.1420814479638009
2 0.5450160771704181 0.6778280542986426 0.21543408360128624 0.07420814479638009
2 0.587620578778135 0.5588235294117647 0.34565916398713825 0.12217194570135746
2 0.4139871382636656 0.5316742081447963 0.20739549839228297 0.11855203619909499
2 0.2869774919614148 0.4479638009049774 0.23311897106109325 0.1085972850678733
2 0.44533762057877807 0.43981900452488687 0.2958199356913183 0.12669683257918551
2 0.4027331189710612 0.3461538461538462 0.21061093247588417 0.08235294117647056
2 0.5980707395498388 0.37511312217194587 0.2154340836012853 0.16742081447963814
2 0.7660771704180064 0.47828054298642525 0.15916398713826366 0.0986425339366516
2 0.8255627009646302 0.26153846153846155 0.26205787781350476 0.11764705882352938
2 0.7290996784565918 0.346606334841629 0.10128617363344052 0.05972850678733032
2 0.8344051446945338 0.39004524886877834 0.2636655948553057 0.11583710407239822
2 0.9549839228295821 0.3113122171945701 0.09003215434083602 0.05248868778280543
