0 0.11254612546125461 0.14391143911439117 0.16974169741697417 0.13284132841328417
0 0.1918819188191882 0.08856088560885608 0.18081180811808117 0.12915129151291513
0 0.775830258302583 0.24169741697416974 0.2011070110701107 0.11439114391143912
0 0.10977859778597787 0.6678966789667895 0.1863468634686347 0.13284132841328417
0 0.23616236162361626 0.599630996309963 0.16974169741697417 0.12915129151291513
0 0.2564575645756457 0.731549815498155 0.17712177121771217 0.14206642066420622
0 0.1559040590405904 0.8321033210332103 0.1420664206642066 0.1881918819188192
0 0.2702952029520296 0.8929889298892989 0.12361623616236167 0.17343173431734324
0 0.3265682656826569 0.6595940959409596 0.06642066420664208 0.1789667896678967
2 0.8335829509532446 0.5386818988459846 0.01822427186166248 0.021163670549027295
2 0.8156526189603185 0.5574940504451199 0.017636392124189396 0.016460632649243537
2 0.7274706583393712 0.6059941287866412 0.02704246792375723 0.022927309761446243
2 0.7107160858213911 0.5948244137746544 0.01940003133660845 0.02057579081155431
2 0.6921978740909921 0.589827436006134 0.0176363921241895 0.022339430023973258
2 0.6569250898426133 0.5865940974500328 0.019987911074081433 0.01704851238671651
2 0.6754433015730122 0.592766834693499 0.02410306923639221 0.019987911074081433
2 0.6528099316803024 0.6039365497054856 0.025866708448811268 0.017636392124189396
2 0.6707402636732284 0.6033486699680125 0.021751550286500273 0.021163670549027295
2 0.6857311969787894 0.6224547614358846 0.021163670549027295 0.014696993436824582
2 0.693961513303411 0.608345647736533 0.023515189498919228 0.014696993436824478
2 0.7071888073965533 0.6248062803857763 0.026454588186284253 0.024103069236392317
2 0.6760311813104851 0.6371517548727093 0.019400031336608344 0.01587275291177055
2 0.6190068467756059 0.6192214228797831 0.018224271861662377 0.01881215159913547
2 0.6051916729449909 0.6248062803857766 0.022339430023973365 0.01940003133660845
2 0.6354674794248494 0.6409729731662835 0.01587275291177055 0.014109113699351599
2 0.6439917356182078 0.6421487326412295 0.015284873174297562 0.016460632649243537
2 0.6237098846753898 0.6462638908035404 0.01704851238671641 0.015284873174297562
2 0.5972552964891056 0.6521426881782704 0.01940003133660845 0.019987911074081433
2 0.6240038245441263 0.659785124765419 0.015284873174297463 0.012933354224405528
2 0.6401705173246334 0.66390028292773 0.01704851238671637 0.016460632649243544
2 0.5922583187205852 0.7109306619255685 0.019987911074081433 0.012933354224405634
2 0.615479568350768 0.711812481531778 0.014696993436824478 0.014696993436824582
2 0.8829648489009749 0.6812427351831829 0.03233338556101398 0.03350914503596006
2 0.9018640067012558 0.7042288320213418 0.028980119538469386 0.03574308983242392
2 0.9131348370280875 0.678608621846511 0.03286365308421548 0.03333313264860924
2 0.5957111206734755 0.7618293714350471 0.01314097431809024 0.009125676609784774
2 0.5765471997929275 0.7707725345126362 0.012775947253698747 0.013871028446872909
2 0.5672390096509469 0.7809932923155952 0.020441515605917976 0.015331136704438454
2 0.6738269124532338 0.7152884207251445 0.01752129909078688 0.01533113670443856
