0 0.637997432605905 0.20025673940949937 0.21566110397946084 0.2490372272143774
0 0.7573812580231065 0.16046213093709888 0.20025673940949937 0.17201540436457002
0 0.6694480102695763 0.665596919127086 0.2631578947368421 0.15789473684210525
0 0.4037227214377407 0.6322207958921695 0.11681643132220795 0.16046213093709885
0 0.28369704749679076 0.5776636713735558 0.10526315789473685 0.110397946084724
0 0.3741976893453145 0.407573812580231 0.2503209242618742 0.19127086007702182
0 0.14505776636713735 0.4338896020539154 0.220795892169448 0.17971758664955076
0 0.08857509627727855 0.6508344030808729 0.10783055198973042 0.1386392811296534
0 0.17843388960205395 0.7118100128369704 0.189987163029525 0.12195121951219512
0 0.3286264441591784 0.7066752246469834 0.1463414634146341 0.15789473684210525
0 0.3228498074454429 0.7862644415917843 0.15275994865211806 0.13222079589216945
