1 0.5461393596986818 0.5433417085427136 0.4218455743879473 0.1620603015075377
1 0.17419962335216574 0.7280150753768844 0.224105461393597 0.21482412060301506
1 0.40018832391713743 0.6695979899497487 0.4124293785310734 0.12311557788944723
1 0.5583804143126176 0.18530150753768843 0.2655367231638418 0.13944723618090452
1 0.4340866290018832 0.26821608040201006 0.22033898305084743 0.114321608040201
1 0.2815442561205273 0.25125628140703515 0.18267419962335216 0.11055276381909548
1 0.2297551789077213 0.0797738693467337 0.18832391713747648 0.09422110552763822
1 0.8267419962335217 0.0728643216080402 0.3465160075329567 0.12311557788944723
1 0.7787193973634652 0.27826633165829145 0.4274952919020716 0.20728643216080403
1 0.9039548022598871 0.5018844221105528 0.18455743879472697 0.2022613065326633
1 0.5941619585687382 0.7927135678391959 0.1487758945386064 0.12814070351758794
1 0.3870056497175141 0.7958542713567841 0.1902071563088512 0.15201005025125627
1 0.3248587570621469 0.9447236180904522 0.15254237288135594 0.08793969849246232
1 0.7890772128060264 0.9139447236180904 0.3728813559322034 0.12939698492462312
1 0.20433145009416193 0.5402010050251257 0.40866290018832385 0.2010050251256282
1 0.17419962335216574 0.3435929648241206 0.3483992467043315 0.2047738693467336
1 0.9472693032015066 0.717964824120603 0.10546139359698682 0.16959798994974876
1 0.7937853107344631 0.6595477386934674 0.23917137476459507 0.15577889447236182
