0 0.2657252888318357 0.23940949935815148 0.20025673940949937 0.10654685494223363
0 0.18356867779204109 0.24261874197689345 0.18741976893453147 0.10526315789473685
0 0.16559691912708602 0.137997432605905 0.189987163029525 0.08087291399229782
0 0.17265725288831835 0.06675224646983312 0.1681643132220796 0.07958921694480103
0 0.31450577663671375 0.06033376123234916 0.18228498074454427 0.110397946084724
0 0.3806161745827984 0.12901155327342745 0.12965340179717585 0.06033376123234916
0 0.321566110397946 0.16238767650834404 0.18100128369704746 0.10397946084724005
0 0.3934531450577664 0.2086007702182285 0.16559691912708602 0.09370988446726573
0 0.08087291399229782 0.6508344030808729 0.14377406931964057 0.17971758664955076
0 0.11039794608472395 0.7894736842105265 0.19255455712451855 0.17201540436457002
0 0.20218228498074456 0.7092426187419768 0.15532734274711169 0.2015404364569962
0 0.2644415917843389 0.8652118100128371 0.20282413350449288 0.10526315789473685
0 0.12130937098844675 0.9319640564826702 0.18870346598202828 0.1258023106546855
0 0.6277278562259307 0.6091142490372273 0.1540436456996149 0.10397946084724005
0 0.754813863928113 0.6412066752246468 0.14890885750962773 0.1116816431322208
0 0.8677792041078305 0.5988446726572529 0.10783055198973042 0.08600770218228501
0 0.8555840821566111 0.6938382541720154 0.15789473684210525 0.09114249037227214
0 0.7021822849807445 0.70795892169448 0.1463414634146341 0.10141206675224644
2 0.6354300385109114 0.24197689345314502 0.0821566110397946 0.07830551989730423
2 0.7284980744544289 0.21758664955070606 0.10397946084724005 0.11681643132220795
2 0.7541720154043645 0.26700898587933247 0.08087291399229782 0.08729139922978177
2 0.8254172015404364 0.19576379974326058 0.07188703465982028 0.08087291399229782
2 0.7124518613607188 0.08279845956354298 0.08729139922978177 0.09884467265725286
