0 0.6453175457481163 0.06835306781485469 0.1754574811625403 0.1108719052744887
0 0.593649085037675 0.16953713670613563 0.1797631862217438 0.1108719052744887
0 0.5414424111948332 0.08665231431646932 0.04520990312163617 0.03552206673842842
0 0.6614639397201291 0.23358449946178692 0.061356297093649086 0.03444564047362755
0 0.7045209903121638 0.13401506996770723 0.08934337997847144 0.07642626480086114
0 0.588805166846071 0.016146393972012917 0.04736275565123789 0.0193756727664155
0 0.7131324004305705 0.18729817007534982 0.06996770721205597 0.05382131324004305
2 0.12002152852529602 0.11571582346609258 0.10656620021528525 0.11948331539289558
2 0.17491926803013993 0.08719052744886976 0.08073196986006458 0.09687836383207751
2 0.08019375672766416 0.2034445640473627 0.09795479009687837 0.07965554359526372
2 0.17384284176533907 0.201291711517761 0.09580193756727665 0.08611410118406888
2 0.40258342303552214 0.7610333692142087 0.12701829924650163 0.12486544671689989
2 0.3519913885898815 0.8821313240043058 0.1076426264800861 0.14747039827771802
2 0.18030139935414424 0.7626480086114101 0.10441334768568353 0.0914962325080732
1 0.6393972012917115 0.5365984930032294 0.04951560818083961 0.05705059203444564
1 0.5871905274488698 0.6770721205597419 0.15823466092572658 0.22820236813778255
