0 0.20802919708029197 0.16428571428571428 0.3722627737226277 0.22857142857142856
0 0.468978102189781 0.275 0.3613138686131387 0.26071428571428573
0 0.302919708029197 0.05 0.4817518248175181 0.1
0 0.8047445255474452 0.04821428571428572 0.3905109489051095 0.09642857142857145
0 0.5310218978102189 0.11071428571428572 0.30291970802919704 0.09642857142857145
0 0.7883211678832117 0.19464285714285712 0.30656934306569306 0.26071428571428573
0 0.8553017582357196 0.41319920347066114 0.2928570233214848 0.26612594288567004
0 0.16605839416058402 0.35357142857142865 0.33211678832116803 0.22500000000000017
0 0.8813868613138689 0.44839285441807314 0.23722627737226273 0.17107143402099603
0 0.7487363813752241 0.5455271926263513 0.5559164342853263 0.16200144711576617
0 0.8832116788321169 0.6660714285714285 0.21897810218978106 0.2464285714285715
0 0.8102189781021892 0.8491071428571428 0.37956204379562025 0.2732142857142856
0 0.4324817518248174 0.7830357142857141 0.302919708029197 0.2732142857142856
0 0.17883211678832114 0.5751785687037874 0.3576642335766423 0.2182142802647177
0 0.1496350364963503 0.8466071401323589 0.2992700729927006 0.30321429116385334
