0 0.14933793907188186 0.18162660203218756 0.10633055020814003 0.05566039631834048
0 0.1339833469840638 0.07068967419770214 0.15316205607598513 0.07715682524128573
0 0.16584412556628592 0.12750166492262863 0.1216851422959582 0.0748536364281132
0 0.096556528770007 0.1605140379114374 0.09289528213129895 0.0556603963183401
0 0.2609329446064139 0.903790087463557 0.47521865889212817 0.1865889212827992
0 0.22667638483965008 0.6603498542274053 0.3921282798833818 0.3236151603498543
0 0.44096209912536416 0.6406705539358603 0.1180758017492708 0.24927113702623896
0 0.03425655976676384 0.6574344023323613 0.06851311953352768 0.3148688046647238
0 0.6513349865248488 0.1470743402838005 0.05320366158428963 0.030824343616294575
0 0.7199508199172856 0.20492276597465514 0.0654489487743246 0.04264737952391443
0 0.7623870737999926 0.18507695570115024 0.05573716927877963 0.03504685644044456
0 0.6526017403720934 0.12680627872788058 0.05573716927877956 0.036735861570104694
0 0.7005272609261955 0.1386293146355005 0.06798245646881436 0.034202353875614724
0 0.7834996379207422 0.07149136073151605 0.04729214363047966 0.0257573282273148
0 0.8067234584535674 0.034122122237788835 0.06080418466775943 0.02364607181523981
