2 0.17971758664955076 0.6245186136071886 0.17971758664955076 0.14249037227214376
2 0.29268292682926833 0.725930680359435 0.18485237483953793 0.12708600770218229
0 0.5802310654685494 0.6245186136071886 0.07188703465982028 0.09627727856225927
0 0.6399229781771502 0.610397946084724 0.07060333761232349 0.09884467265725286
0 0.6880616174582799 0.5795892169448011 0.07702182284980745 0.13735558408215662
0 0.7509627727856224 0.5738125802310655 0.13093709884467267 0.13350449293966624
0 0.7663671373555843 0.6604621309370988 0.08472400513478819 0.11938382541720154
0 0.7034659820282413 0.6700898587933247 0.08472400513478819 0.1258023106546855
0 0.5905006418485237 0.7946084724005135 0.06675224646983312 0.10269576379974327
0 0.5834403080872914 0.6970474967907573 0.06546854942233633 0.10269576379974327
0 0.6418485237483954 0.6912708600770218 0.051347881899871634 0.09884467265725286
0 0.6418485237483954 0.8074454428754814 0.05391527599486521 0.110397946084724
0 0.7021822849807445 0.8055198973042365 0.07958921694480103 0.13222079589216945
0 0.7644415917843392 0.7971758664955071 0.1116816431322208 0.14377406931964057
0 0.7779204107830551 0.9172015404364571 0.0975609756097561 0.13478818998716302
0 0.711168164313222 0.9094993581514761 0.0949935815147625 0.11938382541720154
0 0.6424903722721438 0.9011553273427471 0.07060333761232349 0.12066752246469832
0 0.5872913992297818 0.8818998716302953 0.07317073170731705 0.0975609756097561
0 0.17201540436456994 0.06418485237483953 0.03594351732991014 0.03594351732991014
0 0.17265725288831837 0.29845956354300385 0.04749679075738125 0.04492939666238769
0 0.2779204107830553 0.3472400513478819 0.04492939666238769 0.04236200256739409
0 0.6129653401797175 0.1258023106546855 0.055198973042362 0.04621309370988448
0 0.7323491655969191 0.13029525032092426 0.04236200256739409 0.04492939666238769
0 0.5802310654685495 0.1874197689345315 0.0410783055198973 0.0410783055198973
0 0.6976893453145057 0.2118100128369705 0.03209242618741977 0.030808729139922986
0 0.5430038510911426 0.24775353016688062 0.030808729139922986 0.02053915275994865
0 0.6341463414634148 0.28883183568677795 0.025673940949935817 0.030808729139922986
0 0.5905006418485237 0.3761232349165597 0.02053915275994865 0.02053915275994865
0 0.586007702182285 0.3985879332477536 0.01668806161745828 0.024390243902439025
1 0.6848523748395379 0.14441591784338895 0.06290115532734275 0.08600770218228501
1 0.6219512195121952 0.22207958921694482 0.029525032092426188 0.06161745827984597
1 0.6861360718870347 0.25609756097560976 0.08087291399229782 0.03465982028241335
1 0.5969191270860077 0.279204107830552 0.05391527599486521 0.0680359435173299
1 0.20860077021822854 0.11681643132220795 0.03979460847240052 0.038510911424903725
1 0.24582798459563546 0.18549422336328625 0.08344030808729143 0.0680359435173299
1 0.06482670089858793 0.2849807445442875 0.06546854942233633 0.08472400513478819
1 0.03979460847240052 0.4159178433889602 0.04621309370988448 0.04621309370988448
1 0.08472400513478819 0.3934531450577664 0.06418485237483953 0.052631578947368425
1 0.07637997432605906 0.4852374839537869 0.07317073170731705 0.03594351732991014
1 0.10654685494223365 0.4403080872913992 0.08985879332477538 0.06418485237483953
1 0.27920410783055194 0.41078305519897307 0.052631578947368425 0.0693196405648267
1 0.2894736842105263 0.2650834403080873 0.06546854942233633 0.0885750962772786
1 0.20218228498074456 0.2496790757381258 0.07317073170731705 0.055198973042362
1 0.1367137355584082 0.20154043645699615 0.07317073170731705 0.07958921694480103
1 0.17073170731707318 0.14441591784338895 0.07188703465982028 0.10141206675224644
1 0.2458279845956354 0.10847240051347881 0.08600770218228501 0.09114249037227214
1 0.19127086007702182 0.4390243902439025 0.10012836970474968 0.11296534017971759
1 0.220795892169448 0.36200256739409503 0.10269576379974327 0.0693196405648267
