2 0.697242206235012 0.14117647058823532 0.20023980815347722 0.14479638009049778
2 0.6750599520383693 0.2479638009049774 0.18225419664268586 0.1085972850678733
2 0.8207434052757795 0.28416289592760186 0.183453237410072 0.11945701357466064
2 0.7458033573141486 0.3402714932126697 0.16546762589928057 0.12126696832579185
2 0.633693045563549 0.31402714932126696 0.18824940047961625 0.09592760180995477
2 0.4676258992805755 0.4841628959276018 0.14148681055155876 0.05791855203619909
2 0.5029976019184652 0.5479638009049773 0.10431654676258993 0.07873303167420814
2 0.4046762589928058 0.5361990950226244 0.1546762589928058 0.08235294117647057
2 0.6468824940047962 0.5841628959276018 0.06115107913669065 0.05701357466063348
2 0.700239808153477 0.5977375565610858 0.06954436450839327 0.05520361990950226
2 0.7014388489208634 0.7950226244343892 0.055155875299760196 0.044343891402714934
2 0.7110311750599521 0.8235294117647058 0.06954436450839327 0.04162895927601809
2 0.6558752997601919 0.7981900452488689 0.045563549160671464 0.04343891402714932
2 0.6720623501199041 0.839366515837104 0.0683453237410072 0.06244343891402715
2 0.2529976019184652 0.6583710407239819 0.09832134292565947 0.06606334841628961
2 0.25779376498800954 0.7031674208144797 0.06954436450839327 0.04524886877828054
2 0.1948441247002398 0.6656108597285066 0.0899280575539568 0.051583710407239816
2 0.20203836930455632 0.7049773755656109 0.09712230215827339 0.056108597285067875
2 0.15107913669064751 0.7072398190045248 0.07194244604316546 0.046153846153846156
2 0.1235011990407674 0.6606334841628958 0.09592326139088732 0.036199095022624445
2 0.09832134292565949 0.685972850678733 0.10071942446043165 0.05248868778280543
2 0.12589928057553956 0.7615384615384615 0.1342925659472422 0.06968325791855204
