0 0.5836012861736335 0.7805429864253394 0.33440514469453375 0.18914027149321266
0 0.41720257234726693 0.7791855203619911 0.20418006430868169 0.13574660633484162
0 0.34807073954983914 0.47873303167420816 0.19131832797427653 0.21176470588235294
0 0.26848874598070743 0.27782805429864255 0.14469453376205788 0.09592760180995477
0 0.47508038585208995 0.2714932126696833 0.4646302250803858 0.17194570135746606
0 0.8054662379421224 0.39999999999999986 0.3890675241157553 0.2932126696832582
0 0.5892282958199359 0.5633484162895928 0.38745980707395505 0.3321266968325791
0 0.21141479099678456 0.6384615384615386 0.4228295819935691 0.34660633484162895
0 0.24035369774919615 0.890950226244344 0.4196141479099678 0.18190045248868777
0 0.5860128617363344 0.9013574660633483 0.49678456591639875 0.1972850678733032
0 0.8432475884244375 0.7117647058823527 0.3135048231511254 0.3665158371040722
0 0.1985530546623794 0.3764705882352941 0.3971061093247588 0.20090497737556562
