2 0.09687836383207751 0.08234660925726589 0.1442411194833154 0.13670613562970937
2 0.18083961248654468 0.27341227125941875 0.1356297093649085 0.14639397201291715
2 0.09580193756727665 0.34230355220667386 0.10118406889128095 0.11840688912809473
2 0.17599569429494077 0.36921420882669537 0.07642626480086114 0.0581270182992465
2 0.2588805166846071 0.3584499461786867 0.08073196986006458 0.08611410118406888
2 0.08396124865446715 0.22066738428417657 0.12055974165769644 0.10979547900968784
2 0.2007534983853606 0.15608180839612487 0.15823466092572658 0.11840688912809473
2 0.21205597416576963 0.06996770721205597 0.116254036598493 0.07319698600645858
2 0.25511302475780406 0.043057050592034435 0.0882669537136707 0.08396124865446715
2 0.26372443487621106 0.21636167922497315 0.08611410118406891 0.1184068891280948
2 0.03982777179763186 0.3170075349838535 0.07965554359526372 0.09580193756727659
2 0.053283100107642624 0.3008611410118407 0.05489773950484392 0.06781485468245425
2 0.03336921420882669 0.17115177610333693 0.06673842841765339 0.12271259418729817
1 0.7233584499461787 0.1533907427341227 0.09041980624327234 0.1216361679224973
1 0.8347685683530678 0.14531754574811626 0.08719052744886975 0.09687836383207751
1 0.8869752421959096 0.04305705059203444 0.06027987082884822 0.07534983853606028
1 0.7852529601722281 0.03659849300322928 0.08288482238966634 0.07104413347685684
1 0.9251883745963402 0.1969860064585576 0.08073196986006458 0.13347685683530677
1 0.8966630785791173 0.3315392895586652 0.12055974165769644 0.08180839612486542
1 0.8939720129171154 0.4488697524219591 0.061356297093649086 0.1054897739504844
1 0.7604951560818084 0.41119483315392896 0.08503767491926803 0.13132400430570507
1 0.6297093649085039 0.4655543595263724 0.08826695371367065 0.0742734122712594
1 0.6636167922497309 0.35791173304628626 0.09364908503767494 0.08934337997847144
1 0.7287405812701832 0.2744886975242196 0.1356297093649085 0.1054897739504844
1 0.8342303552206674 0.24757804090419808 0.04951560818083961 0.08396124865446715
0 0.06458557588805167 0.6044133476856836 0.09687836383207751 0.14101184068891284
0 0.12917115177610333 0.5780409041980623 0.0688912809472551 0.12271259418729817
0 0.18460710441334768 0.5925726587728741 0.06996770721205597 0.09364908503767494
0 0.16146393972012915 0.6630785791173305 0.06458557588805167 0.05597416576964478
2 0.8783638320775029 0.6969860064585576 0.03013993541442411 0.026910656620021525
2 0.9332615715823465 0.6894510226049515 0.03013993541442411 0.03552206673842842
2 0.794940796555436 0.6076426264800862 0.03552206673842842 0.02906350914962325
2 0.7325080731969861 0.573735199138859 0.041980624327233575 0.038751345532831
2 0.7631862217438105 0.5667384284176534 0.02583423035522067 0.041980624327233575
2 0.9241119483315393 0.7793326157158234 0.024757804090419805 0.04305705059203444
2 0.9607104413347686 0.7658772874058127 0.02906350914962325 0.031216361679224973
2 0.8536060279870828 0.7341227125941873 0.03229278794402583 0.02798708288482239
2 0.7970936490850378 0.7201291711517761 0.041980624327233575 0.03229278794402583
2 0.8073196986006458 0.8245425188374597 0.038751345532831 0.03444564047362755
2 0.9133476856835308 0.844994617868676 0.03767491926803014 0.03229278794402583
2 0.9849300322927881 0.9741657696447794 0.03013993541442411 0.05166846071044134
1 0.6673842841765336 0.6609257265877289 0.19375672766415503 0.17007534983853606
1 0.6216361679224973 0.8396124865446717 0.17115177610333693 0.2131324004305705
1 0.792787944025834 0.8745963401506995 0.15823466092572658 0.20129171151776107
1 0.9381054897739506 0.933799784714747 0.1216361679224973 0.13240043057050593
1 0.9386437029063509 0.8019375672766416 0.12271259418729817 0.13347685683530677
