0 0.6219512195121951 0.10141206675224648 0.16302952503209242 0.14377406931964057
0 0.6938382541720154 0.17586649550706035 0.19897304236200256 0.15917843388960207
0 0.7676508344030809 0.25609756097560976 0.15661103979460847 0.08600770218228501
0 0.7201540436456996 0.3664955070603338 0.20539152759948653 0.13735558408215662
0 0.573170731707317 0.2830551989730424 0.15275994865211806 0.12708600770218229
0 0.610397946084724 0.3940949935815148 0.1116816431322208 0.15917843388960207
0 0.7336328626444159 0.07445442875481387 0.1399229781771502 0.07445442875481387
0 0.7727856225930678 0.1649550706033376 0.10269576379974327 0.08344030808729143
0 0.6020539152759948 0.18806161745827984 0.1386392811296534 0.1399229781771502
0 0.7233632862644416 0.43645699614890887 0.09884467265725286 0.08985879332477538
0 0.8125802310654686 0.32798459563543014 0.07188703465982028 0.11938382541720154
0 0.527599486521181 0.16559691912708602 0.05648267008985879 0.15661103979460847
2 0.6197025711296617 0.5155900046431711 0.0247460391161445 0.0247460391161445
2 0.649397818069035 0.5393462021946697 0.01979683129291563 0.026725722245436078
2 0.6442011498546446 0.5725058946103034 0.018312068945946912 0.020786672857561427
2 0.6308382887319266 0.5759703400865636 0.024251118333821563 0.03266477163331082
2 0.6427163875076761 0.5952722505971564 0.03513937554492518 0.02573588068079029
2 0.07374319656611063 0.04305810806209145 0.041573345715122764 0.0455327119737059
2 0.07968224595398529 0.0752279589130793 0.035634296327248086 0.039593662585831205
2 0.07968224595398529 0.2581011879813872 0.019796831292915613 0.031180009286342066
2 0.09131288433857324 0.10294352272316115 0.03315969241563364 0.02969524693937341
2 0.06384478091965283 0.10739780976406717 0.03662413789189387 0.033654613197956526
2 0.04033604375931555 0.09428240903251056 0.05097684057925769 0.030190167721696297
2 0.12719464105698275 0.15763226916984052 0.023756197551498732 0.022271435204530052
2 0.12768956183930563 0.17866640241856335 0.028705405374727613 0.015837465034332476
2 0.14525924961176823 0.17124259068371997 0.021281593639884286 0.021776514422207172
2 0.08141446869211544 0.1952462486263801 0.01831206894594693 0.015342544252009583
2 0.19722593175567169 0.23112800534478967 0.03513937554492522 0.016827306598978263
2 0.22296181243646201 0.24968753468189805 0.018312068945946912 0.01435270268736383
2 0.22296181243646201 0.22840594104201384 0.020291752075238527 0.015342544252009618
2 0.18435799141527665 0.2138057779634885 0.02029175207523849 0.017817148163624053
2 0.21652784226626445 0.21380577796348857 0.013362861122718039 0.012867940340395146
2 0.2011852980142549 0.21801260461323313 0.019301910510592737 0.013362861122718039
1 0.3360512111972424 0.6750719470884222 0.020786672857561382 0.026725722245436078
1 0.35386835936086647 0.6532954326662148 0.033654613197956526 0.026725722245436002
1 0.36104471070454847 0.682248298432104 0.028210484592404727 0.018312068945946912
1 0.38381106669140136 0.6988281446399209 0.02524095989846736 0.01979683129291563
1 0.38826535373230725 0.6701227392651932 0.021281593639884286 0.027715563810081795
1 0.41028932854567585 0.7092214810687014 0.036624137891893824 0.016827306598978332
1 0.41697075910703496 0.6874449666464943 0.029200326157050514 0.0217765144222072
1 0.44023203587621074 0.7168927531947064 0.03414953398027939 0.009403494864134885
1 0.4595339463868035 0.7084790998952175 0.045037791191382986 0.034149533980279534
1 0.2576062671990643 0.7163978324123838 0.03216985085098781 0.039098741803508266
1 0.29744739017605704 0.6592344820540896 0.0247460391161445 0.02573588068079037
1 0.31452215716619675 0.6599768632275739 0.01633238581665537 0.01633238581665533
1 0.3229358104656859 0.5919252556581764 0.03711905867421679 0.035634296327248106
1 0.29596262782908833 0.6268171708119403 0.050481919796934754 0.02623080146311315
1 0.23483991121221134 0.5842539835321717 0.0301901677216963 0.04998699901461193
1 0.12422511636304541 0.6797736945204896 0.021776514422207172 0.01633238581665533
1 0.13338115083601887 0.6674006749624174 0.019301910510592723 0.02227143520453007
1 0.19376148627941153 0.7656424502535111 0.039098741803508294 0.027715563810081795
1 0.17198497185720438 0.7446083170047882 0.011383177993426466 0.01633238581665548
1 0.15961195229913208 0.7369370448787835 0.010393336428780691 0.01682730659897819
1 0.1455067100029297 0.7230792629737427 0.010888257211103586 0.012867940340395186
1 0.07003129069868895 0.6946213179901762 0.031180009286342066 0.02425111833382179
1 0.06359732052849139 0.6688854373093861 0.04305810806209145 0.029200326157050514
1 0.08611621612418288 0.6490886060164703 0.038603821021185425 0.03118000928634195
1 0.14723893274105979 0.6431495566285959 0.021281593639884286 0.028210484592404654
1 0.1949987882352187 0.6579971800982826 0.012867940340395146 0.015342544252009618
1 0.19079196158547418 0.6790313133470053 0.019301910510592737 0.01880698972826977
1 0.19178180315011992 0.7015502089426968 0.027220643027758937 0.02920032615705067
1 0.2370670547326644 0.6810109964762969 0.0108882572111036 0.02276635598685293
1 0.22494149556575355 0.6740821055237763 0.023261276769175856 0.01979683129291563
1 0.23731451512382581 0.6570073385336366 0.04008858336815409 0.03909874180350833
1 0.20291752075238498 0.6174136759478055 0.049492078232289 0.03711905867421682
1 0.14575417039409116 0.5518366722900225 0.01237301955807225 0.0247460391161445
1 0.1301641657509201 0.5357517468645286 0.025735880680790274 0.024251118333821643
1 0.15515766525822605 0.5246160292622636 0.01633238581665537 0.02177651442220713
1 0.21281593639884278 0.5399585735142732 0.011878098775749357 0.01088825721110353
1 0.2103413324872283 0.5538163554193142 0.011878098775749357 0.014847623469686759
1 0.19450386745289586 0.5580231820690587 0.020786672857561382 0.027220643027758937
1 0.18881227845618262 0.5176871383097432 0.013362861122718039 0.016827306598978263
1 0.20935149092258254 0.5147176136158058 0.019796831292915595 0.020786672857561427
1 0.06928890952520463 0.5785623945354587 0.02573588068079028 0.015837465034332476
1 0.03167493006866497 0.5602503255895117 0.040583504150477 0.043553028844414345
1 0.04107842493279988 0.5867285874437863 0.010888257211103586 0.015342544252009618
1 0.030190167721696297 0.6159289136008368 0.010888257211103581 0.012373019558072325
1 0.022271435204530055 0.5916777952670152 0.018806989728269826 0.01633238581665541
1 0.06656684522242873 0.5298126974766539 0.034149533980279416 0.06582446404894442
