0 0.5868516284680338 0.11040723981900452 0.17490952955367914 0.08868778280542987
0 0.6767189384800965 0.06832579185520363 0.23160434258142343 0.06244343891402715
0 0.6887816646562124 0.1588235294117647 0.1785283474065139 0.11312217194570136
0 0.5060313630880579 0.197737556561086 0.18938480096501809 0.08959276018099548
0 0.5735826296743063 0.2805429864253394 0.22557297949336552 0.11221719457013575
0 0.5132689987937273 0.39321266968325796 0.24728588661037396 0.11493212669683257
0 0.645958986731001 0.3547511312217195 0.19903498190591074 0.08687782805429864
0 0.7430639324487335 0.2868778280542987 0.16887816646562123 0.10135746606334842
0 0.7931242460796138 0.4882352941176471 0.18938480096501809 0.06063348416289593
0 0.6827503015681542 0.49954751131221714 0.2509047044632086 0.1049773755656108
0 0.721351025331725 0.5705882352941176 0.24849215922798554 0.08959276018099548
0 0.641133896260555 0.6303167420814481 0.17490952955367914 0.08416289592760182
0 0.7967430639324488 0.6506787330316741 0.21592279855247287 0.08868778280542987
0 0.8781664656212304 0.5552036199095022 0.2195416164053076 0.09502262443438914
0 0.6815440289505429 0.7918552036199094 0.27744270205066346 0.12126696832579185
0 0.47828709288299154 0.7502262443438914 0.18697225572979487 0.08144796380090497
0 0.43063932448733405 0.6737556561085972 0.21230398069963813 0.08235294117647057
0 0.4493365500603137 0.7972850678733033 0.22557297949336552 0.09773755656108599
0 0.2882991556091677 0.8923076923076922 0.2629674306393245 0.13212669683257922
0 0.1827503015681544 0.957918552036199 0.13872135102533173 0.06968325791855204
0 0.9119420989143545 0.9497737556561086 0.16887816646562123 0.06063348416289593
0 0.9131483715319662 0.9733031674208142 0.13751507840771995 0.05339366515837105
0 0.8395657418576598 0.7823529411764706 0.14234016887816647 0.10226244343891402
