0 0.6199261992619927 0.43031674208144793 0.4280442804428044 0.22171945701357465
0 0.485239852398524 0.27963800904977376 0.34686346863468637 0.260633484162896
0 0.794280442804428 0.2149321266968326 0.3487084870848708 0.2615384615384616
0 0.22047970479704798 0.18642533936651584 0.3634686346863469 0.22624434389140272
0 0.5212177121771218 0.11674208144796379 0.24538745387453875 0.10678733031674208
0 0.8219557195571956 0.07692307692307693 0.35608856088560886 0.15384615384615385
0 0.3154981549815498 0.08190045248868777 0.46494464944649444 0.16380090497737554
0 0.18911439114391143 0.3669683257918552 0.37822878228782286 0.21085972850678733
0 0.584870848708487 0.6099547511312217 0.4907749077490775 0.1972850678733032
0 0.1872693726937269 0.5737556561085972 0.3007380073800737 0.23710407239818998
0 0.3274907749077491 0.6542986425339365 0.20479704797047973 0.09411764705882353
0 0.4566420664206642 0.7868778280542986 0.27490774907749077 0.27420814479638017
0 0.8016605166051661 0.8425339366515837 0.37822878228782286 0.2552036199095022
0 0.8468634686346864 0.6289592760180995 0.3062730627306273 0.2244343891402715
0 0.8736162361623613 0.4384615384615384 0.24169741697417021 0.16199095022624432
0 0.1568265682656827 0.8380090497737556 0.3136531365313654 0.2823529411764706
0 0.6374538745387452 0.9280542986425335 0.33394833948339475 0.13484162895927634
0 0.35701107011070116 0.9212669683257918 0.2859778597785977 0.12126696832579179
0 0.38929889298892983 0.4461538461538461 0.23247232472324722 0.13574660633484162
