2 0.5652694610778443 0.42891373801916927 0.23473053892215567 0.26357827476038337
2 0.8455089820359281 0.07587859424920128 0.09820359281437126 0.09744408945686901
2 0.8113772455089822 0.3722044728434505 0.08263473053892217 0.11182108626198083
2 0.7047904191616765 0.38418530351437696 0.05868263473053892 0.062300319488817875
2 0.7017964071856286 0.31709265175718854 0.06227544910179641 0.06869009584664537
2 0.6461077844311377 0.31070287539936103 0.0754491017964072 0.07507987220447285
2 0.7598802395209581 0.5399361022364217 0.07784431137724551 0.09584664536741214
2 0.7101796407185629 0.5694888178913738 0.08622754491017964 0.10063897763578275
2 0.6167664670658684 0.6988817891373802 0.11497005988023952 0.17412140575079874
2 0.6149700598802395 0.5806709265175719 0.07305389221556886 0.043130990415335455
2 0.5221556886227545 0.6908945686900958 0.15568862275449102 0.19648562300319491
2 0.40778443113772456 0.6445686900958466 0.08263473053892217 0.13258785942492013
2 0.4616766467065868 0.5479233226837061 0.12574850299401197 0.11821086261980832
2 0.29101796407185626 0.5766773162939297 0.1341317365269461 0.1693290734824281
2 0.047904191616766484 0.5167731629392972 0.09580838323353297 0.18690095846645371
2 0.1341317365269461 0.6517571884984024 0.10778443113772455 0.13738019169329074
2 0.04131736526946109 0.6789137380191694 0.08263473053892217 0.14696485623003194
2 0.20958083832335325 0.8218849840255591 0.07664670658682635 0.13258785942492013
2 0.4203592814371258 0.9400958466453673 0.17964071856287425 0.11980830670926518
2 0.274251497005988 0.9472843450479234 0.1341317365269461 0.10543130990415335
2 0.17844311377245511 0.9504792332268371 0.0718562874251497 0.09904153354632587
2 0.09041916167664671 0.8674121405750799 0.18083832335329342 0.2619808306709265
