2 0.501926782273603 0.32284980744544284 0.31021194605009633 0.16302952503209242
2 0.8179190751445086 0.3613607188703466 0.22157996146435452 0.10141206675224644
2 0.8535645472061658 0.40821566110397944 0.2157996146435453 0.10269576379974327
2 0.6098265895953757 0.44993581514762504 0.29094412331406544 0.12965340179717585
2 0.4903660886319846 0.5346598202824133 0.29865125240847784 0.13478818998716302
2 0.6666666666666667 0.6065468549422336 0.2504816955684008 0.12195121951219512
2 0.7350674373795759 0.5134788189987163 0.23699421965317918 0.11810012836970475
2 0.26878612716763006 0.40500641848523744 0.2639691714836224 0.13478818998716302
2 0.1589595375722543 0.3543003851091142 0.1907514450867052 0.07702182284980745
2 0.2581888246628131 0.4903722721437741 0.323699421965318 0.12836970474967907
2 0.43834296724470134 0.634788189987163 0.21387283236994223 0.07317073170731705
2 0.5578034682080925 0.6887034659820283 0.1907514450867052 0.09370988446726573
2 0.7292870905587668 0.6919127086007703 0.24084778420038536 0.110397946084724
2 0.5308285163776493 0.8016688061617456 0.302504816955684 0.15532734274711169
2 0.30250481695568404 0.7317073170731709 0.2928709055876686 0.10526315789473685
2 0.29383429672447015 0.628369704749679 0.18304431599229287 0.10654685494223363
