2 0.4755766621438262 0.23891402714932128 0.24287652645861602 0.11945701357466064
2 0.7957937584803257 0.22443438914027147 0.24287652645861602 0.0995475113122172
2 0.2815468113975577 0.05610859728506787 0.13975576662143827 0.08687782805429864
2 0.38398914518317506 0.021266968325791856 0.14382632293080053 0.04253393665158371
2 0.5345997286295794 0.0334841628959276 0.10583446404341929 0.0669683257918552
2 0.4355495251017639 0.2289592760180995 0.16824966078697423 0.11040723981900452
2 0.2693351424694708 0.29547511312217195 0.22930800542740848 0.11131221719457013
2 0.4579375848032565 0.43800904977375565 0.18317503392130263 0.10678733031674208
2 0.737449118046133 0.44343891402714936 0.19945725915875168 0.11764705882352938
2 0.7530529172320217 0.543891402714932 0.25508819538670285 0.11583710407239818
2 0.8331071913161467 0.6140271493212669 0.2198100407055631 0.08959276018099548
2 0.6261872455902308 0.6153846153846154 0.19131614654002715 0.08687782805429864
2 0.4402985074626865 0.5257918552036197 0.17774762550881948 0.08144796380090497
2 0.28629579375848035 0.5199095022624435 0.1519674355495251 0.133031674208145
2 0.2740841248303935 0.3959276018099547 0.20895522388059695 0.10588235294117647
2 0.18113975576662145 0.4484162895927602 0.2401628222523745 0.11674208144796379
2 0.10651289009497965 0.35882352941176476 0.2130257801899593 0.134841628959276
2 0.17706919945725916 0.532579185520362 0.22388059701492538 0.134841628959276
2 0.33649932157394846 0.5877828054298643 0.19810040705563092 0.1076923076923077
2 0.5936227951153326 0.502262443438914 0.19402985074626866 0.13574660633484162
