0 0.25857002938295787 0.6867779204107829 0.11753183153770813 0.1514762516046213
0 0.2713026444662096 0.3125802310654685 0.10773751224289912 0.1681643132220796
0 0.47159647404505384 0.43838254172015406 0.0714985308521058 0.10911424903722722
0 0.38491674828599415 0.3780487804878049 0.05093046033300686 0.06033376123234916
0 0.36336924583741426 0.42233632862644427 0.03721841332027424 0.038510911424903725
0 0.5137120470127327 0.475609756097561 0.04995102840352596 0.06290115532734275
0 0.569539666993144 0.4216944801026958 0.05190989226248776 0.06546854942233633
0 0.6390793339862879 0.6129653401797176 0.06953966699314396 0.11681643132220795
0 0.6762977473065622 0.6071887034659821 0.06953966699314396 0.11296534017971759
0 0.5337904015670911 0.7509627727856224 0.03525954946131244 0.038510911424903725
0 0.48775710088148877 0.7374839537869063 0.04897159647404505 0.052631578947368425
0 0.515181194906954 0.5905006418485238 0.03917727717923605 0.06161745827984597
0 0.23898139079333988 0.5802310654685495 0.04113614103819784 0.04621309370988448
0 0.23506366307541626 0.472400513478819 0.07639569049951028 0.07188703465982028
0 0.5621939275220372 0.871630295250321 0.0783545543584721 0.12323491655969195
0 0.6914789422135162 0.813222079589217 0.05093046033300686 0.055198973042362
0 0.6611165523996081 0.7400513478819 0.045053868756121454 0.04492939666238769
0 0.7443682664054849 0.7182284980744543 0.05288932419196866 0.05006418485237484
0 0.8388834476003918 0.738767650834403 0.0832517140058766 0.08600770218228501
0 0.8834476003917727 0.7362002567394095 0.06268364348677767 0.10397946084724005
0 0.44270323212536733 0.7008985879332478 0.06072477962781587 0.059050064184852376
0 0.4103819784524976 0.782413350449294 0.09990205680705191 0.14249037227214376
1 0.3143976493633692 0.46854942233632874 0.06072477962781587 0.08985879332477538
1 0.599902056807052 0.7240051347881901 0.04995102840352596 0.06418485237483953
1 0.4480901077375122 0.6463414634146342 0.061704211557296766 0.07830551989730423
1 0.541136141038198 0.6116816431322207 0.03819784524975514 0.06033376123234916
1 0.36043095004897163 0.5937098844672657 0.06660137120470129 0.06546854942233633
1 0.3819784524975514 0.48267008985879334 0.07247796278158668 0.08729139922978177
1 0.3129285014691479 0.5391527599486521 0.07541625857002938 0.07445442875481387
0 0.9280117531831538 0.15596919127086006 0.04211557296767874 0.08087291399229782
