1 0.485207100591716 0.44472361809045236 0.4457593688362919 0.2864321608040202
1 0.7120315581854044 0.5477386934673367 0.32741617357001973 0.2562814070351759
1 0.8185404339250493 0.5219849246231156 0.2998027613412228 0.22738693467336685
1 0.39250493096646943 0.17839195979899497 0.3431952662721893 0.2236180904522613
1 0.621301775147929 0.24497487437185933 0.3550295857988167 0.2010050251256282
1 0.2583826429980276 0.7267587939698492 0.3668639053254438 0.17964824120603015
1 0.747534516765286 0.8511306532663317 0.4181459566074951 0.257537688442211
1 0.5069033530571989 0.8505025125628136 0.4497041420118342 0.22361809045226191
1 0.26627218934911245 0.5665829145728644 0.4457593688362919 0.17587939698492464
1 0.2445759368836292 0.9340452261306533 0.39447731755424065 0.13190954773869346
1 0.6262327416173571 0.12876884422110552 0.36094674556213024 0.2047738693467336
1 0.3619329388560158 0.3153266331658291 0.23076923076923075 0.15326633165829145
