2 0.06457564575645756 0.5535055350553506 0.08487084870848709 0.08118081180811808
0 0.20756457564575648 0.18081180811808117 0.1900369003690037 0.1033210332103321
0 0.1881918819188192 0.2896678966789668 0.16236162361623616 0.08856088560885608
0 0.21494464944649447 0.10239852398523985 0.16051660516605165 0.0940959409594096
0 0.3809963099630996 0.08487084870848707 0.17158671586715868 0.0996309963099631
0 0.3948339483394834 0.1411439114391144 0.1402214022140221 0.07564575645756458
0 0.5959409594095939 0.7084870848708487 0.1033210332103321 0.16974169741697417
0 0.6808118081180814 0.7084870848708487 0.1070110701107011 0.1660516605166052
0 0.7896678966789668 0.6752767527675275 0.1033210332103321 0.16236162361623616
0 0.679889298892989 0.7453874538745388 0.07195571955719557 0.14391143911439114
0 0.5876383763837639 0.8726937269372694 0.11254612546125461 0.15867158671586715
0 0.651291512915129 0.8837638376383765 0.0996309963099631 0.12915129151291513
0 0.5335924006181081 0.0702516286280214 0.03997582214816276 0.06878192928433895
0 0.5056681130881413 0.2233943002397334 0.01704851238671641 0.037624303198270884
0 0.5147802490189727 0.21780944273373998 0.01881215159913547 0.03821218293574386
0 0.5626924476230206 0.1105213906449207 0.025278828711338283 0.06113949269719017
0 0.580916719484683 0.12051534618196139 0.027630347661230112 0.049381897947730534
0 0.6023743299024469 0.10287895405777192 0.030569746348595026 0.04115158162310878
0 0.5694530646039581 0.16107904806759715 0.03762430319827018 0.06701829007191992
0 0.5662197260478586 0.19311849375987472 0.03703642346079795 0.048794018210257535
0 0.6179531429454809 0.18900333559756388 0.03703642346079795 0.0640788913845551
0 0.6188349625516906 0.1540244912179214 0.035272784248379 0.043503100573000685
0 0.636765294544616 0.17283664281705657 0.03586066398585305 0.05643645479740625
0 0.6576350252249052 0.16166692780506997 0.03409702477343333 0.054084935847514455
0 0.6623380631246912 0.18782757612261786 0.02939398687364906 0.04644249926036561
0 0.6423501520506099 0.21281246496521963 0.030569746348595026 0.05173341689762245
0 0.6958472081606512 0.11786988736333297 0.04115158162310883 0.05584857505993332
0 0.7255351349030368 0.13815173830615085 0.038212182935743806 0.05878797374729824
0 0.7078987427788472 0.14902751344940102 0.02410306923639221 0.06525465085950102
0 0.7787382511443417 0.13403658014384 0.041151581623108724 0.048206138472784564
0 0.7940231243186373 0.15843358924896872 0.028218227398703184 0.05937585348477119
0 0.7684503557385646 0.16930936439221891 0.03821218293574392 0.054084935847514386
0 0.7243593754280907 0.18194877874788806 0.022927309761446243 0.04526673978541966
