0 0.22781774580335726 0.6072 0.3333333333333332 0.5392
0 0.5977218225419665 0.5720000000000001 0.35851318944844124 0.392
0 0.7428057553956835 0.392 0.2841726618705036 0.43200000000000005
0 0.4244604316546761 0.19760000000000003 0.2182254196642686 0.3856
0 0.8375299760191843 0.6408000000000001 0.19304556354916066 0.35359999999999997
0 0.4430455635491606 0.6799999999999998 0.22182254196642692 0.41600000000000004
0 0.1462829736211031 0.3408 0.290167865707434 0.2912
0 0.5815347721822541 0.28479999999999994 0.2829736211031175 0.32
0 0.6354916067146285 0.0752 0.27577937649880097 0.1472
0 0.2823741007194245 0.18960000000000002 0.16906474820143885 0.37920000000000004
0 0.2985611510791367 0.8432 0.2182254196642686 0.1888
0 0.4880095923261392 0.8608 0.20863309352517986 0.2783999999999999
0 0.6540767386091128 0.7976000000000001 0.17625899280575535 0.248
