0 0.1620855461683336 0.5698934906122963 0.14634908537529148 0.09441876475825256
0 0.11330251770990313 0.5997927661190764 0.1526436696925084 0.08969782652033993
0 0.06687995837042891 0.6222172227491614 0.12274439418572834 0.09677923387720883
2 0.5287450826462144 0.15775801945024706 0.053503966696343136 0.03225974462573631
2 0.5417276628004744 0.11999051354694601 0.06687995837042889 0.04484891326016997
2 0.5755610535055147 0.10071334907546943 0.04799620541877844 0.03304656766538842
2 0.5322857863246491 0.05389737821616919 0.05271714365669108 0.04327526718086579
2 0.5582509466331684 0.01337599167408578 0.05901172797390783 0.018883752951650516
2 0.5838226954218617 0.03422680222486657 0.05507761277564735 0.02439151422921525
2 0.6101812672502072 0.06687995837042893 0.04799620541877844 0.03462021374469262
2 0.7029047475825526 0.7399562521320802 0.023661638746700322 0.01607778017404002
2 0.7009329443536609 0.7270636925585573 0.01789790623147853 0.015167717145320815
2 0.6910739282092024 0.7167496448997394 0.018201260574384894 0.013347591087882199
2 0.7070000312117891 0.7118959754132367 0.021538158346355446 0.012740882402069468
2 0.7019946845538333 0.6967282582679158 0.013954299773695143 0.017594551888572164
2 0.7133704724128238 0.6909645257526941 0.015471071488227286 0.01941467794601057
2 0.5968824047367605 0.6392426102871501 0.01789790623147853 0.01607778017404002
2 0.5886918374782872 0.6278668224281596 0.029425371261922212 0.016381134516946495
2 0.6015843970518098 0.6491016264316087 0.02184151268926181 0.01698784320275922
2 0.6191789489403818 0.6392426102871502 0.01759455188857206 0.017897906231478425
2 0.5817146875914396 0.7026436679545911 0.02335828440379396 0.0239649930896069
2 0.5967307275653071 0.7352542598170306 0.022448221375074753 0.016381134516946384
2 0.6270661618559487 0.7354059369884838 0.013347591087882199 0.01607778017404002
2 0.6135668935966132 0.7372260630459224 0.01729119754566569 0.016684488859852856
2 0.6044662633094208 0.769078269051096 0.019718032288916935 0.016684488859852856
2 0.6191789489403818 0.5441410237859892 0.03215556034808004 0.026695182175764613
2 0.6308580911422788 0.527304857754683 0.03609916680586343 0.030638788633547995
2 0.6564915331178709 0.5362538108704223 0.03276226903389287 0.030335434290641526
