1 0.021004582925060404 0.0717839333630856 0.04071657613165555 0.09312510274130023
1 0.08078685740407848 0.040257205872541245 0.02585179436930512 0.059173242366867856
1 0.08918869057410264 0.14599299961005918 0.03489992239856189 0.047532604524205324
1 0.21747822013177925 0.03977217929576364 0.03942398641319029 0.06014329552042306
1 0.18677921431822941 0.10379568743040753 0.052996178457075466 0.06402350813464389
1 0.24171427735300285 0.07663419913086164 0.041362870990888166 0.06790372074886475
1 0.2998808146839393 0.12222669734795655 0.05170358873861024 0.03880212614220844
1 0.16739036854125058 0.25172879334757714 0.055581357894006 0.03395186037443236
1 0.1602811250896917 0.30023145102533766 0.058166537330936505 0.03589196668154276
1 0.3321955576455706 0.31041700913766745 0.059459127049401726 0.06984382705597515
1 0.31312985929820814 0.2182619595499224 0.07820167796714794 0.0446224450635397
1 0.3073132055651145 0.1784897802541588 0.05881283219016912 0.0446224450635397
1 0.35772420458525955 0.12998712257639825 0.05234988359784285 0.06984382705597518
1 0.22943467502758289 0.1396876541119504 0.04524064014628397 0.06208340182753349
1 0.25043925795264327 0.18479512575226764 0.0420091658501208 0.0630534549810887
1 0.1809625605851358 0.18576517890582284 0.05428876817554073 0.047532604524205296
1 0.18031626572590315 0.1459929996100592 0.04911840930167971 0.04559249821709491
1 0.21424674583561612 0.3070218231002242 0.04330175556858605 0.05335292344553658
1 0.2510855528118759 0.26821969695801573 0.027790678947003 0.06499356128819912
1 0.27629105232194834 0.26579456407412777 0.031668448102398765 0.04850265767776054
1 0.2804919689069605 0.3079918762537794 0.041362870990888166 0.06111334867397826
1 0.2772604946107973 0.38705120826852907 0.02972956352470088 0.07566414597730646
1 0.23557447619029281 0.4394340785605104 0.04588693500551658 0.02910159460665629
1 0.23008096988681548 0.3967517398040812 0.04394805042781871 0.04268233875642922
1 0.1415385741719455 0.3923865006130827 0.05041099902014496 0.051412817138426166
1 0.15090984963081858 0.363769932583204 0.04071657613165554 0.06014329552042305
1 0.17417646456319322 0.35212929474054144 0.03554621725779454 0.058203189213312634
1 0.13184415128345606 0.4355538659462896 0.05428876817554074 0.03880212614220844
1 0.18710236174784572 0.48308647047049486 0.03813139669472503 0.046562551370650115
1 0.21198471382830192 0.47047577947427716 0.05428876817554071 0.05626308290620221
1 0.16318945195623852 0.45155974297995055 0.042009165850120815 0.06887377390241997
1 0.31377615415744076 0.5703912542904639 0.04847211444244706 0.04462244506353976
1 0.3005271095431719 0.5980377691667875 0.0413628709908882 0.049472710831315686
1 0.25851794369305114 0.6014329552042306 0.047825819583214475 0.05432297659909174
1 0.22878838016835024 0.5708762808672414 0.02972956352470088 0.04753260452420537
1 0.2588410911226674 0.48502657677760536 0.032961037820864014 0.08536467751285856
1 0.2888938020769846 0.5277089155340345 0.0348999223985619 0.0620834018275334
1 0.24591519393801492 0.5417746862605851 0.044594345287051314 0.037832072988653175
1 0.27984567404772787 0.6732168885673162 0.02972956352470088 0.06596361444175425
1 0.3053743209874166 0.7222045728218542 0.03813139669472503 0.04559249821709485
1 0.24720778365648013 0.7052286426346382 0.0420091658501208 0.05820318921331258
1 0.24139112992338654 0.7532462737356211 0.051057293879377574 0.06305345498108873
1 0.276937347181181 0.7498510876981779 0.029083268665468252 0.0504427639848709
1 0.08207944712254374 0.7479109813910674 0.060751716767867024 0.08730478381996906
1 0.5729403927097245 0.05092779056164856 0.0626906013455649 0.08245451805219291
1 0.5167127399564858 0.11155611265884924 0.03554621725779449 0.05820318921331265
1 0.5383636177407789 0.09506520904841065 0.0310221532431661 0.0446224450635397
1 0.4637165614994102 0.055293029752647015 0.03813139669472499 0.08730478381996896
1 0.4947387147425765 0.07954435859152728 0.020035140636211438 0.054322976599091806
1 0.4827822598467729 0.15375342483850088 0.03231474296163143 0.06693366759530953
1 0.44206568371511734 0.14162776041906078 0.03360733268009661 0.07760425228441686
1 0.43592588255240744 0.0543229765990918 0.03683880697625981 0.05820318921331265
1 0.41201297276080023 0.12610690996217738 0.03683880697625981 0.04850265767776054
1 0.5205905091118816 0.22844751766225208 0.03813139669472499 0.05529302975264701
1 0.6143032637006127 0.1464780261868368 0.03813139669472507 0.0659636144417543
1 0.5845737001759104 0.1775197271006036 0.0316684481023985 0.09118499643418952
1 0.6666531472984555 0.1270769631157326 0.034253627539329305 0.08342457120574812
1 0.5577524635177576 0.1998309496323734 0.03231474296163135 0.06208340182753346
1 0.569385770983945 0.2619143514599069 0.03877769155395763 0.05820318921331266
1 0.6181810328560087 0.24542344784946835 0.0484721144424471 0.07178393336308558
1 0.6275523083148815 0.20031597620915098 0.04136287099088813 0.05917324236686785
1 0.6495263335287911 0.2362079428906938 0.03619251211702711 0.06693366759530953
1 0.6715003587427002 0.18625020548260046 0.03489992239856186 0.06208340182753349
1 0.6934743839566094 0.14890315907072485 0.029729563524700846 0.06111334867397826
1 0.5881283219016913 0.3458239492424326 0.03748510183549237 0.04947271083131574
1 0.6023468088048091 0.38753623484530664 0.058166537330936435 0.057233136059757425
1 0.5451497137627215 0.36910522492775777 0.06010542190863438 0.03783207298865323
1 0.5202673616822654 0.43167365333206875 0.05428876817554074 0.040742232449318856
1 0.5238219834080446 0.45446990244061614 0.07173872937482167 0.030071647760211498
1 0.602346808804809 0.44428434432828645 0.07626279338945006 0.046562551370650115
1 0.5267303102745916 0.5087928790397079 0.05687394761247125 0.06111334867397821
1 0.5561367263696763 0.5733014137511294 0.05752024247170381 0.056263082906202265
1 0.5813422258797486 0.4990923475041558 0.03683880697625974 0.06111334867397826
1 0.6143032637006127 0.49618218804349024 0.03813139669472507 0.057233136059757425
1 0.6052551356713559 0.5558404569871357 0.04588693500551658 0.04850265767776059
1 0.634338404336824 0.584942051593792 0.03683880697625981 0.06402350813464394
1 0.6941206788158422 0.5863971313241249 0.05816653733093658 0.03395186037443235
1 0.645648564373395 0.6610912241478761 0.04007028127242302 0.06305345498108873
1 0.70219936455625 0.6198639651217797 0.053642473316308115 0.032981807220877124
1 0.7128632297335886 0.6746719682976491 0.06592207564172796 0.04171228560287412
1 0.6546966924026519 0.48454155020082773 0.03489992239856186 0.04365239190998449
1 0.6831336662088875 0.5335292344553659 0.06462948592326286 0.02328127568532503
1 0.6928280890973767 0.7503361142749555 0.03360733268009661 0.06305345498108873
1 0.6501726283880237 0.7998088251062712 0.03877769155395763 0.08633473066641377
1 0.6747318330388632 0.8706227053158015 0.04007028127242302 0.07275398651664085
1 0.7148021143112863 0.7935034796081621 0.04136287099088813 0.06596361444175436
1 0.7571344275910235 0.7765275494209462 0.0484721144424471 0.06305345498108873
1 0.8298425992546943 0.7842879746493876 0.04394805042781878 0.09603526220196584
1 0.7655362607610475 0.8371558715181469 0.03166844810239865 0.038802126142208494
1 0.8030213625965399 0.8347307386342588 0.040716576131655434 0.049472710831315686
1 0.7765232733680021 0.9050595922670115 0.05105729387937748 0.07178393336308563
1 0.7842788116787939 0.8677125458551358 0.0484721144424471 0.049472710831315686
1 0.7241733897701594 0.9331911337201125 0.044594345287051335 0.05432297659909184
1 0.7131863771632048 0.8735328647764671 0.03554621725779456 0.0591732423668679
1 0.9642719299750805 0.6990203009717011 0.037485101835492515 0.0419062932732178
1 0.9505584432687041 0.6615762507246536 0.03166844810239865 0.03880212614220838
1 0.9179205528774564 0.6465404268445477 0.03489992239856186 0.04753260452420527
1 0.9072566877001181 0.7134740944398572 0.03813139669472507 0.051412817138426214
1 0.9321390397805743 0.7003783768668621 0.0323147429616315 0.05626308290620216
1 0.8400420223399249 0.6436302673838824 0.043301755568586085 0.05335292344553664
1 0.8477975606507162 0.6087083538558947 0.043301755568586085 0.03977217929576359
1 0.7886615810309308 0.6397500547696615 0.043948050427818644 0.06111334867397831
1 0.7647486712393236 0.5859121047473472 0.0517035887386103 0.038802126142208494
1 0.7880152861716979 0.5398345799534747 0.04394805042781878 0.06305345498108873
1 0.8274392725848885 0.5427447394141403 0.03748510183549237 0.04559249821709485
1 0.8416577594880063 0.573786440327907 0.06592207564172796 0.055293029752647056
1 0.7951245296232571 0.46562551370650107 0.03360733268009675 0.06208340182753352
1 0.8329327788883658 0.4437993177515089 0.04588693500551658 0.033951860374432395
1 0.8229152085702602 0.3928715271898603 0.04524064014628405 0.06014329552042305
1 0.7964171193417221 0.3477640555495429 0.04136287099088813 0.06693366759530955
1 0.7618403443727768 0.3443688695120997 0.03683880697625981 0.04268233875642933
1 0.7502070369065894 0.38414104880786343 0.04717952472398185 0.04850265767776054
1 0.7495607420473568 0.43652391909984484 0.049764704160912346 0.0446224450635397
1 0.9298770077732599 0.08827483697352417 0.0316684481023988 0.07566414597730643
1 0.8965928225227797 0.12174167077117892 0.027144384087770482 0.09991547481618669
1 0.8707410281534744 0.1008855279697419 0.025851794369305084 0.07566414597730642
1 0.9489427061206225 0.17606464737027078 0.025851794369305084 0.07081388020953036
1 0.9602528661571934 0.24445339469591307 0.034253627539329166 0.05044276398487096
1 0.9192131425959216 0.18916036494326607 0.023266614932374582 0.08148446489863768
1 0.8965928225227798 0.20371116224659422 0.03748510183549237 0.07760425228441688
1 0.8704178807238582 0.1673341689882738 0.04071657613165557 0.047532604524205296
1 0.8662169641388462 0.22311222531769848 0.0426554607093534 0.046562551370650115
1 0.8555530989615077 0.24057318208169226 0.049764704160912346 0.06208340182753346
1 0.9066103928408854 0.3016865307556705 0.04588693500551658 0.06208340182753346
1 0.924706648899399 0.2415432352352474 0.04071657613165557 0.05238287029198138
1 0.7747662415574292 0.08681975724319135 0.05493506303477338 0.05723313605975743
1 0.732433928277692 0.09361012931807783 0.03877769155395763 0.047532604524205324
1 0.7039969544714566 0.06547858786497672 0.03877769155395763 0.051412817138426166
1 0.6658655577767315 0.057233136059757425 0.0310221532431661 0.03492191352798759
1 0.6800840446798494 0.027646514876323504 0.043948050427818644 0.037832072988653216
1 0.5343445539228917 0.3230277001338851 0.03813139669472499 0.05626308290620221
1 0.5068770224055051 0.2847106005684543 0.023266614932374648 0.039772179295763654
1 0.47488542687349 0.2822854676845663 0.03296103782086398 0.05626308290620221
1 0.4438632736303239 0.21486677351247918 0.03813139669472507 0.05141281713842619
1 0.5461191560515704 0.6929781768997758 0.03619251211702711 0.05917324236686779
1 0.4973238941795071 0.7167444791618786 0.05105729387937761 0.05238287029198143
1 0.46985636266212033 0.7613669242254182 0.07626279338945006 0.04268233875642933
1 0.5706783607024102 0.7720375089145256 0.06462948592326277 0.032981807220877235
1 0.5635691172508515 0.8287856183975054 0.07497020367098481 0.04365239190998453
1 0.4727646895286672 0.80356423640507 0.07561649853021744 0.03395186037443235
1 0.4769656061136793 0.87243801030749 0.06333689620479745 0.03589196668154276
1 0.5587219058066066 0.8772882760752659 0.03813139669472499 0.041712285602874016
1 0.5897440590497728 0.901539604914146 0.045886935005516924 0.0727539865166407
1 0.6162421482783107 0.959742794127459 0.05234988359784279 0.05723313605975747
1 0.45757676033670047 0.9049347909515895 0.047825819583214475 0.06402350813464394
1 0.5351321434446158 0.9257909337530266 0.04007028127242295 0.0494727108313158
1 0.45402213861092094 0.9505272891686842 0.07044613965635642 0.04074223244931881
1 0.3742047234956914 0.7434209408846467 0.03877769155395763 0.06305345498108862
1 0.35158440342254954 0.770582429184193 0.03360733268009668 0.05335292344553653
1 0.33122611535672175 0.8137497945173996 0.04717952472398185 0.05432297659909184
1 0.274998462603483 0.8540070003899408 0.049764704160912325 0.0785743054379721
1 0.3370427690898154 0.8656476382326036 0.04071657613165554 0.05335292344553664
1 0.2785530843292625 0.9291861197904697 0.04911840930167969 0.05432297659909195
1 0.3389816536675132 0.9408267576331323 0.04717952472398181 0.06596361444175436
1 0.3703269543402957 0.2874959587136979 0.02714438408777041 0.06305345498108868
1 0.38357599895456457 0.3602499452303387 0.027790678947002892 0.03783207298865323
1 0.34382886511175803 0.38013603487822045 0.0310221532431661 0.04850265767776054
1 0.3341344422232685 0.4247584799417602 0.04007028127242292 0.04850265767776054
1 0.38325285152494837 0.3966269384886591 0.0310221532431661 0.03492191352798755
1 0.3926241269838214 0.4363991177844227 0.03554621725779449 0.05238287029198138
1 0.3305798204974891 0.48490177546218327 0.03425362753932927 0.0446224450635397
1 0.38583803096187874 0.48490177546218327 0.025851794369305084 0.02716148829954587
1 0.3363964742305828 0.5222488218740589 0.03942398641319029 0.02231122253176982
1 0.3904282115869018 0.06521739130434782 0.060453400503778336 0.05482041587901701
1 0.04534005037783376 0.15311909262759923 0.04030226700251889 0.05671077504725898
1 0.08753148614609571 0.1890359168241966 0.04408060453400504 0.052930056710775046
1 0.48614609571788414 0.5519848771266539 0.05037783375314863 0.06805293005671077
