1 0.24900401509589204 0.9227478150872201 0.01887602116455571 0.017965624398321056
1 0.2773180468427255 0.9170587006944183 0.04494290753465633 0.024553020011038568
1 0.2786663340687651 0.8925056806833795 0.04224633308257698 0.012575937078824682
1 0.2445097243424264 0.8949010972698226 0.022471453767328165 0.02335531171781728
1 0.22338655780113784 0.9308323460664643 0.025168028219407584 0.024553020011038568
1 0.2260831322532173 0.9107707321550059 0.04314519123327013 0.01796562439832091
1 0.49259457393372963 0.9883223441410913 0.038650900479804524 0.01736677025171012
1 0.4512470990018458 0.9754469799889616 0.029662318972873226 0.015570207811878045
1 0.4310227906112504 0.9868252087745646 0.04853834013742885 0.01676791610509948
1 0.8018017777721654 0.9473008350982585 0.036853184178418215 0.03473354050342039
1 0.8471941143821685 0.9505945329046174 0.04134747493188388 0.04132093611613821
1 0.8993278871223697 0.9362220333859607 0.034156609726338855 0.0185644785449317
1 0.9600008122941559 0.9251432316736629 0.05662806349366687 0.01796562439832091
1 0.8229249443134541 0.9068781802020365 0.05572920534297394 0.037727811236473896
1 0.8669689936974173 0.9077764614219526 0.03056117712356633 0.02754729074409208
1 0.6206818604075003 0.8613652650596234 0.06292007054851897 0.05090260246190923
1 0.6355130198939368 0.8308237035824781 0.06381892869921203 0.06048426880768039
1 0.5645032259891797 0.8568738589600432 0.026066886370100767 0.06826937271361949
1 0.544728346673931 0.8293265682159512 0.09438010582277835 0.031140415623756235
1 0.5276500418107617 0.8619641192062342 0.07640294280891587 0.03892551952969518
1 0.5218074638312562 0.7999827150320271 0.05213377274020142 0.04551291514241299
1 0.5559640735575951 0.7757291220942938 0.03235889342495253 0.06287968539412328
1 0.5919183995853201 0.7775256845341257 0.021572595616634986 0.06527510198056614
1 0.6975342322917626 0.8272305787028135 0.06921207760337085 0.09042697613821522
1 0.748769146881271 0.8227391726032336 0.029662318972873174 0.06707166442039805
1 0.9397765039035604 0.9098724509350898 0.08449266616515395 0.025750728304259868
1 0.9496639435611849 0.9820343756016792 0.10067211287763023 0.03593124879664197
1 0.9775285462326717 0.7883050591731184 0.03595432602772504 0.032936978063588314
1 0.9460685109584125 0.791299329906172 0.014381730411089954 0.030541561477145592
1 0.9217993408896981 0.8077678189379658 0.03775204232911136 0.06826937271361949
1 0.8611264157179118 0.8122592250375463 0.04404404938396324 0.06886822686023013
1 0.8184306535599885 0.8128580791841571 0.03595432602772516 0.07246135173989429
1 0.7892177636624618 0.8062706835714393 0.04044861678119072 0.05449572734157351
1 0.97123653917782 0.7236288113391631 0.05752692164436003 0.03173926977036688
1 0.9235970571910843 0.7502778208633392 0.07370636835683643 0.02994270733053495
1 0.8350595293478112 0.7568652164760569 0.11954813404218596 0.03712895708986311
1 0.27686861776737903 0.7532720915963926 0.035055467877032 0.05748999807462688
1 0.25529602215074393 0.7574640706226675 0.044044049383963266 0.058687706367848334
1 0.2687788944111408 0.7041660515743153 0.036853184178418257 0.041919790262748856
1 0.31057579841837124 0.7436904252506216 0.04314519123327013 0.04551291514241299
1 0.34383354999401694 0.7194368323128881 0.04674062383604265 0.014971353665267546
1 0.31057579841837124 0.7086574576738954 0.04134747493188388 0.03533239465003118
1 0.42338249633035874 0.7484812584235071 0.03146003527425949 0.050303748315298595
1 0.46023568050877706 0.7472835501302856 0.04943719828812201 0.04431520684919156
1 0.39911332626164436 0.7448881335438429 0.04224633308257698 0.05748999807462688
1 0.5263017545847218 0.7448881335438428 0.08629038246654026 0.01796562439832091
1 0.47192083646778776 0.7146459991400029 0.08898695691861958 0.04491406099580235
1 0.4148433438987741 0.6978780830349032 0.06831321945267771 0.053298019048352095
1 0.6260750093116592 0.7823165177070115 0.04494290753465639 0.037727811236474035
1 0.6395578815720558 0.7227305301192471 0.05932463794574635 0.08982812199160455
1 0.6768604948258204 0.6754210525370021 0.04943719828812196 0.07545562247294785
1 0.7047250974973076 0.7457864147637587 0.09258238952139214 0.074856768326337
1 0.8889910183893989 0.6972792288882924 0.06381892869921213 0.07006593515345157
1 0.7748360332513715 0.6906918332755748 0.05303263089089458 0.07126364344667299
1 0.8233743733888006 0.6873981354692158 0.06381892869921203 0.097014371750933
1 0.17035392691024337 0.6586531364319025 0.06651550315129143 0.0658739561271767
1 0.1267593066016267 0.7233293842658578 0.10696411993248216 0.05629228978140559
1 0.24450972434242643 0.6370943871539173 0.0656166450005983 0.06228083124751247
1 0.0730423784207645 0.6694325110708949 0.146084756841529 0.12096853761536071
1 0.8885415893140524 0.6341001164208638 0.08269494986376764 0.0634785395407339
1 0.9249453444171238 0.45085074755799054 0.11595270143941344 0.08982812199160455
1 0.9159567629101928 0.5008550687999839 0.09258238952139214 0.03054156147714552
1 0.9258442025678171 0.5304983490572134 0.10157097102832349 0.04790833172885586
1 0.9451696528077193 0.5592433480945267 0.08629038246654006 0.04431520684919156
1 0.9743825427052459 0.6859010001026893 0.05123491458950816 0.0425186444093594
1 0.981573407910791 0.6403880849602761 0.0368531841784181 0.03892551952969526
1 0.9689893938010873 0.5972705864043061 0.05483034719228067 0.058088852221237594
1 0.9015750324991026 0.6008637112839702 0.09078467322000583 0.06767051856700877
1 0.7325897001687945 0.5550513690682519 0.11595270143941344 0.04551291514241299
1 0.8296460730897567 0.5473526900021772 0.0952789639734715 0.07545562247294785
1 0.8368369382953017 0.46471081776990103 0.08089723356238157 0.05269916490174137
1 0.8031297576443095 0.47698732777542036 0.14112072965882105 0.06767051856700884
1 0.6822333363760837 0.45932113045040474 0.0934812476720852 0.0431174985559702
1 0.7141428007256897 0.49734836876018407 0.04763948198673575 0.023355311717817212
1 0.7060530773694517 0.5227996699911387 0.07999837541168829 0.014372499518656753
1 0.23235483195417347 0.521302534624612 0.040448616781190744 0.08563614296532976
1 0.27864602671486954 0.5057323268127338 0.07370636835683646 0.0556934356347948
1 0.18156934644001171 0.520404253404696 0.04494290753465639 0.08383958052549771
1 0.11819984681614627 0.522200815844528 0.040448616781190744 0.0634785395407339
1 0.08044780448703491 0.5425618568292917 0.04224633308257699 0.0862349971119404
1 0.020673737465941935 0.553041804394979 0.041347474931883864 0.06767051856700884
1 0.6219199544645749 0.46045895332896514 0.023729855178298648 0.051381685779197765
1 0.5868195436800084 0.4512365994711603 0.040538502596260004 0.04479429016648018
1 0.5601234566044224 0.48318546819284086 0.07613328536370792 0.07443757042370966
1 0.3104656052494062 0.45584777640006274 0.08107700519252012 0.03820689455376251
1 0.49190012296681407 0.47198689565122115 0.04053850259626006 0.06916765393353552
1 0.43603608890123624 0.4706694165286775 0.07514454139794548 0.09551723638440626
1 0.4340586009697114 0.3935968878598808 0.059324637945746404 0.04018311323757774
1 0.4899226350352893 0.40183113237577783 0.05042594225388445 0.0658739561271767
1 0.5981900992862764 0.40611293952404437 0.16215401038504024 0.07707252866879673
1 0.7054688195715012 0.4245576472396539 0.11370555606268061 0.036230675869947215
1 0.8621847381448481 0.3833864246601684 0.07909951726099523 0.03557193630867545
1 0.8636678540934918 0.3372746553711447 0.08602072502133233 0.03820689455376251
1 0.7741865251919908 0.3810808361957172 0.08107700519252012 0.048087987972839
1 0.8023657282162204 0.4235695378977462 0.09590816467895671 0.03293697806358838
1 0.8073094480450326 0.3148775102879046 0.12952545951487962 0.07904874735261205
1 0.46124906002817845 0.31817120809426347 0.028673575007110735 0.05665160226937197
1 0.43257548502106774 0.35110818615785183 0.04053850259626006 0.054016644024284896
1 0.5136524902135876 0.3395802438355959 0.010876183623386831 0.04545302972775194
1 0.37275647509244014 0.2993971305980181 0.02372985517829854 0.06521521656590497
1 0.4098343738085315 0.31224255204281764 0.042515990527784944 0.06323899788208967
1 0.3228249048214368 0.2888572976176698 0.04844845432235958 0.0559928627081002
1 0.3396335522393983 0.3474851185708571 0.05438091811693426 0.05335790446301313
1 0.3999469341509071 0.36065990979629237 0.04053850259626006 0.04018311323757781
1 0.2303773440226486 0.43114504285237154 0.059324637945746404 0.07048513305607906
1 0.16215401038504026 0.43904991758763273 0.04745971035659712 0.07443757042370973
1 0.06575147372320228 0.3883269713697067 0.03065106293863565 0.052040425340469605
1 0.035915135812354886 0.3862486480538943 0.0514146862196469 0.05928656051445904
1 0.11024495218251211 0.43015693351046386 0.040538502596260045 0.08827110121041683
1 0.06711692913992023 0.4697510087161811 0.10528145747438467 0.08592467089316685
1 0.9152906709179317 0.2433071038046304 0.06185285626620099 0.10784422979448478
1 0.946875108160247 0.327916601163718 0.10133340281909523 0.09118536502948307
1 0.24675341595558906 0.31564164817897994 0.09080525707165676 0.028057035393687122
1 0.10857150302045918 0.23190893317594502 0.10396543925595485 0.07978719440079769
1 0.16779232284980053 0.34238351003858797 0.13554987649827024 0.058744417855532347
1 0.09343729350851639 0.2801319627588447 0.12633774896926162 0.05348372371921606
1 0.2006927783105458 0.23673123613423497 0.09080525707165679 0.052606941363163316
1 0.21385296049484384 0.24988297147502578 0.09870136638223564 0.07189615319632321
1 0.19477069632761165 0.1801787741688344 0.1105455303481039 0.07628006497658685
1 0.6441909179213913 0.19070016244146706 0.06185285626620099 0.060497982567637804
1 0.604052362259282 0.17535647121054443 0.05264072873719225 0.06312832963579598
1 0.5685198703616772 0.17535647121054443 0.08685720241636734 0.06838902377211233
1 0.5329873784640724 0.21568845958896965 0.05264072873719236 0.06488189434790143
1 0.5672038521432473 0.23892319202436682 0.0736970202320693 0.062251547279743275
1 0.624450644644944 0.24944458029699937 0.05132471051876252 0.06400511199184873
1 0.6527450363411851 0.23892319202436677 0.05264072873719236 0.020165994189212638
1 0.43560203030026656 0.23453928024410317 0.03421647367917504 0.06575867670395417
1 0.3625630191774122 0.16527347411593815 0.08817322063479717 0.06049798256763784
1 0.3823032924538594 0.2297169772858132 0.11186154856653374 0.06312832963579601
1 0.4553423035767137 0.15475208584330544 0.08948923885322702 0.07277293555237592
1 0.2967621082559218 0.04734624722684699 0.025004346150166397 0.061374764923690546
1 0.2875499807269131 0.08329432382500858 0.0486926740819029 0.035071294242108884
1 0.3447967732286098 0.042085553090530664 0.018424255058017272 0.04909981193895243
1 0.3250564999521627 0.046907856048820626 0.01316018218429809 0.03244094717395072
1 0.3250564999521627 0.07628006497658682 0.08159312954264816 0.04559268251474155
1 0.8869962792216909 0.07014258848421777 0.11580960322182308 0.04208555309053067
1 0.9093685889349976 0.10652905626040572 0.13686589471670002 0.02016599418921262
1 0.8665979968360287 0.13502448283211924 0.1197576578771126 0.02104277654526532
1 0.7455243207404862 0.05260694136316333 0.043428601208183724 0.06838902377211233
1 0.8231693956278451 0.0609363737456642 0.040796564771324054 0.051730159007110615
1 0.7646065849077186 0.13195574458593465 0.05527276517405192 0.06751224141605962
1 0.7948750039316042 0.12362631220343381 0.05264072873719225 0.06137476492369053
1 0.8514637873240861 0.13897000343435645 0.06843294735835008 0.03419451188605616
1 0.7231520110271797 0.1025835356581685 0.12238969431397226 0.11222814157474843
1 0.4842947043821695 0.19946798600199434 0.05000869230033274 0.05348372371921606
