1 0.3369047619047619 0.20982142857142858 0.2119047619047619 0.10892857142857143
1 0.3309523809523809 0.27321428571428574 0.1666666666666666 0.11428571428571428
1 0.2988095238095238 0.37410714285714286 0.21666666666666667 0.12678571428571425
1 0.3595238095238095 0.4758928571428571 0.19047619047619047 0.12678571428571425
1 0.3928571428571428 0.5678571428571428 0.13333333333333333 0.12857142857142853
1 0.5011904761904763 0.5919642857142858 0.19761904761904764 0.13750000000000004
1 0.6392857142857143 0.4705357142857144 0.1261904761904762 0.1125
1 0.555952380952381 0.3410714285714286 0.11190476190476194 0.08214285714285713
1 0.4238095238095238 0.6633928571428571 0.09523809523809523 0.10535714285714287
1 0.7154761904761905 0.6526785714285713 0.4642857142857143 0.2910714285714286
1 0.6964285714285712 0.8624999999999998 0.6071428571428568 0.27499999999999963
