0 0.6840753424657535 0.10462130937098844 0.2996575342465754 0.13222079589216945
0 0.07106164383561643 0.02053915275994865 0.14212328767123286 0.0410783055198973
0 0.08647260273972603 0.04236200256739409 0.1626712328767123 0.06675224646983312
0 0.33390410958904104 0.21566110397946087 0.2945205479452055 0.10526315789473685
0 0.5522260273972602 0.19383825417201542 0.21746575342465754 0.08985879332477538
0 0.5085616438356164 0.2599486521181002 0.18493150684931506 0.07060333761232349
0 0.5873287671232876 0.3234916559691912 0.1952054794520548 0.11553273427471117
0 0.2226027397260274 0.20282413350449296 0.3253424657534246 0.1258023106546855
0 0.2054794520547945 0.3498074454428755 0.2636986301369863 0.09114249037227214
0 0.35530821917808225 0.35622593068035935 0.19006849315068494 0.08344030808729143
0 0.2714041095890411 0.4236200256739411 0.22773972602739725 0.08985879332477538
0 0.10873287671232877 0.4435173299101413 0.2106164383561644 0.09370988446726573
0 0.348458904109589 0.4948652118100128 0.19006849315068494 0.10911424903722722
0 0.2148972602739726 0.5096277278562259 0.20034246575342465 0.10012836970474968
0 0.5102739726027398 0.6129653401797176 0.2465753424657534 0.1245186136071887
0 0.4246575342465754 0.7060333761232349 0.2568493150684932 0.12066752246469832
0 0.3587328767123288 0.6489088575096277 0.23116438356164384 0.0885750962772786
0 0.25428082191780826 0.7073170731707319 0.2071917808219178 0.07958921694480103
0 0.29623287671232873 0.8318356867779202 0.2363013698630137 0.12836970474967907
0 0.4460616438356164 0.8703465982028242 0.22089041095890413 0.10526315789473685
0 0.3467465753424658 0.93196405648267 0.2791095890410959 0.06161745827984597
0 0.5051369863013698 0.8151476251604621 0.17465753424657535 0.07702182284980745
