0 0.6428564461321609 0.5437613219840285 0.24547350511458166 0.08752415831093881
0 0.6011065507600408 0.6574443785013209 0.17404426559356131 0.22233420127048686
0 0.5814888254342603 0.8329980706437732 0.15895372233400382 0.2152919032098635
0 0.5975855003529004 0.9582494969818914 0.17907444668008052 0.08350100603621731
0 0.8646880619633911 0.5442651513477954 0.2102619829975386 0.09054278234845238
0 0.8707244319740596 0.6906437422861553 0.14587537240197285 0.25653941357046106
0 0.9436620100076972 0.7429576637626653 0.062374245472837014 0.27867203219315884
0 0.914990133702776 0.9190141863116058 0.11166973379538928 0.15794791517696782
0 0.7952717920296937 0.9004025703751581 0.2062379653840274 0.1991948592496809
0 0.7288728672136842 0.7545271120755852 0.18410471048280777 0.2977867203219314
2 0.4044266070770258 0.8083500815152664 0.191146760394807 0.20020124542017215
2 0.296277770981932 0.8113682028927478 0.1579474761447881 0.17203220588452361
2 0.31740440747100046 0.9436618986589557 0.20623746272399493 0.10865205781287254
2 0.4507044098728837 0.951710360192587 0.10060339267011394 0.0885310916809578
1 0.5280496987171901 0.10621808029123649 0.02336119596459636 0.032513004692995014
1 0.5581543738431267 0.111396077334935 0.03395809708039607 0.04094230220599354
1 0.5864527328659431 0.1164536421339332 0.03275384176479507 0.04961243679079239
1 0.6139080983534976 0.11801897647661941 0.028418774472395526 0.06767543347021687
1 0.6395572351836872 0.14980958267102856 0.04551827652679321 0.038293094416194065
1 0.6456986041763779 0.12127039880193438 0.03227216762119507 0.03179049347759514
1 0.6472641212723195 0.08514471617592452 0.06093177916539065 0.03660723491359438
1 0.6930230795261073 0.1437886223656255 0.03684807198539426 0.05996848266699745
1 0.6848345830778364 0.09477832699673926 0.032994678836594904 0.03901560563159403
1 0.7096408117609682 0.07635426815603916 0.045518206570193114 0.044554858282993194
1 0.7419130745437134 0.09489874477103866 0.024806155640206825 0.035402977964184575
1 0.7389025612506992 0.05756899178764397 0.030827145190395297 0.03492137541099466
1 0.1462085063773013 0.19146785298076482 0.03490834612541028 0.041607927705034485
1 0.11870497751366049 0.15215191861671917 0.046191851943724715 0.05183360485288194
1 0.03972042624186816 0.15655947117347616 0.06452754889848566 0.04936533795512564
1 0.046419982215627674 0.23748338676537398 0.07299017826222151 0.044781413716435396
1 0.10054553864426338 0.21139023718829122 0.05359665263699358 0.04830750928465866
1 0.1373932825190165 0.2364255848563159 0.032087469670831675 0.041255318148212164
1 0.0825624964331448 0.1156568116446692 0.041607927705034485 0.031029641000364698
