2 0.07676327725619882 0.12768599537504408 0.022841541948820265 0.02062083648157382
2 0.04773548436290642 0.10246512613988842 0.018717374652505482 0.027282952883313075
2 0.05122516438286507 0.06947178776937027 0.02125532375792995 0.025379491054244724
2 0.053287248031022444 0.041554347609701066 0.023476029225176352 0.024745003777888616
2 0.06185282626183002 0.060430344081295564 0.02791744015966918 0.026331221968778906
0 0.5721450505536813 0.13614484856560966 0.08402800520058601 0.127942138571744
0 0.6612400711432428 0.08188555877528227 0.055314917996371143 0.06502669749190992
0 0.6295712249621199 0.16063542294567923 0.07473847698745842 0.1245641283124242
0 0.6810858814167516 0.14627887934356948 0.059537430820514464 0.10936308214548413
2 0.02790879957113187 0.5205132668263946 0.05404087278469508 0.04051341838029846
2 0.11174102942182479 0.5259813355648374 0.04623003569777025 0.05194665301523641
2 0.11720909816027074 0.586254365977253 0.03579099537891891 0.030322926640472935
2 0.035188067083581596 0.5860058173982327 0.06859940780959455 0.030820023798513542
2 0.021250903506233272 0.5590382965745367 0.0295772809034124 0.04548438996070838
1 0.07247035393662274 0.5525760335200106 0.08898039128925736 0.0842579682878716
1 0.65327409046881 0.7010585514281054 0.13479484604050077 0.13532763199323006
1 0.7947287609184264 0.6624315698552344 0.17795050821157016 0.21364716704443001
1 0.6548724483269978 0.8494394392632003 0.2850404847101495 0.19872916036801364
