1 0.5702380952380952 0.4767857142857142 0.11666666666666665 0.1
1 0.519047619047619 0.7383928571428572 0.08095238095238094 0.06964285714285715
1 0.25476190476190474 0.7749999999999999 0.04285714285714286 0.02857142857142857
1 0.336904761904762 0.7767857142857141 0.030952380952380953 0.025
1 0.2964285714285715 0.81875 0.04523809523809524 0.030357142857142857
1 0.06904761904761905 0.719821425846645 0.1380952380952381 0.2146428516932896
1 0.46309523809523817 0.9187500000000001 0.2833333333333333 0.1625
1 0.4738095238095238 0.6642857142857144 0.34285714285714286 0.23928571428571435
1 0.5678571428571428 0.31160714285714286 0.07857142857142857 0.0625
1 0.26904761904761904 0.060714285714285714 0.10476190476190476 0.060714285714285714
1 0.9059523809523811 0.02142857142857143 0.08809523809523812 0.04285714285714286
1 0.5976190476190477 0.43660714285714286 0.4142857142857143 0.30178571428571427
1 0.8428571428571429 0.6651785714285714 0.30952380952380953 0.20892857142857144
1 0.8404761904761907 0.32410714285714287 0.19523809523809527 0.16607142857142856
1 0.8726190476190477 0.4776785714285714 0.2119047619047619 0.13750000000000004
1 0.8047619047619048 0.11607142857142858 0.3619047619047619 0.23214285714285715
1 0.21666666666666667 0.12321428571428575 0.43333333333333335 0.2464285714285715
1 0.311904761904762 0.6124999999999998 0.17619047619047623 0.13214285714285717
