0 0.23353293413173654 0.19768934531450577 0.038922155688622756 0.02310654685494224
0 0.2619760479041916 0.32605905006418484 0.03592814371257485 0.028241335044929396
0 0.22380239520958084 0.5494223363286265 0.02245508982035928 0.02053915275994865
0 0.37949101796407186 0.19961489088575088 0.019461077844311378 0.014120667522464698
0 0.3263473053892216 0.12965340179717588 0.03592814371257485 0.02310654685494224
0 0.6953592814371258 0.4467265725288832 0.019461077844311378 0.02310654685494224
0 0.7200598802395212 0.4634146341463415 0.023952095808383242 0.01797175866495507
0 0.6459580838323353 0.49358151476251605 0.016467065868263478 0.01668806161745828
0 0.5868263473053892 0.47496790757381263 0.017964071856287425 0.02053915275994865
0 0.8263473053892213 0.5019255455712454 0.017964071856287425 0.01797175866495507
0 0.7425149700598801 0.5186136071887034 0.020958083832335328 0.012836970474967908
0 0.721556886227545 0.5539152759948651 0.023952095808383242 0.01155327342747112
0 0.5718562874251498 0.5783055198973043 0.02694610778443114 0.029525032092426188
0 0.5254491017964071 0.6553273427471118 0.020958083832335328 0.019255455712451863
0 0.4865269461077845 0.6534017971758663 0.029940119760479042 0.02053915275994865
0 0.43113772455089827 0.6559691912708601 0.020958083832335328 0.01797175866495507
0 0.5823353293413173 0.6797175866495508 0.032934131736526956 0.026957637997432605
0 0.627994011976048 0.6604621309370988 0.02245508982035928 0.024390243902439025
0 0.6691616766467067 0.6957637997432606 0.032934131736526956 0.025673940949935817
0 0.5995508982035929 0.7946084724005135 0.03143712574850299 0.02310654685494224
0 0.5 0.7888318356867781 0.020958083832335328 0.014120667522464698
0 0.6773952095808383 0.7798459563543005 0.02245508982035928 0.014120667522464698
0 0.25074850299401197 0.6360718870346598 0.0344311377245509 0.01668806161745828
0 0.1474550898203593 0.6245186136071886 0.019461077844311378 0.026957637997432605
0 0.08832335329341318 0.579589216944801 0.023952095808383242 0.01668806161745828
0 0.05089820359281437 0.6142490372272142 0.023952095808383242 0.024390243902439025
0 0.7290419161676647 0.3998716302952503 0.023952095808383242 0.021822849807445442
0 0.14146706586826346 0.6001283697047497 0.016467065868263478 0.01155327342747112
1 0.6976047904191617 0.37163029525032093 0.10479041916167661 0.08600770218228501
1 0.6010479041916167 0.2881899871630295 0.08532934131736529 0.06033376123234916
1 0.6631736526946108 0.2625160462130937 0.07784431137724551 0.07060333761232349
1 0.7432634730538922 0.22272143774069325 0.052395209580838306 0.057766367137355584
1 0.8068862275449099 0.2849807445442875 0.06287425149700598 0.05648267008985879
1 0.8772455089820359 0.21758664955070603 0.15269461077844312 0.13735558408215662
1 0.8660179640718562 0.5673940949935815 0.13323353293413173 0.05648267008985879
1 0.8211077844311377 0.5077021822849808 0.06137724550898204 0.057766367137355584
1 0.7507485029940121 0.5718870346598203 0.11526946107784435 0.057766367137355584
1 0.7267964071856288 0.4781771501925546 0.12425149700598803 0.052631578947368425
1 0.6257485029940119 0.44993581514762515 0.09880239520958084 0.08600770218228501
1 0.6452095808383232 0.5256739409499358 0.09880239520958084 0.06546854942233633
1 0.7170658682634731 0.6405648267008986 0.12874251497005987 0.0949935815147625
1 0.35479041916167664 0.8177150192554556 0.11676646706586827 0.09242618741976896
1 0.3443113772455089 0.7150192554557122 0.08982035928143713 0.08985879332477538
1 0.5426646706586827 0.8851091142490373 0.18113772455089822 0.17843388960205392
1 0.46182634730538924 0.7400513478819 0.1122754491017964 0.10141206675224644
1 0.627994011976048 0.7573812580231066 0.1661676646706587 0.12323491655969195
1 0.6497005988023952 0.6797175866495507 0.15568862275449102 0.16046213093709885
1 0.49925149700598803 0.623234916559692 0.10928143712574853 0.13222079589216945
1 0.5868263473053892 0.5680359435173299 0.09281437125748501 0.037227214377406934
1 0.23802395209580837 0.607188703465982 0.08982035928143713 0.0821566110397946
1 0.13922155688622753 0.6309370988446726 0.07784431137724551 0.055198973042362
1 0.05763473053892217 0.6566110397946084 0.11526946107784435 0.08600770218228501
1 0.08607784431137726 0.5872913992297818 0.12425149700598803 0.052631578947368425
1 0.17140718562874255 0.5455712451861361 0.14820359281437126 0.05648267008985879
1 0.21631736526946108 0.45057766367137364 0.15119760479041916 0.0410783055198973
1 0.33682634730538924 0.5327342747111682 0.020958083832335328 0.005134788189987163
1 0.249251497005988 0.4987163029525032 0.14820359281437126 0.03979460847240052
1 0.3952095808383234 0.4525032092426188 0.10778443113772455 0.0680359435173299
1 0.3690119760479042 0.2933247753530167 0.08832335329341318 0.09627727856225927
1 0.2761976047904192 0.2894736842105263 0.08832335329341318 0.11681643132220795
1 0.25523952095808383 0.19512195121951223 0.09730538922155692 0.07188703465982028
1 0.29865269461077854 0.10783055198973043 0.13622754491017963 0.08985879332477538
1 0.3517964071856287 0.20154043645699615 0.10479041916167661 0.08729139922978177
