0 0.9023952095808383 0.7028753993610224 0.12095808383233533 0.2619808306709265
0 0.8041916167664671 0.5503194888178915 0.08982035928143713 0.21884984025559107
0 0.746107784431138 0.5159744408945687 0.09580838323353297 0.17252396166134182
0 0.6742514970059881 0.5782747603833867 0.12215568862275449 0.17891373801916932
0 0.7766467065868261 0.32667731629392976 0.12574850299401197 0.2507987220447284
0 0.805389221556886 0.25159744408945683 0.13293413173652693 0.3242811501597444
0 0.9796407185628744 0.07827476038338659 0.0407185628742515 0.15654952076677317
0 0.9520958083832335 0.09185303514376997 0.055089820359281436 0.16773162939297126
0 0.6544910179640719 0.21006389776357828 0.09700598802395209 0.2476038338658147
0 0.578443113772455 0.28913738019169327 0.11497005988023952 0.22364217252396165
0 0.618562874251497 0.3426517571884984 0.09461077844311377 0.18370607028753994
0 0.49760479041916156 0.32667731629392976 0.09700598802395209 0.24121405750798722
0 0.4910179640718564 0.20846645367412145 0.09820359281437126 0.18690095846645371
0 0.5634730538922156 0.10942492012779549 0.10658682634730539 0.20926517571884978
0 0.3892215568862276 0.48961661341853047 0.1389221556886228 0.23162939297124602
0 0.3604790419161676 0.36421725239616615 0.09580838323353297 0.2012779552715655
0 0.29221556886227545 0.4225239616613419 0.12455089820359282 0.24121405750798722
0 0.3011976047904191 0.24680511182108625 0.07784431137724551 0.1485623003194888
0 0.16766467065868265 0.29952076677316297 0.11017964071856287 0.26038338658146964
0 0.12694610778443113 0.44089456869009586 0.11736526946107784 0.2108626198083067
0 0.07784431137724551 0.34105431309904155 0.11497005988023952 0.2731629392971246
0 0.18922155688622755 0.48722044728434505 0.09341317365269461 0.1661341853035144
0 0.20838323353293414 0.23162939297124602 0.08622754491017964 0.19808306709265175
