0 0.15596919127086006 0.3157894736842105 0.12965340179717585 0.17458279845956354
0 0.0821566110397946 0.24133504492939667 0.10526315789473685 0.15661103979460847
0 0.19127086007702185 0.1970474967907574 0.06418485237483953 0.1245186136071887
0 0.24454428754813864 0.2682926829268293 0.08087291399229782 0.12836970474967907
0 0.21630295250320924 0.3286264441591784 0.0680359435173299 0.110397946084724
0 0.1874197689345314 0.41784338896020534 0.0693196405648267 0.09114249037227214
0 0.11039794608472402 0.368421052631579 0.07188703465982028 0.1540436456996149
0 0.1649550706033376 0.6193838254172015 0.12195121951219512 0.10654685494223363
0 0.06611039794608473 0.5847240051347881 0.07573812580231064 0.09884467265725293
0 0.07573812580231065 0.6726572528883183 0.10012836970474968 0.09242618741976896
0 0.17907573812580233 0.6700898587933248 0.12708600770218229 0.10012836970474968
0 0.573170731707317 0.6803594351732991 0.07573812580231065 0.13350449293966624
0 0.6238767650834403 0.561617458279846 0.0693196405648267 0.1245186136071887
0 0.6874197689345314 0.6046213093709885 0.08600770218228501 0.14890885750962773
0 0.6630295250320924 0.6559691912708603 0.06033376123234916 0.12323491655969195
0 0.6315789473684211 0.6662387676508342 0.06161745827984597 0.12836970474967907
2 0.9191270860077022 0.009627727856225931 0.025673940949935817 0.019255455712451863
2 0.8953786906290115 0.014120667522464698 0.026957637997432605 0.028241335044929396
2 0.9101412066752246 0.04107830551989731 0.038510911424903725 0.04621309370988448
2 0.9242618741976893 0.09050064184852374 0.028241335044929396 0.052631578947368425
2 0.9942233632862645 0.08793324775353017 0.01155327342747112 0.03979460847240052
2 0.8555840821566111 0.08087291399229782 0.03209242618741977 0.04621309370988448
2 0.8504492939666237 0.1258023106546855 0.03465982028241335 0.03594351732991014
2 0.8324775353016688 0.09948652118100128 0.037227214377406934 0.06290115532734275
2 0.8010269576379975 0.16944801026957643 0.028241335044929396 0.043645699614890884
2 0.787548138639281 0.19961489088575102 0.03465982028241335 0.029525032092426188
2 0.7727856225930679 0.17522464698331194 0.025673940949935817 0.052631578947368425
2 0.738767650834403 0.1514762516046213 0.03209242618741977 0.043645699614890884
2 0.7265725288831836 0.18870346598202825 0.030808729139922986 0.038510911424903725
2 0.7381258023106549 0.2041078305519898 0.03337612323491656 0.038510911424903725
2 0.7105263157894737 0.20025673940949937 0.03979460847240052 0.043645699614890884
2 0.5847240051347882 0.14569961489088576 0.03979460847240052 0.04749679075738125
2 0.752888318356868 0.25481386392811295 0.026957637997432605 0.026957637997432605
2 0.7355584082156611 0.24133504492939664 0.025673940949935817 0.025673940949935817
2 0.7317073170731705 0.26187419768934533 0.030808729139922986 0.038510911424903725
2 0.717586649550706 0.2650834403080873 0.038510911424903725 0.04749679075738125
2 0.634788189987163 0.2772785622593068 0.024390243902439025 0.028241335044929396
2 0.6187419768934531 0.2971758664955071 0.028241335044929396 0.04492939666238769
2 0.6007702182284981 0.2991014120667523 0.028241335044929396 0.030808729139922986
2 0.5853658536585367 0.26636713735558415 0.04621309370988448 0.03979460847240052
