2 0.7457729468599033 0.6597285067873302 0.11473429951690822 0.11764705882352938
2 0.6147342995169083 0.639819004524887 0.11835748792270531 0.10497737556561086
2 0.6980676328502416 0.3683257918552036 0.12560386473429952 0.13936651583710408
2 0.6159420289855072 0.26244343891402716 0.14009661835748793 0.130316742081448
2 0.6201690821256038 0.16334841628959273 0.15096618357487923 0.11674208144796379
2 0.5374396135265701 0.1832579185520362 0.14251207729468598 0.11131221719457013
2 0.34057971014492755 0.3393665158371041 0.12560386473429952 0.11040723981900452
2 0.23611111111111108 0.3018099547511312 0.16545893719806762 0.12217194570135746
2 0.1153381642512077 0.30678733031674205 0.17270531400966177 0.1085972850678733
2 0.214975845410628 0.4122171945701358 0.1666666666666666 0.11674208144796379
2 0.09541062801932368 0.397737556561086 0.13768115942028986 0.151131221719457
2 0.24818840579710147 0.47737556561085975 0.1461352657004831 0.09502262443438914
2 0.28502415458937197 0.6149321266968326 0.11352657004830918 0.1076923076923077
2 0.3756038647342995 0.5936651583710407 0.13043478260869565 0.09411764705882353
2 0.42632850241545883 0.6524886877828053 0.13768115942028986 0.11402714932126697
2 0.3870772946859904 0.7597285067873303 0.14371980676328502 0.12217194570135746
2 0.34420289855072467 0.7923076923076923 0.14009661835748793 0.1312217194570136
2 0.24335748792270528 0.7705882352941177 0.11473429951690822 0.1294117647058824
2 0.1527777777777778 0.7266968325791855 0.2041062801932367 0.15746606334841629
