2 0.1232349165596919 0.11745827984595636 0.1386392811296534 0.13222079589216945
2 0.21887034659820281 0.18356867779204109 0.10911424903722722 0.0975609756097561
2 0.09948652118100128 0.2329910141206675 0.13478818998716302 0.11938382541720154
2 0.2092426187419769 0.32284980744544284 0.12836970474967907 0.12708600770218229
2 0.10141206675224648 0.33183568677792047 0.10526315789473685 0.0680359435173299
2 0.03915275994865212 0.3613607188703466 0.07830551989730423 0.06033376123234916
2 0.03337612323491656 0.2946084724005135 0.06675224646983312 0.07830551989730423
2 0.08151476251604621 0.6014120667522466 0.12195121951219512 0.11681643132220795
2 0.21181001283697043 0.5860077021822849 0.15661103979460847 0.10141206675224644
2 0.2907573812580231 0.6829268292682927 0.1399229781771502 0.11553273427471117
2 0.15275994865211812 0.7073170731707318 0.11810012836970475 0.14120667522464697
2 0.3613607188703466 0.5982028241335045 0.13478818998716302 0.10269576379974327
2 0.3119383825417201 0.537227214377407 0.0975609756097561 0.07830551989730423
2 0.16944801026957637 0.530808729139923 0.12066752246469832 0.06546854942233633
2 0.06867779204107832 0.7098844672657253 0.08600770218228501 0.10012836970474968
2 0.20282413350449296 0.05391527599486521 0.1258023106546855 0.10012836970474968
0 0.5840821566110398 0.6360718870346598 0.14377406931964057 0.17586649550706027
0 0.7015404364569962 0.701540436456996 0.14249037227214376 0.18356867779204109
0 0.5982028241335045 0.7958921694480106 0.16944801026957637 0.14890885750962773
0 0.7612323491655971 0.8620025673940949 0.18741976893453147 0.1245186136071887
0 0.6200256739409501 0.9184852374839538 0.16688061617458286 0.13222079589216945
1 0.5533377000777467 0.1187813330488181 0.020035405574499406 0.021561912665889874
1 0.5282457397630165 0.10132190819104002 0.005724401592714128 0.01831808509668521
1 0.5357828685267567 0.10027243456570911 0.008586602389071225 0.01698239139171857
1 0.5485673654171516 0.09817348731504726 0.01469263075463293 0.005915214979137916
1 0.5432245905972851 0.08939607153955226 0.008204975616223574 0.005151961433442721
1 0.5541009536234419 0.08414870341289765 0.014311003981785279 0.013738563822513901
1 0.5220443047042428 0.08682009082283093 0.02308841975728033 0.006106028365561722
1 0.5169877499640118 0.09492965974584257 0.018699711869532842 0.01469263075463293
1 0.5390266960959614 0.07861511520660733 0.009349855934766385 0.009159042548342593
1 0.509164401120636 0.07136420652250276 0.016791578005294728 0.005724401592714118
1 0.5092598078138479 0.08080946915048108 0.018127271710261437 0.009349855934766413
1 0.5086873676545766 0.05695779584750556 0.017745644937413783 0.009349855934766402
1 0.5487581788035754 0.06812037895329809 0.019653778801651898 0.017936458323837595
1 0.532634447650764 0.05743482931356507 0.015265070913904338 0.01259368350397108
1 0.5523836331456278 0.04150191154717741 0.008204975616223574 0.015074257527480534
1 0.5852035356105221 0.05151961433442713 0.012784496890394889 0.008777415775494988
1 0.5937901379995931 0.036159136727310894 0.010494736253309272 0.011639616571852052
1 0.5631645894785726 0.01755483155098999 0.03854430405760842 0.008777415775494993
1 0.5651681300360226 0.006106028365561733 0.016982391391718553 0.009540669321190208
1 0.5671716705934726 0.030434735134596765 0.009922296094037863 0.009349855934766407
1 0.5649773166495988 0.04054784461505839 0.012021243344699662 0.014692630754632922
1 0.5242386586481165 0.015265070913904335 0.0251873670079422 0.009159042548342601
1 0.5327298543439758 0.006964688604468853 0.01469263075463293 0.011257989799004447
1 0.5269100460580498 0.020703252426982757 0.02022621896092323 0.005533588206290319
1 0.5257651657395069 0.029099041429630143 0.020989472506618465 0.012402870117547274
1 0.5333022945032471 0.03377396939701335 0.016600764618870972 0.018699711869532808
1 0.5419843035855304 0.03615913672731089 0.011448803185428257 0.01927215202880422
1 0.5601115752957917 0.030625548521020573 0.019462965415228073 0.012402870117547274
