0 0.1421560973601501 0.052114253275658884 0.07050751913765614 0.07868230396521048
0 0.05146707817946919 0.21764244749693928 0.09145540525826412 0.038830227930883116
0 0.15467373662734274 0.12184418779903686 0.044450392499826866 0.09043355715481984
0 0.15084180623942653 0.20742396646249647 0.05415794948254762 0.05824534189632468
0 0.06372925542080066 0.1828996119798333 0.10371758249959556 0.05926718999976907
0 0.060408249084606735 0.04316188383382642 0.11342513948231638 0.061821810258379656
0 0.0894255504221971 0.11859822767048747 0.16400662060280877 0.20947886120607978
0 0.6549362258588097 0.1352585683838846 0.15551997336446652 0.17632898388506413
0 0.7025779078401777 0.23437517112673095 0.24642249300707733 0.22999432680660525
0 0.5862601307275326 0.6876842695636235 0.1373680623941197 0.184970856293072
1 0.6362430643214325 0.6145799789330896 0.14212834178401484 0.21285249271960122
1 0.11828187046665761 0.5886390125514281 0.11570801365144695 0.09620666303603458
