2 0.23250807319698602 0.3460710441334768 0.14208826695371368 0.1216361679224973
2 0.2841765339074273 0.25457481162540363 0.10979547900968784 0.13240043057050593
2 0.15769644779332614 0.2874058127018299 0.11733046286329386 0.11194833153928956
2 0.15285252960172227 0.4203444564047363 0.1442411194833154 0.13240043057050593
2 0.3051668460710441 0.4348762109795479 0.15392895586652314 0.11410118406889128
0 0.6248654467168999 0.16146393972012915 0.13670613562970937 0.23035522066738431
0 0.6953713670613563 0.27341227125941875 0.1054897739504844 0.20882669537136705
0 0.6367061356297093 0.2814854682454252 0.0721205597416577 0.11733046286329386
0 0.5505920344456405 0.08180839612486547 0.10226049515608182 0.15715823466092577
0 0.7136706135629709 0.657696447793326 0.3358449946178686 0.17007534983853606
2 0.16738428417653392 0.7723358449946178 0.10871905274488698 0.14747039827771802
2 0.3869752421959096 0.7475780409041981 0.12594187298170076 0.1216361679224973
2 0.2761033369214209 0.8089343379978473 0.10226049515608171 0.16038751345532798
2 0.16630785791173303 0.8579117330462864 0.1689989235737352 0.12271259418729857
2 0.1302475780409042 0.9531754574811625 0.155005382131324 0.09364908503767494
2 0.24165769644779334 0.9402583423035523 0.10656620021528525 0.10226049515608182
2 0.3713670613562971 0.8412271259418731 0.10118406889128095 0.11948331539289558
2 0.34391819160387516 0.956404736275565 0.10226049515608182 0.08719052744886975
2 0.4181916038751347 0.9327233584499462 0.09580193756727662 0.1173304628632939
2 0.44886975242195915 0.8767491926803015 0.07965554359526372 0.14101184068891284
