2 0.5055299539170507 0.43024861878453036 0.14101382488479264 0.24171270718232044
2 0.5571428571428572 0.255524861878453 0.14285714285714282 0.24585635359116023
2 0.45299539170506914 0.2900552486187845 0.13548387096774198 0.26519337016574585
2 0.6239631336405529 0.20718232044198895 0.12718894009216586 0.1712707182320442
2 0.6064516129032258 0.3729281767955801 0.14562211981566817 0.1712707182320442
2 0.6073732718894009 0.6560773480662985 0.1345622119815667 0.24309392265193386
2 0.45760368663594464 0.5524861878453039 0.11889400921658985 0.24861878453038674
2 0.2290322580645161 0.5545580110497237 0.1299539170506912 0.17265193370165746
2 0.22580645161290325 0.23756906077348072 0.12165898617511521 0.20165745856353592
2 0.2889400921658986 0.7417127071823204 0.11889400921658985 0.24585635359116023
2 0.4059907834101381 0.7361878453038668 0.13179723502304155 0.22651933701657437
2 0.3691244239631335 0.8874309392265193 0.15391705069124417 0.225138121546961
2 0.4631336405529954 0.8183701657458563 0.10046082949308756 0.2527624309392265
2 0.5589861751152074 0.8107734806629837 0.12258064516129032 0.20441988950276244
2 0.5465437788018433 0.7396408839779005 0.143778801843318 0.22513812154696133
