0 0.2392086330935252 0.5832 0.30335731414868106 0.536
0 0.6037170263788968 0.5519999999999999 0.3537170263788969 0.4
0 0.7464028776978416 0.39359999999999984 0.26498800959232616 0.43519999999999986
0 0.8477218225419665 0.6368 0.18225419664268586 0.3808
0 0.5869304556354916 0.2832 0.28177458033573144 0.3328
0 0.4238609112709832 0.1912 0.2146282973621103 0.3824
0 0.6378896882494004 0.0768 0.2781774580335731 0.1536
0 0.29256594724220625 0.176 0.16546762589928057 0.3423999999999999
0 0.1420863309352518 0.33519999999999994 0.28177458033573144 0.30879999999999996
0 0.4460431654676259 0.6656 0.22302158273381295 0.42559999999999987
0 0.49700239808153485 0.8432 0.18585131894484413 0.3136
0 0.29256594724220625 0.8592 0.2038369304556355 0.19519999999999998
