0 0.3966630785791172 0.2739504843918192 0.7395048439181913 0.42303552206673833
0 0.6528525296017221 0.672766415500538 0.6878363832077501 0.4262648008611407
0 0.8164693218514533 0.3116254036598493 0.22497308934337998 0.1302475780409042
0 0.8595263724434875 0.39881593110871905 0.17115177610333693 0.06350914962325081
0 0.7588805166846073 0.21044133476856836 0.18514531754574812 0.1431646932185145
0 0.736275565123789 0.11410118406889126 0.09687836383207751 0.07965554359526372
0 0.6469321851453177 0.07481162540365985 0.26695371367061355 0.12594187298170076
0 0.2039827771797631 0.5145317545748117 0.4079655543595262 0.2927879440258344
0 0.09956942949407964 0.7648008611410106 0.19913885898815928 0.20559741657696434
0 0.2965554359526372 0.7766415500538215 0.21205597416576963 0.20559741657696448
0 0.3509149623250807 0.930032292787944 0.2691065662002153 0.13132400430570507
