1 0.414572864321608 0.16896984924623115 0.6750418760469011 0.33040201005025127
1 0.5402010050251256 0.5025125628140702 0.5443886097152428 0.2412060301507538
1 0.5778894472361809 0.7631909547738693 0.455611390284757 0.24246231155778894
1 0.27889447236180903 0.8957286432160807 0.5577889447236181 0.20854271356783918
1 0.3098827470686767 0.6155778894472363 0.3785594639865997 0.27638190954773867
1 0.585427135678392 0.31595477386934673 0.17587939698492464 0.15954773869346733
1 0.873534338358459 0.6620603015075377 0.19597989949748743 0.15577889447236182
1 0.8358458961474038 0.8304020100502513 0.2814070351758794 0.2613065326633166
1 0.152428810720268 0.6947236180904522 0.304857621440536 0.2412060301507538
1 0.3375209380234506 0.41896984924623104 0.23283082077051925 0.1444723618090452
