1 0.5562499999999998 0.4805890227576974 0.20357142857142857 0.34805890227576974
1 0.6741071428571427 0.6050870147255689 0.13214285714285717 0.2329317269076305
1 0.7772321428571429 0.4049531459170013 0.13482142857142854 0.17001338688085676
1 0.7982142857142858 0.5789825970548862 0.1625 0.22891566265060243
1 0.9058035714285715 0.2095046854082999 0.15446428571428572 0.31459170013386883
1 0.5272321428571429 0.8152610441767064 0.2276785714285713 0.36412315930388184
1 0.7294642857142857 0.8453815261044174 0.26607142857142857 0.23159303882195448
1 0.9151785714285714 0.6726907630522089 0.125 0.18340026773761714
1 0.2674107142857143 0.7336010709504686 0.13660714285714282 0.13119143239625167
1 0.2683035714285714 0.5776439089692103 0.1598214285714286 0.1566265060240964
1 0.1808035714285714 0.44176706827309237 0.19553571428571426 0.24096385542168675
1 0.26026785714285716 0.20481927710843373 0.24196428571428574 0.3293172690763052
1 0.08392857142857145 0.15327978580990625 0.13750000000000004 0.3065595716198125
1 0.5866071428571429 0.22824631860776443 0.3125 0.19143239625167335
1 0.43616071428571423 0.10776439089692101 0.2723214285714285 0.19410977242302543
1 0.09241071428571429 0.7443105756358767 0.10625 0.1499330655957162
1 0.3526785714285711 0.8433734939759037 0.21785714285714278 0.31325301204819284
1 0.03303571428571429 0.5388219544846051 0.06607142857142859 0.12449799196787145
