2 0.2617702448210923 0.5967336683417086 0.3088512241054614 0.1934673366834171
2 0.48305084745762716 0.4692211055276382 0.3220338983050847 0.17462311557788943
2 0.2655367231638418 0.5169597989949749 0.3088512241054614 0.12185929648241206
2 0.032015065913371 0.6212311557788944 0.007532956685499058 0.0012562814070351757
2 0.19868173258003766 0.6469849246231156 0.23163841807909605 0.10804020100502512
2 0.6647834274952918 0.3982412060301507 0.32015065913371 0.1608040201005025
2 0.5969868173258004 0.539572864321608 0.3653483992467043 0.1620603015075377
2 0.49435028248587576 0.6708542713567839 0.34463276836158196 0.18592964824120603
2 0.7806026365348399 0.6407035175879398 0.30696798493408656 0.1608040201005025
2 0.8361581920903954 0.6030150753768844 0.27495291902071556 0.15577889447236182
2 0.7645951035781544 0.5087939698492462 0.2297551789077213 0.15326633165829145
2 0.7419962335216572 0.31721105527638194 0.2674199623352166 0.15954773869346733
2 0.5376647834274952 0.22424623115577888 0.3295668549905838 0.1721105527638191
2 0.5960451977401129 0.3184673366834171 0.32580037664783423 0.13693467336683418
2 0.4896421845574388 0.37625628140703515 0.2900188323917137 0.10175879396984926
