0 0.698339483394834 0.20110701107011067 0.2675276752767527 0.14391143911439114
0 0.6531365313653137 0.5867158671586717 0.19557195571955716 0.0996309963099631
0 0.22446317248968412 0.5292720352891689 0.06413233499705263 0.041151581623109196
0 0.2616064831754768 0.5503822622256951 0.042220453873059866 0.03527278424838052
0 0.15204707755551222 0.5851206103491026 0.05077143187266666 0.03099729524857543
0 0.15498647624287715 0.6064980553481201 0.052374740247593005 0.032066167498526275
0 0.1993446746158386 0.5939388064111971 0.05558135699744559 0.028325114623698223
0 0.28325114623698244 0.6650188110329306 0.03313503974847716 0.017636392124189396
0 0.2992842299862456 0.710980317780817 0.037410528748280554 0.027256242373747554
0 0.31718784017292273 0.7243412209052043 0.043289326123010514 0.01870526437414034
1 0.10513622832683149 0.09915258680958991 0.019197516534483462 0.02318661087931121
1 0.17544401615442037 0.05976028015441603 0.019197516534483476 0.01670433256896614
1 0.15674513641304033 0.0591369841630367 0.015707058982759207 0.013961830206897074
1 0.13630102789579818 0.06636721766303695 0.019197516534483476 0.018449561344828277
1 0.15499990763717822 0.0733481327664855 0.018200242948276543 0.017950924551724808
1 0.13418182152510844 0.1118678250337283 0.018948198137931742 0.017701606155173064
1 0.12084328730959071 0.09117439811993443 0.01820024294827653 0.015208422189655737
1 0.19950324142166256 0.128073520809591 0.013463193413793605 0.023186610879311197
1 0.1877852767837311 0.12034465051648727 0.014959103793104007 0.015707058982759193
1 0.18354686404235168 0.1043882731371763 0.016455014172414403 0.015208422189655737
1 0.17718924493028246 0.11573226018028017 0.008726143879310668 0.012964556620690137
1 0.16771514586131658 0.11099521064579725 0.010720691051724539 0.011967283034483205
1 0.17257685459407543 0.09952656440441748 0.013463193413793605 0.012964556620690137
1 0.16646855387855794 0.0901771245337275 0.015707058982759207 0.015707058982759207
1 0.15898900198200588 0.10650747950786603 0.011717964637931472 0.010471372655172805
1 0.1483929701285573 0.10526088752510737 0.016953650965517875 0.016455014172414403
1 0.14914092531821244 0.0898031469388999 0.014959103793104007 0.013961830206897074
1 0.13941750785269486 0.0819496174475203 0.014959103793104007 0.01221660143103494
1 0.13443113992166017 0.10152111157683136 0.02443320286206988 0.015956377379310945
