0 0.7694723618090452 0.870603015075377 0.11180904522613065 0.1633165829145729
0 0.5665829145728644 0.6853015075376885 0.10301507537688442 0.1821608040201005
0 0.6771356783919599 0.7060301507537683 0.11055276381909553 0.18592964824120595
0 0.7663316582914574 0.7110552763819096 0.09547738693467334 0.17587939698492464
0 0.7091708542713567 0.8913316582914572 0.10175879396984926 0.13944723618090452
0 0.6915829145728629 0.7606783919597991 0.07160804020100495 0.129396984924623
0 0.5621859296482412 0.14195979899497485 0.08165829145728645 0.1608040201005025
0 0.636934673366834 0.18781407035175882 0.08291457286432159 0.1218592964824121
0 0.6714824120603017 0.06469849246231156 0.07663316582914571 0.12939698492462312
0 0.5935929648241206 0.09233668341708542 0.056532663316582916 0.11180904522613065
0 0.6262562814070352 0.07097989949748743 0.05150753768844221 0.13190954773869346
1 0.08856783919597959 0.6664572864321606 0.17462311557788898 0.20979899497487373
1 0.2443467336683417 0.8831658291457285 0.27512562814070357 0.19849246231155765
1 0.23115577889447236 0.7010050251256285 0.14572864321608053 0.16080402010050246
