1 0.0468540829986613 0.46446428298950193 0.0937081659973226 0.161071423121861
1 0.1291834002677376 0.55 0.11914323962516735 0.1357142857142857
1 0.039491298527443104 0.6133928571428572 0.07898259705488621 0.13392857142857142
1 0.15930388219544844 0.7241071428571428 0.09906291834002674 0.14464285714285718
1 0.05421686746987952 0.88125 0.08165997322623829 0.08392857142857142
1 0.08165997322623827 0.9517857142857141 0.07764390896921017 0.08928571428571429
1 0.3112449799196787 0.13035714285714284 0.10307898259705489 0.16785714285714284
1 0.2717536813922356 0.3464285714285714 0.12048192771084337 0.15714285714285714
1 0.3674698795180723 0.30267857142857135 0.10843373493975904 0.10892857142857143
1 0.3072289156626506 0.2133928571428571 0.11378848728246319 0.08035714285714286
1 0.24297188755020083 0.45 0.17269076305220887 0.11428571428571428
1 0.37416331994645247 0.4107142857142857 0.08701472556894244 0.1
1 0.3969210174029451 0.48392857142857143 0.10040160642570281 0.10357142857142858
1 0.3520749665327978 0.55625 0.1178045515394913 0.10535714285714287
1 0.26506024096385544 0.5339285714285714 0.0749665327978581 0.1392857142857143
1 0.392235609103079 0.6866071428571429 0.09906291834002674 0.13035714285714287
1 0.47925033467202127 0.7366071428571428 0.13119143239625167 0.14464285714285718
1 0.2898259705488621 0.7473214285714286 0.12182061579651941 0.14107142857142857
1 0.40160642570281124 0.8 0.09638554216867473 0.125
1 0.5321285140562249 0.8580357142857142 0.08165997322623829 0.12678571428571425
1 0.5977242302543506 0.09910714285714287 0.09504685408299869 0.16964285714285715
1 0.4959839357429719 0.26875000000000004 0.08701472556894244 0.18392857142857147
1 0.5682730923694779 0.23035714285714282 0.13520749665327977 0.12857142857142853
1 0.6204819277108435 0.3517857142857142 0.1459170013386881 0.15714285714285714
1 0.6291834002677376 0.47946428571428573 0.1713520749665328 0.12678571428571425
1 0.4872824631860775 0.4303571428571428 0.11244979919678715 0.16428571428571426
1 0.45582329317269066 0.5357142857142857 0.060240963855421686 0.1357142857142857
1 0.6171352074966533 0.6160714285714285 0.14190093708166 0.1357142857142857
1 0.7777777777777778 0.4669642857142857 0.07764390896921017 0.14107142857142857
1 0.7663989290495313 0.5714285714285715 0.1111111111111111 0.07142857142857141
1 0.7617135207496654 0.6723214285714285 0.06961178045515395 0.08035714285714286
1 0.8313253012048192 0.2794642857142857 0.08032128514056225 0.23392857142857143
1 0.9752342704149933 0.23767856870378765 0.04953145917001337 0.14678570883614678
1 0.9156626506024096 0.3071428571428572 0.0642570281124498 0.12142857142857143
1 0.8915662650602412 0.46357142584664496 0.08032128514056225 0.11285713740757541
