0 0.25032092426187424 0.21694480102695762 0.14120667522464697 0.1951219512195122
0 0.12066752246469832 0.17329910141206678 0.10526315789473685 0.16944801026957637
0 0.1277278562259307 0.32092426187419776 0.10654685494223363 0.17201540436457002
0 0.2041078305519897 0.3876765083440308 0.11553273427471117 0.18741976893453147
0 0.08664955070603338 0.38510911424903727 0.13222079589216945 0.20282413350449288
0 0.24197689345314508 0.7516046213093709 0.12708600770218229 0.15275994865211806
0 0.14184852374839538 0.6578947368421052 0.10141206675224644 0.15789473684210525
0 0.05840821566110398 0.6623876765083441 0.09114249037227214 0.13093709884467267
0 0.07509627727856226 0.8209242618741976 0.11681643132220795 0.17073170731707318
0 0.18292682926829268 0.8023106546854943 0.11681643132220795 0.18485237483953793
0 0.23684210526315788 0.890885750962773 0.09370988446726573 0.16944801026957637
0 0.12644415917843388 0.8793324775353015 0.09370988446726573 0.1360718870346598
0 0.25738125802310646 0.6617458279845957 0.12965340179717585 0.14505776636713735
0 0.6437740693196407 0.6611039794608473 0.2785622593068036 0.16688061617458286
1 0.5126583824504848 0.12698380703476103 0.022310478541978554 0.015989176288417936
1 0.5366421468831117 0.12995853750702488 0.017476541524549822 0.012270763198088184
1 0.5345970196834303 0.11898921889055206 0.022310478541978488 0.00892419141679141
1 0.5543046090621786 0.1176877743089367 0.013386287125186207 0.01673285890648376
1 0.518421922740496 0.15431414324868478 0.01598917628841797 0.011898921889055204
1 0.5318082098656831 0.15226901604900334 0.014501811052286049 0.007064984871626526
1 0.540174639318925 0.14501811052286032 0.01710470021551686 0.009667874034857353
1 0.5481692274631339 0.15282677801255282 0.016732858906483895 0.010411556652923315
1 0.5621132765518705 0.1481787616496406 0.014129969743253085 0.00632130225356058
1 0.5567215775708925 0.1316318233976732 0.015245493670351974 0.006693143562593544
1 0.571037467968662 0.15542966717578366 0.02379784377811041 0.05651987897301222
1 0.5829363898577172 0.07994588144208967 0.043877274465891104 0.08626718369565024
1 0.6236530131968279 0.07083576937078177 0.013758128434220125 0.059866450754309
1 0.636667459012982 0.06153973664495739 0.010039715343890355 0.053173307191715466
1 0.6487523015565538 0.06470038777173767 0.023054161160044398 0.0721372139523972
1 0.6284869502142566 0.19075459153391625 0.03458124174006669 0.07511194442466099
1 0.5795898180764203 0.1918701154610152 0.02305416116004448 0.08254877060532047
1 0.6359237763949162 0.2097184982945981 0.044992798392989926 0.047595687556220845
1 0.6628822712998067 0.18833762302520193 0.04387727446589117 0.06432854646270471
1 0.6811024954424226 0.1604495248477288 0.049826735410418585 0.036068606976198604
1 0.6426169199575095 0.13795312565123383 0.05242962457364953 0.05651987897301222
1 0.6950465445311592 0.12419499721701371 0.08217692929628762 0.031234669958769917
1 0.6970916717308405 0.09835202623922198 0.06618775300786951 0.0211949546148796
1 0.6952324651856797 0.07195129329788111 0.08828289744145167 0.06550339061183892
1 0.6643696365359447 0.06637367366238656 0.05999226900251237 0.04096186421566239
1 0.6952324651856797 0.07195129329788111 0.08828289744145167 0.06550339061183892
1 0.6613949060636792 0.04629424297460585 0.08828289744145167 0.06550339061183892
