2 0.5752808988764045 0.10899182561307903 0.08988764044943823 0.05449591280653951
2 0.5921348314606741 0.2125340599455041 0.060674157303370786 0.06176203451407813
2 0.5365168539325843 0.21117166212534058 0.05955056179775281 0.055404178019981834
2 0.4803370786516854 0.2107175295186194 0.06853932584269663 0.05449591280653951
2 0.6679775280898876 0.33651226158038144 0.07303370786516854 0.05722070844686648
2 0.5797752808988764 0.49636693914623065 0.0696629213483146 0.042688465031789274
2 0.5870786516853932 0.5267938237965485 0.08651685393258428 0.05449591280653951
2 0.6224719101123596 0.5626702997275204 0.08089887640449439 0.04632152588555858
2 0.5084269662921348 0.5435967302452316 0.1 0.05903723887375113
2 0.5 0.8424159854677566 0.15280898876404495 0.07538601271571299
2 0.4410112359550562 0.896911898274296 0.151685393258427 0.09900090826521345
2 0.35056179775280893 0.8701180744777475 0.1303370786516854 0.09264305177111716
2 0.0955056179775281 0.39009990917347864 0.060674157303370786 0.03905540417801998
2 0.16235955056179777 0.3415077202543142 0.0550561797752809 0.05086285195277021
2 0.11685393258426967 0.3510445049954587 0.060674157303370786 0.05177111716621254
2 0.12303370786516853 0.3115349682107176 0.05955056179775281 0.043596730245231606
2 0.14606741573033707 0.28292461398728436 0.0651685393258427 0.04450499545867393
2 0.2140449438202247 0.2815622161671208 0.08202247191011233 0.03814713896457766
2 0.23764044943820223 0.25522252497729336 0.06629213483146068 0.030881017257039064
2 0.17303370786516856 0.2461398728428701 0.08539325842696628 0.03996366939146231
2 0.1556179775280899 0.2002724795640327 0.09775280898876403 0.05358764759309718
2 0.28146067415730336 0.22161671207992734 0.07528089887640448 0.047229791099000905
