0 0.1706135629709365 0.6986006458557589 0.341227125941873 0.3595263724434876
0 0.2653390742734122 0.9171151776103339 0.32615715823466085 0.16576964477933237
0 0.6469321851453175 0.5753498385360603 0.19375672766415503 0.1646932185145317
0 0.6803013993541444 0.4068891280947254 0.15931108719052745 0.286329386437029
0 0.3148546824542519 0.09041980624327234 0.22712594187298174 0.18083961248654468
0 0.5974165769644779 0.09311087190527449 0.3638320775026911 0.18622174381054898
0 0.16523143164693224 0.3342303552206674 0.3304628632938645 0.5414424111948332
0 0.4827771797631862 0.34930032292787927 0.45102260495156093 0.6189451022604949
0 0.8326157158234659 0.21367061356297076 0.33476856835306745 0.38858988159311053
0 0.5516684607104413 0.7879440258342304 0.6167922497308934 0.4090419806243273
0 0.8600645855758882 0.6867599569429497 0.27341227125941897 0.617868675995695
