1 0.09172661870503596 0.6446808510638298 0.08273381294964029 0.1617021276595745
1 0.11930455635491606 0.5414893617021277 0.06115107913669065 0.1
1 0.1906474820143885 0.5255319148936171 0.0671462829736211 0.10212765957446807
0 0.07074340527577938 0.29787234042553196 0.03597122302158273 0.06808510638297872
0 0.342326139088729 0.40744680851063836 0.0683453237410072 0.125531914893617
0 0.5029976019184652 0.6691489361702128 0.1906474820143885 0.32978723404255317
0 0.5791366906474821 0.498936170212766 0.09832134292565947 0.1851063829787234
0 0.6139088729016786 0.7117021276595746 0.14148681055155876 0.2914893617021276
0 0.3513189448441247 0.9191489361702128 0.11990407673860912 0.1617021276595745
0 0.6348920863309351 0.8882978723404256 0.18585131894484413 0.20212765957446804
0 0.5317745803357314 0.06063829787234042 0.06115107913669065 0.09574468085106384
0 0.565947242206235 0.2563829787234042 0.026378896882494004 0.06595744680851064
1 0.5533573141486812 0.2542553191489361 0.08752997601918462 0.1638297872340425
1 0.5383693045563549 0.451063829787234 0.07434052757793765 0.15319148936170207
1 0.48381294964028776 0.38510638297872346 0.0683453237410072 0.09361702127659574
1 0.4268585131894485 0.4819148936170212 0.14628297362110312 0.21914893617021278
1 0.2829736211031175 0.6670212765957447 0.09352517985611511 0.18085106382978725
1 0.23501199040767384 0.874468085106383 0.08872901678657075 0.14893617021276595
1 0.23561151079136688 0.697872340425532 0.092326139088729 0.17446808510638298
1 0.16007194244604314 0.6542553191489361 0.039568345323741004 0.07021276595744683
1 0.2008393285371702 0.35425531914893615 0.0683453237410072 0.16808510638297872
1 0.13069544364508395 0.3946808510638298 0.08393285371702641 0.12978723404255318
1 0.22302158273381295 0.2297872340425532 0.12470023980815348 0.1829787234042553
1 0.5017985611510791 0.08297872340425531 0.09952038369304557 0.14468085106382975
1 0.02937649880095923 0.08297872340425531 0.05875299760191846 0.1574468085106383
1 0.05455635491606715 0.16382978723404257 0.06354916067146282 0.10638297872340426
1 0.08213429256594726 0.29148936170212764 0.07074340527577938 0.1659574468085106
