1 0.3190476190476191 0.055357142857142855 0.2428571428571429 0.11071428571428571
1 0.2630952380952381 0.1910714285714286 0.23571428571428574 0.08928571428571429
1 0.43333333333333324 0.17500000000000002 0.17142857142857143 0.1928571428571429
1 0.5630952380952381 0.21785714285714286 0.1357142857142857 0.11428571428571428
1 0.09404761904761905 0.41428571428571437 0.16904761904761906 0.09285714285714286
1 0.3595238095238096 0.36517857142857146 0.18571428571428578 0.14821428571428572
1 0.2511904761904762 0.41875 0.16428571428571423 0.1125
1 0.26666666666666666 0.4946428571428571 0.16190476190476188 0.10714285714285714
1 0.4761904761904762 0.36339285714285724 0.12380952380952381 0.1767857142857143
1 0.6214285714285714 0.3687499999999999 0.11904761904761903 0.17321428571428568
1 0.7428571428571429 0.5178571428571429 0.12857142857142853 0.1
1 0.46071428571428563 0.5071428571428571 0.20238095238095238 0.14642857142857144
1 0.14761904761904762 0.7044642857142857 0.20952380952380953 0.0875
1 0.3261904761904762 0.7133928571428572 0.15238095238095237 0.10535714285714287
1 0.3666666666666667 0.61875 0.21428571428571427 0.10178571428571428
1 0.4714285714285715 0.7696428571428571 0.11428571428571428 0.14642857142857144
1 0.5666666666666667 0.6964285714285714 0.16190476190476188 0.11785714285714283
1 0.5571428571428572 0.6169642857142856 0.09523809523809523 0.15892857142857142
1 0.8238095238095239 0.594642857142857 0.17142857142857143 0.09285714285714286
1 0.7738095238095238 0.7205357142857143 0.11904761904761903 0.13750000000000004
1 0.55 0.857142857142857 0.15714285714285714 0.1392857142857143
1 0.4892857142857143 0.9473214285714286 0.1880952380952381 0.10535714285714287
1 0.7321428571428571 0.8517857142857143 0.15952380952380948 0.11071428571428571
1 0.8976190476190475 0.9160714285714286 0.15238095238095237 0.1
1 0.6428571428571428 0.9553571428571428 0.1380952380952381 0.08214285714285713
