2 0.347682119205298 0.8741071428571429 0.10375275938189846 0.08392857142857142
2 0.4370860927152318 0.899107142857143 0.12362030905077262 0.10892857142857143
2 0.5022075055187638 0.8321428571428571 0.10816777041942605 0.07142857142857141
2 0.5022075055187638 0.5366071428571428 0.0772626931567329 0.06964285714285715
2 0.576158940397351 0.5080357142857143 0.0883002207505519 0.06964285714285715
2 0.6015452538631346 0.5357142857142857 0.0728476821192053 0.06428571428571427
2 0.6181015452538632 0.5678571428571428 0.06181015452538631 0.05357142857142857
2 0.6633554083885209 0.3267857142857143 0.0772626931567329 0.05
2 0.4746136865342164 0.2125 0.0706401766004415 0.05357142857142857
2 0.5364238410596027 0.2044642857142857 0.06181015452538631 0.055357142857142855
2 0.5883002207505519 0.21785714285714286 0.0684326710816777 0.04642857142857143
2 0.5684326710816776 0.10714285714285715 0.0728476821192053 0.060714285714285714
2 0.15673289183222958 0.20357142857142857 0.09271523178807946 0.05714285714285714
2 0.16997792494481234 0.25 0.08388520971302428 0.05
2 0.152317880794702 0.29285714285714287 0.0883002207505519 0.06428571428571427
2 0.16114790286975716 0.3419642857142857 0.06622516556291391 0.04821428571428572
2 0.10706401766004414 0.35000000000000003 0.0728476821192053 0.05
