0 0.17079741379310348 0.7956043956043958 0.2553879310344828 0.351648351648352
0 0.27586206896551724 0.5065934065934066 0.2478448275862069 0.37142857142857144
0 0.4170258620689655 0.35274725274725277 0.1896551724137931 0.4153846153846154
0 0.615301724137931 0.4032967032967033 0.19612068965517243 0.4681318681318681
0 0.45258620689655177 0.5901098901098901 0.14439655172413793 0.22637362637362637
0 0.34375000000000006 0.8406593406593404 0.23706896551724146 0.301098901098901
0 0.5549568965517241 0.8186813186813187 0.26939655172413796 0.34505494505494505
0 0.8512931034482759 0.8560439560439561 0.2974137931034483 0.28791208791208783
0 0.7710129310344825 0.5527472527472528 0.27262931034482757 0.32307692307692304
0 0.8453663793103448 0.1824175824175824 0.29849137931034475 0.32527472527472523
0 0.9735991379310345 0.6032967032967033 0.05280172413793103 0.26153846153846155
0 0.921875 0.34395604395604396 0.15625 0.2747252747252747
0 0.6584051724137933 0.09340659340659341 0.24784482758620627 0.18681318681318682
0 0.47198275862068967 0.12747252747252746 0.19827586206896552 0.2549450549450549
0 0.21875 0.21318681318681318 0.2887931034482758 0.29010989010989013
0 0.13793103448275862 0.4879120879120878 0.16379310344827588 0.2813186813186813
0 0.07435344827586211 0.7186813186813188 0.14870689655172423 0.4087912087912089
0 0.06519396551724138 0.1879120879120879 0.12823275862068967 0.3758241758241758
0 0.9326508620689657 0.6439560439560439 0.08081896551724141 0.21978021978021978
