1 0.5082191780821917 0.1863013698630137 0.03744292237442921 0.06575342465753424
1 0.5091324200913242 0.2719178082191781 0.015525114155251141 0.02602739726027398
1 0.47945205479452047 0.2623287671232876 0.02374429223744292 0.045205479452054796
1 0.49178082191780825 0.31917808219178084 0.01917808219178082 0.043835616438356165
1 0.4465753424657533 0.3321917808219178 0.0273972602739726 0.05890410958904109
1 0.47899543378995446 0.39657534246575343 0.015525114155251141 0.05890410958904109
1 0.44885844748858444 0.41095890410958896 0.022831050228310498 0.030136986301369864
1 0.4232876712328767 0.3993150684931507 0.030136986301369864 0.047945205479452045
1 0.42054794520547945 0.45821917808219176 0.01917808219178082 0.036986301369863014
1 0.4022831050228311 0.4246575342465754 0.0319634703196347 0.043835616438356165
1 0.41141552511415524 0.48013698630136986 0.024657534246575342 0.05342465753424658
1 0.3447488584474886 0.36849315068493155 0.033789954337899546 0.03835616438356164
1 0.33607305936073056 0.4054794520547945 0.02009132420091324 0.04657534246575343
1 0.36347031963470317 0.4219178082191781 0.02374429223744292 0.0547945205479452
1 0.3579908675799086 0.46849315068493147 0.029223744292237442 0.0410958904109589
1 0.32694063926940636 0.44589041095890425 0.02009132420091324 0.03424657534246575
1 0.3474885844748858 0.5349315068493151 0.033789954337899546 0.05890410958904109
1 0.3155251141552511 0.4972602739726027 0.0319634703196347 0.0821917808219178
1 0.31598173515981737 0.6013698630136987 0.0365296803652968 0.07945205479452057
1 0.2726027397260274 0.5431506849315069 0.057534246575342465 0.08904109589041093
1 0.2643835616438356 0.636986301369863 0.03561643835616438 0.07397260273972603
1 0.8077625570776256 0.6410958904109588 0.033789954337899546 0.07123287671232877
1 0.7904109589041096 0.6773972602739726 0.024657534246575342 0.028767123287671233
1 0.7579908675799086 0.6897260273972603 0.03287671232876712 0.045205479452054796
1 0.7150684931506848 0.7061643835616438 0.0365296803652968 0.05342465753424658
1 0.6502283105022832 0.7054794520547945 0.058447488584474884 0.057534246575342465
1 0.5716894977168949 0.7150684931506849 0.062100456621004566 0.057534246575342465
1 0.46529680365296805 0.7493150684931507 0.03744292237442921 0.08767123287671233
1 0.378082191780822 0.7171232876712328 0.029223744292237442 0.06164383561643835
1 0.4187214611872146 0.667123287671233 0.0502283105022831 0.07945205479452057
1 0.4894977168949772 0.6363013698630138 0.049315068493150684 0.08904109589041093
1 0.5273972602739725 0.6383561643835616 0.0502283105022831 0.07945205479452057
1 0.6059360730593607 0.6547945205479452 0.0502283105022831 0.05205479452054796
1 0.645662100456621 0.6445205479452055 0.031050228310502283 0.05342465753424658
1 0.6844748858447488 0.6493150684931507 0.030136986301369864 0.05205479452054796
1 0.7232876712328767 0.6486301369863015 0.02374429223744292 0.036986301369863014
1 0.7442922374429223 0.6438356164383562 0.0182648401826484 0.0410958904109589
1 0.7707762557077626 0.6376712328767123 0.0273972602739726 0.045205479452054796
1 0.17625570776255706 0.7363013698630135 0.11872146118721462 0.08356164383561605
1 0.22146118721461186 0.678082191780822 0.0502283105022831 0.06575342465753424
1 0.1643835616438356 0.5938356164383563 0.052968036529680365 0.06986301369863014
1 0.13972602739726028 0.6493150684931507 0.03835616438356164 0.05205479452054796
1 0.09315068493150687 0.6205479452054794 0.04748858447488584 0.0547945205479452
1 0.10228310502283104 0.5342465753424658 0.05114155251141553 0.057534246575342465
1 0.049315068493150684 0.5664383561643835 0.03287671232876712 0.04246575342465753
1 0.057534246575342465 0.4938356164383561 0.03287671232876712 0.045205479452054796
1 0.0319634703196347 0.5219178082191781 0.04748858447488584 0.03835616438356164
1 0.023287671232876717 0.4650684931506847 0.046575342465753435 0.07808219178082189
