0 0.08023483365949119 0.15753424657534246 0.10176125244618393 0.1780821917808219
2 0.7242950512263411 0.2580734721025846 0.0803378658678208 0.06846977204643817
2 0.7183610043156495 0.3274561744429755 0.06664391145853311 0.05751460851900826
2 0.6991894681426468 0.6885201057011935 0.08855423851339297 0.08946716880734577
2 0.7019282590245052 0.7757049487736583 0.07942493557386845 0.0922059596892037
2 0.6151998810990155 0.7378183415746289 0.1141162867440637 0.09859647174687107
2 0.5873555071334652 0.6880636405542174 0.11137749586220626 0.07942493557386845
2 0.28068928829105017 0.5742807269383746 0.045052691014440996 0.04047702708328683
2 0.24689977003021932 0.5804402745380053 0.031677673369528814 0.038717156340535235
2 0.23334876531103202 0.5399632474547182 0.0313256992209785 0.03519741485503203
2 0.2166299932548918 0.5617856446648383 0.03449346655793137 0.03378951826083074
2 0.2252533598943745 0.5885356799546626 0.028509906032575912 0.02886188018112587
2 0.15028286625315648 0.627604810443748 0.01935857817026759 0.025342138695623052
2 0.1685855219777731 0.6300686294836004 0.018654629873166954 0.021822397210119866
2 0.1529226723672839 0.6460834532426399 0.01830265572461666 0.024990164547072778
2 0.13198021052853978 0.575688623532576 0.009503302010858644 0.013023043496361799
2 0.1342680424941169 0.58571988676626 0.011263172753610235 0.00915132786230834
2 0.069504799160858 0.5762165847554014 0.010559224456509607 0.009855276159409001
2 0.05225806588189231 0.5797363262409045 0.013375017644912163 0.013375017644912184
2 0.06492913522970384 0.5839600160235083 0.01337501764491217 0.011967121050710867
2 0.059297548852898715 0.573400791566999 0.012671069347811531 0.014782914239113501
2 0.11402952895247351 0.6869124544744772 0.017246733278965684 0.019358578170267617
2 0.09871865349053459 0.6869124544744772 0.01689475913041537 0.014430940090563118
2 0.10927787794704417 0.7001114850451142 0.015486862536214093 0.021822397210119866
2 0.09590286030213198 0.6997595108965639 0.02041450061591856 0.01971055231881789
2 0.11068577454124545 0.7178861795469056 0.014078965942012816 0.017246733278965757
2 0.07795217872606566 0.7201740115124826 0.016190810833314737 0.019006604021717232
2 0.09625483445068232 0.7131345285414761 0.016190810833314723 0.01689475913041537
2 0.10223839497603773 0.723869740072261 0.015486862536214093 0.019358578170267617
