2 0.21377245508982035 0.18617021276595744 0.14251497005988026 0.2702127659574468
2 0.2652694610778443 0.3223404255319149 0.12335329341317365 0.2148936170212766
2 0.29880239520958085 0.698936170212766 0.1377245508982036 0.30425531914893617
2 0.6173652694610778 0.8393617021276596 0.13532934131736526 0.20212765957446804
2 0.7251497005988021 0.8117021276595744 0.12574850299401197 0.2787234042553191
2 0.4377245508982035 0.5765957446808511 0.1497005988023952 0.30638297872340414
2 0.559880239520958 0.498936170212766 0.18562874251497 0.21914893617021278
2 0.621556886227545 0.5946808510638298 0.16526946107784435 0.23617021276595743
2 0.6514970059880238 0.4361702127659575 0.08862275449101796 0.1957446808510638
2 0.4808383233532934 0.42021276595744683 0.11616766467065869 0.1638297872340425
2 0.5497005988023952 0.3042553191489363 0.12455089820359282 0.22127659574468087
