1 0.3161209068010075 0.12098298676748581 0.055415617128463476 0.06805293005671077
1 0.36523929471032746 0.15689981096408318 0.04030226700251889 0.06427221172022685
1 0.2707808564231738 0.2060491493383743 0.05793450881612091 0.10586011342155009
1 0.3249370277078086 0.30340264650283544 0.05037783375314863 0.07750472589792061
1 0.3929471032745592 0.32892249527410206 0.04785894206549118 0.07939508506616258
1 0.28274559193954657 0.41209829867674863 0.03904282115869018 0.06049149338374291
1 0.33123425692695213 0.45841209829867674 0.037783375314861464 0.05860113421550094
1 0.3293450881612091 0.4858223062381853 0.05415617128463476 0.07183364839319471
1 0.3148614609571788 0.5330812854442344 0.05037783375314863 0.07561436672967864
1 0.28463476070528965 0.49054820415879014 0.04534005037783375 0.05482041587901701
1 0.21788413098236772 0.5387523629489603 0.04030226700251889 0.06427221172022685
1 0.232367758186398 0.7958412098298678 0.03652392947103275 0.05671077504725898
1 0.3079345088161209 0.893194706994329 0.06675062972292191 0.10018903591682421
1 0.40491183879093195 0.8667296786389415 0.04911838790931989 0.07750472589792061
1 0.46788413098236764 0.9224952741020793 0.04659949622166246 0.08317580340264649
1 0.5195214105793451 0.8223062381852552 0.041561712846347604 0.04914933837429111
1 0.5755667506297231 0.8894139886578449 0.042821158690176324 0.062381852551984876
1 0.760705289672544 0.7306238185255198 0.055415617128463476 0.07372400756143666
1 0.7625944584382872 0.5945179584120982 0.061712846347607056 0.07750472589792061
1 0.566750629722922 0.5860113421550093 0.04030226700251889 0.08695652173913043
1 0.6360201511335013 0.5510396975425332 0.05289672544080605 0.06994328922495274
1 0.7449622166246851 0.46786389413988655 0.04408060453400504 0.06616257088846879
1 0.7386649874055413 0.37523629489603016 0.05415617128463476 0.07750472589792061
1 0.6353904282115869 0.32230623818525517 0.056675062972292176 0.07372400756143666
1 0.5818639798488665 0.20888468809073724 0.05289672544080605 0.07372400756143666
1 0.49685138539042817 0.43856332703213613 0.05415617128463476 0.07183364839319471
1 0.5251889168765743 0.5122873345935727 0.04030226700251889 0.06427221172022685
1 0.473551637279597 0.6928166351606805 0.055415617128463476 0.06994328922495274
1 0.5465994962216625 0.7410207939508505 0.037783375314861464 0.06805293005671077
1 0.5963476070528967 0.042533081285444224 0.04659949622166246 0.07372400756143666
1 0.6826196473551637 0.5680529300567108 0.04030226700251889 0.08128544423440454
1 0.5018891687657426 0.47448015122873316 0.6057934508816116 0.9489603024574663
