2 0.19292604501607719 0.21221719457013577 0.26688102893890675 0.1312217194570136
2 0.3319935691318328 0.2647058823529412 0.2717041800643087 0.11855203619909499
2 0.6607717041800645 0.2864253393665159 0.3086816720257235 0.12217194570135746
2 0.5996784565916398 0.4438914027149321 0.3183279742765273 0.15656108597285068
2 0.41237942122186494 0.4692307692307693 0.20739549839228297 0.0751131221719457
2 0.3006430868167203 0.5316742081447963 0.2700964630225081 0.12398190045248869
2 0.5064308681672025 0.5565610859728506 0.2572347266881029 0.1248868778280543
2 0.7451768488745982 0.5144796380090496 0.23311897106109325 0.08778280542986425
2 0.6077170418006431 0.6266968325791855 0.22508038585209003 0.13846153846153847
2 0.4292604501607718 0.6348416289592759 0.2057877813504823 0.12217194570135746
2 0.8006430868167204 0.7280542986425338 0.2958199356913183 0.11674208144796379
2 0.8295819935691319 0.6090497737556562 0.3215434083601286 0.1285067873303167
