1 0.23232799245994346 0.478643216080402 0.20075400565504242 0.17085427135678388
1 0.4316682375117814 0.48618090452261303 0.1413760603204524 0.27386934673366836
1 0.5612629594721961 0.34673366834170855 0.14420358152686144 0.23115577889447236
1 0.07775683317624882 0.5854271356783919 0.12723845428840716 0.13819095477386933
1 0.21394910461828465 0.6915829145728642 0.18661639962299717 0.21733668341708545
1 0.3049010367577757 0.8919597989949749 0.25918944392082943 0.15075376884422106
1 0.5131950989632422 0.827261306532663 0.16870876531573986 0.21231155778894473
1 0.6776625824693672 0.7581658291457279 0.2111215834118753 0.30025125628140725
1 0.6531573986804899 0.5257537688442211 0.22054665409990576 0.23743718592964824
1 0.7620169651272384 0.25879396984924624 0.21206409048067862 0.21608040201005024
1 0.8548539114043355 0.46482412060301503 0.18661639962299717 0.21608040201005024
1 0.8308199811498586 0.2669597989949749 0.176248821866164 0.21733668341708545
1 0.9151743638077285 0.21419597989949746 0.1696512723845429 0.2776381909547739
1 0.9208294062205467 0.739321608040201 0.15268614514608864 0.26256281407035176
1 0.0706880301602262 0.7719849246231157 0.13949104618284638 0.20728643216080403
1 0.38595664467483504 0.6576633165829147 0.13854853911404336 0.21733668341708545
1 0.9585296889726673 0.5119346733668341 0.06220546654099905 0.17462311557788943
1 0.8543826578699338 0.5973618090452262 0.14420358152686144 0.1721105527638191
