2 0.37781731909845784 0.3583710407239819 0.08659549228944247 0.07963800904977375
2 0.41043890865954913 0.32217194570135754 0.11862396204033215 0.05429864253393665
2 0.25444839857651247 0.1647058823529412 0.08185053380782918 0.06153846153846154
2 0.25088967971530246 0.11266968325791854 0.10083036773428233 0.05520361990950226
2 0.18446026097271648 0.3040723981900452 0.06524317912218268 0.04162895927601809
2 0.13048635824436533 0.4429864253393665 0.13997627520759193 0.05520361990950226
2 0.2402135231316726 0.5950226244343891 0.15302491103202848 0.11493212669683257
2 0.31494661921708184 0.7339366515837105 0.1672597864768683 0.12126696832579185
2 0.6814946619217082 0.7357466063348415 0.1435349940688019 0.1285067873303167
2 0.6079478054567022 0.6199095022624436 0.0937129300118624 0.07058823529411765
2 0.5693950177935944 0.539366515837104 0.1423487544483986 0.09411764705882353
2 0.5676156583629893 0.42126696832579186 0.08659549228944247 0.05339366515837104
2 0.8404507710557533 0.07104072398190045 0.08185053380782918 0.05339366515837104
2 0.2740213523131672 0.2529411764705883 0.10438908659549229 0.05520361990950226
2 0.4644128113879003 0.2158371040723982 0.08422301304863583 0.05520361990950226
2 0.26571767497034393 0.4624434389140271 0.07591933570581258 0.04343891402714932
2 0.26749703440094896 0.5149321266968326 0.08185053380782918 0.03800904977375565
2 0.41637010676156583 0.47918552036199097 0.08303677342823247 0.03891402714932127
2 0.5136417556346382 0.4796380090497738 0.0711743772241993 0.04343891402714932
2 0.6435349940688019 0.47692307692307695 0.06998813760379596 0.039819004524886875
1 0.4816132858837485 0.6411764705882353 0.5195729537366548 0.3882352941176471
1 0.4134045077105576 0.3552036199095023 0.5919335705812574 0.27601809954751133
1 0.5041518386714116 0.11990950226244344 0.4223013048635824 0.23076923076923075
