1 0.0952637244348762 0.06458557588805167 0.10656620021528525 0.07965554359526372
1 0.12648008611410114 0.1533907427341227 0.0742734122712594 0.06996770721205597
1 0.05866523143164693 0.1377825618945102 0.06350914962325081 0.1054897739504844
1 0.02529601722282024 0.1776103336921421 0.03552206673842842 0.05597416576964478
0 0.1673842841765339 0.6399354144241121 0.06566200215285253 0.10656620021528525
2 0.6560818083961248 0.2395048439181916 0.1108719052744887 0.09364908503767494
2 0.6840688912809473 0.18622174381054898 0.11302475780409042 0.07319698600645858
2 0.5705059203444565 0.18729817007534982 0.09041980624327234 0.09041980624327234
2 0.5672766415500539 0.27933261571582346 0.08826695371367065 0.08934337997847144
2 0.6749192680301398 0.761033369214209 0.09903121636167946 0.0753498385360603
2 0.6829924650161463 0.8272335844994614 0.10010764262648023 0.05920344456404662
