2 0.0729794933655006 0.16787330316742083 0.12183353437876959 0.10407239819004525
2 0.3661037394451146 0.1972850678733032 0.10735826296743067 0.07963800904977375
2 0.5398069963811821 0.23619909502262446 0.08082026537997584 0.09049773755656108
2 0.5971049457177322 0.29366515837104074 0.13268998793727382 0.08416289592760182
2 0.39927623642943316 0.2927601809954752 0.09167671893848009 0.05882352941176469
2 0.31845597104945716 0.29457013574660634 0.06755126658624849 0.05339366515837104
2 0.32328106151990355 0.35384615384615387 0.07720144752714113 0.05972850678733032
2 0.28166465621230397 0.3597285067873303 0.07599517490952955 0.06787330316742081
2 0.41737032569360666 0.3289592760180996 0.09650180940892639 0.04072398190045248
2 0.5989143546441495 0.3886877828054299 0.07117008443908324 0.06606334841628961
2 0.6893848009650181 0.3877828054298642 0.14595898673100122 0.10226244343891402
2 0.7080820265379978 0.49185520361990953 0.16405307599517496 0.11131221719457013
2 0.5609167671893848 0.5457013574660633 0.12062726176115803 0.12307692307692308
2 0.6344993968636912 0.58868778280543 0.14957780458383593 0.08778280542986425
2 0.5880579010856453 0.7126696832579185 0.19179734620024122 0.13846153846153847
2 0.9203860072376358 0.5325791855203619 0.15922798552472858 0.18009049773755656
2 0.9234016887816646 0.7158371040723982 0.15319662243667068 0.14841628959276018
2 0.8166465621230397 0.7506787330316742 0.15681544028950542 0.13665158371040723
2 0.9523522316043426 0.8366515837104075 0.09529553679131483 0.10045248868778281
2 0.6417370325693602 0.8638009049773753 0.1568154402895053 0.1438914027149328
2 0.7509047044632087 0.8339366515837106 0.08323281061519903 0.08235294117647057
2 0.8751507840772007 0.9013574660633477 0.24246079613992644 0.19547511312217153
2 0.5367913148371533 0.9402714932126696 0.195416164053076 0.11945701357466064
2 0.6966224366706877 0.9389140271493213 0.14837153196622438 0.12217194570135746
2 0.4234016887816647 0.42398190045248874 0.3618817852834741 0.2687782805429864
