1 0.8359826589595379 0.564285714285714 0.1893063583815036 0.16071428571428562
1 0.7333815028901735 0.48928571428571427 0.10549132947976882 0.1
1 0.7088150289017341 0.5758928571428573 0.08526011560693642 0.11607142857142858
1 0.5382947976878613 0.3919642857142857 0.09971098265895954 0.13392857142857142
1 0.6307803468208092 0.4714285714285714 0.09393063583815026 0.12857142857142853
1 0.5274566473988439 0.5169642857142858 0.0953757225433526 0.10892857142857143
1 0.602601156069364 0.6107142857142853 0.16473988439306364 0.1964285714285713
1 0.4682080924855491 0.6455357142857143 0.12716763005780343 0.11964285714285718
1 0.39595375722543347 0.34732142857142856 0.10404624277456648 0.10535714285714287
1 0.36560693641618497 0.43660714285714286 0.1184971098265896 0.13392857142857142
1 0.3432080924855491 0.6633928571428571 0.15462427745664742 0.18035714285714285
1 0.21387283236994223 0.7098214285714286 0.10404624277456648 0.22678571428571426
