2 0.23913043478260876 0.2995475113122172 0.3937198067632851 0.2552036199095022
2 0.32367149758454106 0.6556561085972851 0.5024154589371981 0.21447963800904976
2 0.24818840579710144 0.9108597285067873 0.39492753623188404 0.17828054298642534
2 0.6298309178743962 0.5954751131221719 0.39009661835748793 0.2171945701357466
2 0.8653381642512078 0.38009049773755654 0.26932367149758457 0.1918552036199095
2 0.7385265700483093 0.45384615384615384 0.21618357487922704 0.1601809954751131
2 0.927536231884058 0.5737556561085974 0.13043478260869565 0.15565610859728507
2 0.6769323671497586 0.23303167420814477 0.4094202898550725 0.18190045248868777
2 0.5114734299516909 0.09049773755656108 0.3804347826086958 0.18099547511312217
1 0.5785024154589372 0.38099547511312215 0.4613526570048309 0.293212669683258
