2 0.2243093922651934 0.748159057437408 0.10386740331491716 0.12960235640648013
2 0.5430939226519338 0.8070692194403535 0.08066298342541436 0.09425625920471281
2 0.5895027624309392 0.7430044182621502 0.07845303867403315 0.0780559646539028
2 0.6270718232044199 0.7790868924889545 0.09834254143646412 0.0824742268041237
2 0.6138121546961328 0.8586156111929307 0.0740331491712707 0.09720176730486012
2 0.6784530386740332 0.8976435935198819 0.08176795580110499 0.0780559646539028
2 0.4066298342541437 0.6980854197349042 0.06629834254143646 0.10898379970544919
2 0.2988950276243094 0.6001472754050073 0.10276243093922652 0.09572901325478649
2 0.30331491712707187 0.6509572901325478 0.07845303867403315 0.08836524300441827
2 0.35580110497237577 0.5979381443298969 0.07071823204419891 0.0824742268041237
2 0.45801104972375695 0.6458026509572902 0.07845303867403315 0.09867452135493374
2 0.4044198895027625 0.5699558173784978 0.06629834254143646 0.0824742268041237
2 0.2928176795580111 0.4963181148748159 0.09060773480662984 0.0824742268041237
2 0.36629834254143645 0.48011782032400574 0.09171270718232044 0.1030927835051546
2 0.24972375690607734 0.3291605301914581 0.10165745856353592 0.11929307805596466
2 0.4480662983425414 0.37555228276877756 0.09613259668508284 0.08541973490427099
2 0.425414364640884 0.47864506627393233 0.046408839779005534 0.07952871870397642
2 0.4569060773480663 0.5463917525773195 0.0740331491712707 0.08836524300441827
2 0.5082872928176796 0.5758468335787924 0.061878453038674036 0.06774668630338733
2 0.5519337016574586 0.5964653902798233 0.04530386740331492 0.06774668630338733
2 0.587292817679558 0.5729013254786451 0.03425414364640884 0.07952871870397642
2 0.5552486187845304 0.5360824742268041 0.03867403314917127 0.07069219440353461
2 0.529281767955801 0.5139911634756994 0.07292817679558011 0.07658321060382917
2 0.4966850828729282 0.463917525773196 0.08287292817679556 0.07658321060382917
2 0.5696132596685083 0.45581737849779086 0.06740331491712707 0.0780559646539028
2 0.6414364640883978 0.45581737849779086 0.06519337016574586 0.11634756995581737
2 0.5370165745856353 0.39396170839469813 0.0861878453038674 0.06921944035346098
2 0.4767955801104975 0.29823269513991163 0.07182320441988956 0.07511045655375546
2 0.5353591160220994 0.23048600883652423 0.07182320441988942 0.09572901325478649
2 0.6049723756906078 0.2599410898379971 0.040883977900552496 0.0662739322533137
2 0.5662983425414365 0.17083946980854198 0.07624309392265195 0.07658321060382917
2 0.47845303867403316 0.22533136966126657 0.07513812154696133 0.0824742268041237
