1 0.045232273838630814 0.06317934782608696 0.04645476772616137 0.06114130434782608
1 0.09046454767726159 0.07201086956521739 0.019559902200488997 0.02717391304347826
1 0.08374083129584353 0.1046195652173913 0.028117359413202935 0.02717391304347826
1 0.1136919315403423 0.11209239130434785 0.034229828850855744 0.03396739130434782
1 0.12163814180929096 0.08220108695652176 0.030562347188264057 0.03125
1 0.15097799511002444 0.10054347826086957 0.02567237163814181 0.043478260869565216
1 0.152200488997555 0.14945652173913043 0.028117359413202935 0.03804347826086957
1 0.20721271393643031 0.12228260869565216 0.0550122249388753 0.07065217391304347
1 0.1943765281173594 0.1644021739130435 0.024449877750611252 0.04619565217391303
1 0.28117359413202936 0.2160326086956522 0.036674816625916866 0.043478260869565216
1 0.25244498777506114 0.21942934782608695 0.018337408312958433 0.028532608695652172
1 0.23288508557457213 0.18614130434782608 0.03300733496332518 0.03804347826086957
1 0.2726161369193154 0.13858695652173914 0.04156479217603912 0.03804347826086957
1 0.32762836185819066 0.22690217391304351 0.04156479217603912 0.05434782608695652
1 0.33557457212713937 0.17323369565217392 0.05012224938875305 0.058423913043478264
1 0.37713936430317857 0.22486413043478262 0.037897310513447434 0.04755434782608697
1 0.3985330073349634 0.20176630434782608 0.026894865525672374 0.05570652173913044
1 0.3887530562347188 0.28532608695652173 0.048899755501222504 0.06521739130434782
1 0.42665036674816625 0.19089673913043476 0.036674816625916866 0.07472826086956522
1 0.44193154034229826 0.27038043478260865 0.04034229828850854 0.05434782608695652
1 0.49205378973105146 0.21399456521739132 0.05990220048899755 0.04211956521739131
1 0.5244498777506112 0.18817934782608695 0.039119804400977995 0.04483695652173913
1 0.5482885085574573 0.26766304347826086 0.030562347188264057 0.03804347826086957
1 0.5360635696821516 0.23777173913043484 0.05745721271393643 0.04891304347826087
1 0.5103911980440098 0.26766304347826086 0.03300733496332518 0.03804347826086957
1 0.4737163814180929 0.3607336956521739 0.035452322738386305 0.06929347826086957
1 0.5238386308068459 0.33899456521739135 0.03300733496332518 0.06385869565217392
1 0.48288508557457227 0.2921195652173913 0.04156479217603912 0.04619565217391303
1 0.6051344743276285 0.14130434782608695 0.04400977995110025 0.04891304347826087
1 0.6332518337408313 0.1317934782608696 0.04400977995110025 0.04891304347826087
1 0.6308068459657702 0.1800271739130435 0.039119804400977995 0.036684782608695655
1 0.5641809290953546 0.36548913043478265 0.037897310513447434 0.05163043478260868
1 0.5336185819070906 0.3851902173913043 0.04767726161369193 0.04211956521739131
1 0.5275061124694377 0.41576086956521735 0.035452322738386305 0.04619565217391303
1 0.4951100244498779 0.4741847826086956 0.05378973105134475 0.043478260869565216
1 0.5800733496332517 0.3960597826086956 0.05012224938875305 0.04483695652173913
1 0.6033007334963325 0.26902173913043476 0.04523227383863079 0.03804347826086957
1 0.6112469437652812 0.2262228260869565 0.06845965770171149 0.06385869565217392
1 0.6888753056234718 0.23029891304347824 0.04767726161369193 0.03396739130434782
1 0.7243276283618582 0.249320652173913 0.030562347188264057 0.023097826086956513
1 0.7096577017114915 0.1956521739130435 0.037897310513447434 0.04619565217391303
1 0.6644254278728606 0.25679347826086957 0.042787286063569685 0.059782608695652176
1 0.6833740831295843 0.33967391304347827 0.036674816625916866 0.05163043478260868
1 0.6460880195599021 0.3192934782608696 0.042787286063569685 0.043478260869565216
1 0.7255501222493888 0.33627717391304346 0.04034229828850854 0.04211956521739131
1 0.7781173594132029 0.31657608695652173 0.042787286063569685 0.04619565217391303
1 0.7402200488997553 0.30095108695652173 0.03300733496332518 0.03940217391304348
1 0.7940097799511004 0.26766304347826086 0.023227383863080684 0.04619565217391303
1 0.7634474327628362 0.24116847826086957 0.04034229828850854 0.03396739130434782
1 0.6381418092909535 0.3974184782608695 0.03178484107579462 0.036684782608695655
1 0.5831295843520782 0.44157608695652173 0.048899755501222504 0.0625
1 0.539119804400978 0.4748641304347827 0.04645476772616137 0.08831521739130438
1 0.8924205378973105 0.5 0.022004889975550126 0.03804347826086957
1 0.9180929095354524 0.4972826086956521 0.01466992665036675 0.043478260869565216
1 0.9669926650366747 0.48709239130434784 0.0293398533007335 0.028532608695652172
1 0.948044009779951 0.453804347826087 0.028117359413202935 0.029891304347826088
1 0.8777506112469439 0.46603260869565216 0.04645476772616137 0.029891304347826088
1 0.9003667481662593 0.5713315217391304 0.03300733496332518 0.06657608695652174
1 0.8484107579462103 0.5883152173913043 0.05623471882640587 0.05163043478260868
1 0.8588019559902201 0.5353260869565217 0.05256723716381418 0.043478260869565216
1 0.7487775061124696 0.5427989130434782 0.03300733496332518 0.04483695652173913
1 0.7029339853300735 0.46059782608695654 0.1198044009779951 0.11956521739130435
