1 0.23392857142857135 0.5564285714285704 0.4678571428571427 0.3671428571428567
1 0.3691964285714285 0.3728571428571429 0.20446428571428568 0.21714285714285717
1 0.5084821428571429 0.2864285714285714 0.07767857142857143 0.21
1 0.5991071428571428 0.17785714285714285 0.125 0.35285714285714287
1 0.7401785714285715 0.20571428571428566 0.175 0.4114285714285713
1 0.5249999999999999 0.5850000000000002 0.2303571428571427 0.4042857142857143
1 0.8212285043471801 0.5984119251222237 0.20535714285714224 0.6742002828209173
1 0.7008928571428572 0.5978571428571429 0.11607142857142858 0.3842857142857143
1 0.9017857142857141 0.5785714285714287 0.15 0.2914285714285714
1 0.8714285714285716 0.215 0.12142857142857143 0.43
1 0.9334821428571429 0.2307142857142858 0.13303571428571428 0.45571428571428585
1 0.8200892857142856 0.49857142857142855 0.08839285714285715 0.17142857142857143
