0 0.329145728643216 0.37060301507537696 0.46733668341708545 0.7412060301507539
0 0.7412060301507537 0.6011306532663312 0.46733668341708584 0.6771356783919593
0 0.6124371859296481 0.146356783919598 0.07663316582914573 0.12688442211055276
0 0.6727386934673366 0.17839195979899497 0.10427135678391959 0.17336683417085427
0 0.7876884422110553 0.24371859296482418 0.11055276381909548 0.15326633165829145
0 0.8913316582914574 0.28266331658291455 0.09422110552763822 0.13819095477386933
0 0.9434673366834169 0.3599246231155776 0.09798994974874331 0.2625628140703517
0 0.47110552763819097 0.6947236180904522 0.31909547738693467 0.6055276381909548
0 0.08354271356783922 0.6652010050251256 0.16708542713567845 0.24748743718592955
0 0.21984924623115576 0.6752512562814069 0.24371859296482412 0.29020100502512564
0 0.25753768844221103 0.8341708542713568 0.2638190954773869 0.3316582914572864
