1 0.17924528301886794 0.8561557788944725 0.2415094339622642 0.15954773869346733
1 0.32358490566037734 0.9472361809045227 0.35660377358490564 0.10552763819095479
1 0.5056603773584906 0.4767587939698493 0.2981132075471698 0.22487437185929646
1 0.3037735849056603 0.37374371859296485 0.2339622641509434 0.18969849246231157
1 0.40094339622641506 0.24497487437185927 0.35283018867924526 0.18592964824120603
1 0.6726415094339623 0.3555276381909548 0.20943396226415095 0.1407035175879397
1 0.7273584905660377 0.5282663316582914 0.2433962264150943 0.1846733668341708
1 0.5433962264150944 0.6344221105527638 0.20754716981132076 0.15326633165829145
1 0.7556603773584905 0.717964824120603 0.29245283018867924 0.15452261306532664
1 0.5028301886792452 0.8059045226130653 0.4207547169811321 0.22487437185929646
1 0.6066037735849052 0.14321608040201003 0.3641509433962268 0.24623115577889446
1 0.3632075471698113 0.14824120603015073 0.3905660377358491 0.15075376884422106
1 0.07735849056603773 0.4660804020100501 0.15471698113207547 0.1859296482412059
