1 0.037831021437578806 0.314516129032258 0.07313997477931902 0.13306451612903222
1 0.10151324085750316 0.2943548387096774 0.07692307692307693 0.13306451612903222
1 0.16834804539722573 0.34879032258064513 0.10970996216897856 0.14112903225806456
1 0.21752837326607818 0.4042338709677419 0.10466582597730138 0.1350806451612903
1 0.287515762925599 0.45866935483870963 0.1008827238335435 0.1471774193548387
1 0.36633039092055486 0.4586693548387097 0.08701134930643124 0.1028225806451613
1 0.34615384615384615 0.6008064516129031 0.12988650693568726 0.20967741935483872
1 0.4810844892812106 0.6401209677419354 0.10718789407313997 0.05443548387096774
1 0.5081967213114754 0.7379032258064515 0.07313997477931902 0.12903225806451613
1 0.4798234552332912 0.28931451612903225 0.07944514501891552 0.15120967741935484
1 0.4817150063051703 0.3911290322580645 0.1235813366960908 0.11693548387096774
1 0.47351828499369486 0.47883064516129026 0.07692307692307693 0.0907258064516129
1 0.5737704918032787 0.5745967741935485 0.07061790668348046 0.07661290322580645
1 0.5889029003783102 0.38205645161290325 0.06809583858764187 0.26411290322580644
1 0.6916771752837326 0.5171370967741935 0.0617906683480454 0.06653225806451611
1 0.7181588902900378 0.4112903225806452 0.09962168978562425 0.12096774193548387
1 0.5901639344262295 0.12903225806451613 0.08575031525851198 0.10483870967741936
1 0.648171500630517 0.2016129032258064 0.1008827238335435 0.13709677419354838
1 0.701765447667087 0.31854838709677424 0.11223203026481715 0.14516129032258068
1 0.8669609079445143 0.39818548387096775 0.09205548549810842 0.17137096774193547
1 0.8335435056746535 0.4959677419354839 0.0807061790668348 0.10483870967741936
1 0.7175283732660779 0.844758064516129 0.06809583858764187 0.1129032258064516
1 0.5800756620428752 0.8276209677419355 0.09583858764186633 0.1350806451612903
1 0.5882723833543506 0.9495967741935484 0.0617906683480454 0.0846774193548387
1 0.7005044136191677 0.9566532258064515 0.08701134930643124 0.06653225806451611
1 0.8688524590163935 0.9072580645161291 0.09079445145018916 0.1854838709677419
1 0.9401008827238334 0.8074596774193549 0.07692307692307693 0.1391129032258064
1 0.44766708701134905 0.5786290322580645 0.08575031525851193 0.1330645161290324
