2 0.7686145146088595 0.26256281407035176 0.12158341187558903 0.15326633165829145
2 0.45758718190386427 0.19409547738693464 0.09896324222431668 0.14698492462311558
2 0.32516493873704055 0.1086683417085427 0.08482563619227144 0.0917085427135678
2 0.38595664467483504 0.13881909547738697 0.08953817153628654 0.114321608040201
2 0.37040527803958534 0.18907035175879397 0.10179076343072574 0.11180904522613065
2 0.5885956644674836 0.31972361809045224 0.07822808671065033 0.13944723618090452
2 0.6993402450518379 0.3913316582914574 0.1112158341187559 0.114321608040201
2 0.6913289349670121 0.32474874371859297 0.10273327049952875 0.10175879396984926
2 0.6526861451460887 0.38505025125628145 0.08576814326107446 0.09673366834170855
2 0.7078228086710651 0.49246231155778897 0.1055607917059378 0.1306532663316583
2 0.6324222431668238 0.5125628140703518 0.09048067860508954 0.1306532663316583
2 0.7431668237511782 0.664572864321608 0.09707822808671067 0.1306532663316583
2 0.5442978322337417 0.44283919597989946 0.07634307257304432 0.1419597989949751
2 0.5428840716305372 0.3630653266331658 0.0885956644674835 0.1256281407035176
2 0.5951932139491047 0.42902010050251255 0.08388312912346843 0.10678391959798995
2 0.4769085768143261 0.4830402010050251 0.0848256361922714 0.14195979899497468
2 0.4802073515551366 0.42776381909547734 0.06503298774740812 0.0917085427135678
2 0.4453345900094251 0.39510050251256285 0.07257304429783223 0.07160804020100504
2 0.409048067860509 0.4541457286432162 0.06409048067860511 0.0992462311557789
2 0.5428840716305372 0.6168341708542715 0.10744580584354382 0.135678391959799
2 0.5136663524976437 0.5358040201005025 0.0885956644674835 0.10175879396984926
2 0.4688972667295005 0.5998743718592965 0.09519321394910461 0.11934673366834174
2 0.5268614514608859 0.6871859296482412 0.09802073515551367 0.13316582914572864
2 0.4622997172478793 0.7625628140703518 0.10273327049952875 0.11809045226130653
2 0.5763430725730443 0.5157035175879396 0.10273327049952875 0.11180904522613065
2 0.42742695570216777 0.8184673366834171 0.11592836946277098 0.114321608040201
2 0.5202639019792649 0.7575376884422111 0.10179076343072574 0.10804020100502512
2 0.36899151743638076 0.5364321608040201 0.08199811498586239 0.1256281407035176
