2 0.32998661311914324 0.2955357142857143 0.15127175368139223 0.18392857142857147
2 0.4564926372155288 0.30625 0.1686746987951807 0.20178571428571432
2 0.610441767068273 0.22410714285714287 0.24364123159303883 0.22321428571428573
2 0.5508701472556896 0.38839285714285704 0.17269076305220887 0.24107142857142874
2 0.4029451137884873 0.4410714285714286 0.17402945113788487 0.21071428571428574
2 0.32530120481927716 0.6482142857142857 0.14725568942436412 0.1928571428571429
2 0.42168674698795183 0.6053571428571428 0.16331994645247658 0.21428571428571427
2 0.4759036144578312 0.7339285714285715 0.12182061579651941 0.16785714285714284
2 0.536144578313253 0.6857142857142857 0.17269076305220887 0.1928571428571429
2 0.6171352074966532 0.5473214285714285 0.1713520749665328 0.21607142857142858
2 0.781793842034806 0.6517857142857144 0.16599732262382866 0.20714285714285716
2 0.6412315930388219 0.7625000000000001 0.13654618473895583 0.225
