0 0.6876046901172528 0.1337939698492462 0.2964824120603015 0.2600502512562814
0 0.228643216080402 0.25188442211055273 0.20938023450586266 0.2399497487437186
0 0.37939698492462315 0.2229899497487437 0.15577889447236182 0.2600502512562814
0 0.5360134003350083 0.18404522613065327 0.1708542713567839 0.28517587939698497
0 0.2520938023450586 0.4233668341708542 0.22948073701842545 0.22864321608040186
0 0.3944723618090452 0.4057788944723619 0.1658291457286432 0.18844221105527645
0 0.5460636515912899 0.36997487437185905 0.24120603015075368 0.2424623115577888
0 0.7571189279731994 0.3347989949748743 0.23115577889447236 0.29271356783919594
0 0.24790619765494137 0.628140703517588 0.2144053601340034 0.2236180904522613
0 0.38274706867671693 0.6407035175879398 0.22948073701842545 0.24874371859296482
0 0.5619765494137353 0.6281407035175879 0.21943048576214405 0.24874371859296482
0 0.7445561139028477 0.6306532663316585 0.26968174204355083 0.29396984924623126
0 0.25125628140703515 0.8027638190954772 0.20435510887772193 0.2236180904522613
0 0.4020100502512563 0.832286432160804 0.23115577889447236 0.23743718592964824
0 0.5703517587939697 0.851130653266333 0.27303182579564506 0.27010050251256346
0 0.7713567839195987 0.8454773869346737 0.24288107202680145 0.3090452261306529
