1 0.48095238095238096 0.055357142857142855 0.20952380952380953 0.11071428571428571
1 0.5488095238095239 0.11071428571428571 0.1357142857142857 0.10357142857142858
1 0.46785714285714286 0.20625000000000004 0.12142857142857143 0.12321428571428575
1 0.175 0.29910714285714285 0.2261904761904762 0.09464285714285714
1 0.3416666666666667 0.24910714285714286 0.16428571428571423 0.10535714285714287
1 0.30833333333333335 0.35714285714285715 0.11666666666666665 0.125
1 0.42023809523809524 0.3616071428571429 0.10238095238095238 0.13750000000000004
1 0.49880952380952387 0.36517857142857146 0.11666666666666665 0.14821428571428572
1 0.5642857142857143 0.27767857142857144 0.1380952380952381 0.10892857142857143
1 0.7083333333333333 0.15625 0.15476190476190477 0.10178571428571428
1 0.7714285714285712 0.27321428571428574 0.10476190476190476 0.14642857142857144
1 0.8178571428571427 0.39017857142857143 0.10714285714285714 0.09464285714285714
1 0.7464285714285714 0.47857142857142854 0.14047619047619048 0.07857142857142857
1 0.6452380952380952 0.39374999999999993 0.15714285714285714 0.10535714285714287
1 0.44047619047619047 0.4642857142857143 0.15714285714285714 0.13214285714285717
1 0.2761904761904762 0.4928571428571428 0.19523809523809527 0.1
1 0.10357142857142858 0.5875000000000001 0.20714285714285716 0.08928571428571429
1 0.23452380952380955 0.5625 0.10714285714285714 0.125
1 0.3607142857142857 0.6107142857142855 0.15952380952380948 0.14285714285714282
1 0.47857142857142854 0.6142857142857143 0.1380952380952381 0.175
1 0.6309523809523809 0.5928571428571429 0.1380952380952381 0.22142857142857142
1 0.8452380952380955 0.5517857142857144 0.14761904761904762 0.14642857142857144
1 0.5952380952380952 0.7517857142857143 0.12857142857142853 0.08928571428571429
1 0.4714285714285714 0.7821428571428571 0.12857142857142853 0.08571428571428572
1 0.2845238095238095 0.8169642857142857 0.26904761904761904 0.0875
1 0.4654761904761906 0.8705357142857143 0.15952380952380948 0.11964285714285718
1 0.673809523809524 0.7633928571428572 0.11428571428571428 0.10535714285714287
1 0.3392857142857143 0.9553571428571428 0.2738095238095239 0.08928571428571429
1 0.9452380952380952 0.09107142857142858 0.08571428571428572 0.13214285714285717
1 0.880952380952381 0.054464285714285715 0.07619047619047618 0.0875
1 0.6607142857142857 0.033928571428571426 0.15952380952380948 0.06785714285714285
