2 0.3 0.40575079872204467 0.36047904191616764 0.40894568690095845
2 0.8095808383233534 0.6908945686900958 0.3784431137724551 0.43929712460063897
2 0.6173652694610777 0.32188498402555915 0.3317365269461078 0.4712460063897765
2 0.4491017964071856 0.7348242811501597 0.2898203592814371 0.3354632587859425
2 0.20898203592814368 0.8650159744408945 0.22634730538922157 0.26996805111821087
2 0.13652694610778443 0.6725239616613419 0.27305389221556886 0.3194888178913738
2 0.8341317365269459 0.33466453674121405 0.21676646706586827 0.3722044728434505
2 0.09640718562874252 0.1413738019169329 0.19281437125748505 0.2827476038338658
2 0.4622754491017964 0.10782747603833863 0.332934131736527 0.20926517571884978
2 0.5724550898203592 0.8746006389776357 0.32335329341317354 0.2476038338658147
2 0.9059880239520958 0.14297124600638977 0.18802395209580833 0.28594249201277955
