1 0.0562874251497006 0.5798722044728436 0.07425149700598803 0.134185303514377
1 0.24730538922155687 0.5087859424920128 0.04910179640718563 0.09424920127795527
1 0.19401197604790416 0.507188498402556 0.06467065868263473 0.10702875399361023
1 0.28862275449101793 0.44329073482428116 0.07425149700598803 0.09105431309904154
1 0.20778443113772455 0.6693290734824281 0.07065868263473053 0.12140575079872201
1 0.2305389221556886 0.7324281150159746 0.05149700598802395 0.07188498402555912
1 0.04730538922155689 0.792332268370607 0.09461077844311377 0.0830670926517572
1 0.42814371257485023 0.48242811501597443 0.0754491017964072 0.07348242811501597
1 0.4485029940119761 0.41293929712460065 0.04910179640718563 0.06549520766773162
1 0.39640718562874255 0.5207667731629393 0.04550898203592815 0.0670926517571885
1 0.4251497005988024 0.5630990415335463 0.06227544910179641 0.05591054313099041
1 0.38922155688622745 0.38418530351437696 0.05269461077844311 0.062300319488817875
1 0.5407185628742516 0.39776357827476033 0.06107784431137724 0.07987220447284345
1 0.5772455089820359 0.3809904153354632 0.03832335329341317 0.07188498402555912
1 0.5592814371257485 0.28753993610223644 0.04550898203592815 0.07028753993610223
1 0.6047904191616766 0.3226837060702875 0.06467065868263473 0.07348242811501597
1 0.5730538922155689 0.4928115015974441 0.05868263473053892 0.07188498402555912
1 0.5946107784431138 0.5375399361022365 0.04910179640718563 0.06869009584664537
1 0.5892215568862275 0.6126198083067093 0.06227544910179641 0.06549520766773162
1 0.3425149700598802 0.7036741214057508 0.02874251497005988 0.09105431309904154
1 0.23952095808383234 0.8985623003194888 0.05029940119760479 0.10063897763578275
1 0.3526946107784433 0.9217252396166135 0.06107784431137724 0.07028753993610223
1 0.5131736526946108 0.8674121405750799 0.08502994011976048 0.12460063897763575
1 0.4257485029940119 0.6845047923322682 0.046706586826347304 0.08466453674121405
1 0.6526946107784432 0.8266773162939296 0.047904191616766484 0.09744408945686901
1 0.7107784431137725 0.7859424920127797 0.029940119760479042 0.07987220447284345
1 0.7059880239520956 0.5487220447284344 0.041916167664670656 0.0463258785942492
1 0.6502994011976049 0.5447284345047924 0.04311377245508982 0.07028753993610223
1 0.6263473053892216 0.7012779552715656 0.05269461077844311 0.07348242811501597
1 0.8389221556886227 0.48402555910543127 0.041916167664670656 0.07028753993610223
1 0.8137724550898205 0.5319488817891374 0.06347305389221557 0.08945686900958466
1 0.9754491017964074 0.6884984025559104 0.04910179640718563 0.09584664536741214
1 0.9191616766467066 0.7308306709265175 0.05149700598802395 0.06549520766773162
1 0.9215568862275448 0.8019169329073483 0.08982035928143713 0.0670926517571885
1 0.9658682634730539 0.535143769968051 0.0658682634730539 0.0830670926517572
1 0.884431137724551 0.49201277955271566 0.05868263473053892 0.08626198083067091
1 0.8347305389221558 0.2995207667731629 0.07904191616766469 0.07507987220447285
1 0.8401197604790418 0.23003194888178913 0.06826347305389222 0.07028753993610223
1 0.7592814371257487 0.18849840255591052 0.06467065868263473 0.054313099041533544
1 0.9610778443113772 0.12699680511182107 0.0347305389221557 0.062300319488817875
1 0.9365269461077844 0.30910543130990414 0.05029940119760479 0.05910543130990416
1 0.9826347305389221 0.3138977635782748 0.0347305389221557 0.052715654952076675
1 0.7634730538922153 0.26198083067092653 0.06826347305389222 0.060702875399361006
1 0.7191616766467067 0.32667731629392965 0.05389221556886228 0.06869009584664537
1 0.9227544910179641 0.14057507987220447 0.027544910179640718 0.06389776357827474
1 0.7053892215568864 0.2635782747603834 0.04550898203592815 0.038338658146964855
1 0.9928143712574851 0.20207667731629392 0.01437125748502994 0.036741214057507986
1 0.8886227544910179 0.17012779552715657 0.023952095808383242 0.052715654952076675
