2 0.43327480245829675 0.5273010920436818 0.16066725197541704 0.29641185647425894
2 0.7936786654960493 0.8112324492979719 0.14749780509218613 0.3369734789391575
2 0.7383669885864794 0.7238689547581902 0.14047410008779634 0.3213728549141966
2 0.7010535557506585 0.31435257410296413 0.16417910447761194 0.34477379095163807
2 0.40956979806848115 0.1544461778471139 0.17471466198419666 0.2683307332293292
2 0.27524143985952587 0.17706708268330737 0.1694468832309043 0.30421216848673954
2 0.5553116769095696 0.39625585023400933 0.15539947322212466 0.37753510140405616
2 0.3880597014925373 0.37831513260530425 0.16856892010535557 0.2574102964118565
2 0.3415276558384548 0.531201248049922 0.13345039508340653 0.28861154446177845
2 0.4438103599648815 0.7067082683307333 0.12379280070237049 0.3369734789391575
2 0.5329236172080772 0.5312012480499221 0.11940298507462684 0.2667706708268331
