1 0.4060489060489059 0.1199261992619926 0.05276705276705277 0.08118081180811808
1 0.45431145431145437 0.18081180811808117 0.04633204633204632 0.05904059040590406
1 0.4369369369369369 0.268450184501845 0.05791505791505792 0.060885608856088555
1 0.4761904761904762 0.22509225092250923 0.04118404118404118 0.08118081180811808
1 0.42342342342342343 0.1771217712177122 0.04890604890604889 0.07011070110701105
1 0.5148005148005148 0.2776752767527676 0.04633204633204632 0.05719557195571956
1 0.46846846846846846 0.36900369003690037 0.06435006435006435 0.08487084870848709
1 0.5328185328185329 0.32472324723247226 0.06177606177606178 0.08856088560885608
1 0.5045045045045045 0.4612546125461255 0.07722007722007722 0.09594095940959409
1 0.5714285714285714 0.37453874538745396 0.04890604890604889 0.12177121771217711
1 0.6254826254826256 0.45848708487084866 0.08751608751608751 0.0940959409594096
1 0.5546975546975547 0.5691881918819188 0.07979407979407979 0.10885608856088562
1 0.7271557271557272 0.5055350553505534 0.08494208494208491 0.08856088560885608
1 0.6640926640926641 0.5636531365313654 0.06692406692406692 0.13468634686346864
1 0.5804375804375804 0.6346863468634687 0.09009009009009006 0.0996309963099631
1 0.6422136422136422 0.6217712177121771 0.07207207207207207 0.08487084870848709
1 0.583011583011583 0.5055350553505535 0.059202059202059204 0.07011070110701105
