1 0.035392535392535396 0.3001930501930502 0.04247104247104247 0.03281853281853281
1 0.06628056628056628 0.27992277992278 0.03732303732303732 0.05019305019305019
1 0.04650135747874633 0.33804931596937526 0.0342009984037231 0.035123142525443206
1 0.10440304775873369 0.31553448101716813 0.043201261141544975 0.0297195821369135
1 0.06720196177573663 0.3448037664550375 0.02640077069761082 0.05223441708912071
1 0.16110470300701143 0.3484061400473906 0.04620134872081893 0.0396261095158847
1 0.2190063932869988 0.3520085136397437 0.03720108598299704 0.057637977477650454
1 0.15090440523748005 0.39253521655371676 0.04980145381594769 0.02341542835029552
1 0.1506043964795526 0.4375648864581311 0.05160150636351206 0.030620175535001768
1 0.1674048869234868 0.4127985680107032 0.0408011910781258 0.026117208544560323
1 0.2340068311833686 0.38893284296136355 0.049201436300092875 0.02341542835029547
1 0.2406070238577713 0.4222547986906302 0.05520161145864079 0.036023735923531516
1 0.19650573644244412 0.4672844685950446 0.031800928340303944 0.06844509825470982
1 0.22710662975103849 0.44927260063327884 0.04260124362569018 0.04142729631206123
1 0.15090440523748 0.46728446859504463 0.046201348720818915 0.03962610951588464
1 0.2886084251261546 0.3218386348037861 0.0612017866171887 0.04593026330250274
1 0.3555103781439638 0.3497570301445229 0.03780110349885186 0.05853857087573868
1 0.30390887178045173 0.3700203816015095 0.06660194425988183 0.0396261095158847
1 0.30540891557008876 0.4109973812145266 0.05160150636351206 0.03692432932161979
1 0.36601068467142267 0.3952369967479816 0.039601156046416223 0.036023735923531516
1 0.36721071970313224 0.42855895247724823 0.0696020318391558 0.03242136233117835
1 0.3126091257603463 0.4618809082065149 0.05400157642693124 0.04322848310823782
1 0.3465101154061419 0.5118638418004149 0.03900113853056141 0.024316021748383685
1 0.1704049745027607 0.20611238314944116 0.04680136623667371 0.09366171340118196
1 0.20640602545404824 0.1570300429536295 0.0600017515854791 0.04232788971014953
1 0.23760693627849733 0.19620585577046995 0.046801366236673726 0.08465577942029906
1 0.24870726032181095 0.21421772373223577 0.0666019442598818 0.07745103223559276
1 0.3021088192328874 0.24889056955863478 0.04140120859398059 0.09095993320691707
1 0.35791044820738327 0.21286683363510334 0.036601068467142235 0.07294806524515132
1 0.21810636701321665 0.08240429592507834 0.05580162897449553 0.047731450098679254
1 0.21840637577114405 0.1269836691304486 0.05160150636351206 0.030620175535001796
1 0.27300796971393004 0.08240429592507834 0.04560133120496413 0.0891587464107405
1 0.32370944980365984 0.12112981204287473 0.051001488847657234 0.06934569165279818
1 0.34110995776344877 0.1670600753453774 0.055801628974495594 0.03692432932161982
1 0.4521131981965852 0.3030496784567089 0.04260124362569022 0.08735755961456389
1 0.5052147483497343 0.28098514020354587 0.05760168152205995 0.045029669904414406
1 0.5328155540790547 0.234604580201999 0.07320213693428453 0.05493619728338556
1 0.43381266396301416 0.23145250330868997 0.07440217196599408 0.05403560388529726
1 0.4404128566374168 0.15850443806353864 0.07440217196599416 0.05403560388529729
1 0.5325155453211272 0.19002520699662875 0.08580250476723517 0.03962610951588467
1 0.5205151950040315 0.14274405359699363 0.04860141878423805 0.0675445048566216
1 0.4155121297294429 0.11122328466390355 0.061801804133043675 0.054936197283385654
1 0.3915114290952513 0.05088352699198827 0.06420187419646269 0.06033975767191529
1 0.46741364485088255 0.059889460972871164 0.05760168152206019 0.05853857087573866
1 0.5442158868802955 0.08330488932316663 0.07200210190257496 0.04412907650632611
1 0.5451159131540779 0.048632043496767544 0.07380215445013927 0.04502966990441439
1 0.6153179625090884 0.2589206019503827 0.03420099840372313 0.08555637281838735
1 0.6384186368694978 0.22199627262876293 0.034801015919577794 0.08735755961456389
1 0.6669194688726006 0.18867431689949632 0.049801453815947756 0.06574331806044499
1 0.6549191185555048 0.13508900971324317 0.05340155891107635 0.050433230292944116
1 0.6540190922817224 0.06709420815757744 0.032400945856158755 0.06033975767191528
1 0.7359214831959017 0.1639079984520684 0.036601068467142304 0.06124035107000359
1 0.7062206161610893 0.10717061437250626 0.04680136623667369 0.06304153786618014
1 0.7236211241208781 0.07474925204132789 0.04680136623667384 0.055836790681473854
1 0.7137208351092743 0.021163944855074765 0.07020204935501054 0.03512314252544323
1 0.7251211679105152 0.2368560636972197 0.03420099840372305 0.0432284831082378
1 0.7662223677465684 0.24225962408574941 0.04920143630009279 0.043228483108237764
1 0.7008204585183961 0.27693246991214854 0.0384011210147066 0.06033975767191526
1 0.7548220349453274 0.2854881071939872 0.05400157642693116 0.03962610951588464
1 0.7245211503946605 0.32106154641847456 0.031800928340303944 0.09996586718779996
1 0.8985970398205402 0.26657564583413323 0.03600105095128748 0.06844509825470987
1 0.9327980382242633 0.2404584372895729 0.03240094585615861 0.06304153786618011
1 0.9081973200742168 0.20938796505552693 0.032400945856158755 0.04953263689485585
1 0.7026913208939508 0.39491020506171426 0.035401033435432674 0.045930263302502675
1 0.7404924243928028 0.37869952389612516 0.03420099840372305 0.04773145009867927
1 0.7581929411105192 0.4124717763244359 0.04680136623667369 0.0396261095158847
1 0.7650931425428491 0.4322848310823782 0.042601243625690274 0.03962610951588464
1 0.7410924419086574 0.4863204349676754 0.03660106846714216 0.08645696621647564
1 0.7113915748738454 0.4750630174915719 0.024000700634191664 0.07114687844897469
1 0.6891909267872184 0.42462978719862776 0.04920143630009296 0.051333823691032385
1 0.8655960764485268 0.5651223573004006 0.06600192674402713 0.03152076893309003
1 0.8508956473100843 0.5268471378816485 0.04620134872081888 0.05403560388529729
1 0.81339455256916 0.5241453576873836 0.03600105095128748 0.07204747184706303
1 0.7839936942922753 0.5187417972988538 0.039601156046416223 0.059439164273827
1 0.7758934578282355 0.5592685002128268 0.07740225954526815 0.03242136233117825
1 0.7782935278916546 0.5921401592430493 0.07260211941842978 0.024316021748383685
1 0.7821936417447108 0.6173567743895213 0.05520161145864079 0.053135010487209075
1 0.8256949116441837 0.6403219060407729 0.033000963372014545 0.06124035107000354
1 0.8403953407826256 0.6232106314770951 0.04200122610983534 0.07204747184706303
1 0.8628959976271803 0.613304104098124 0.05340155891107635 0.05403560388529729
1 0.8304950517710216 0.702353881931821 0.08460246973552563 0.04232788971014955
1 0.8190947189697804 0.7523368155257207 0.06780197929159143 0.036023735923531516
1 0.7383923630873109 0.6604762889207154 0.06720196177573662 0.03962610951588459
1 0.6705903837957196 0.6811899370767459 0.06360185668060789 0.08285459262412247
1 0.7281920653177795 0.7032544753299091 0.04680136623667369 0.062140944468091854
1 0.768093230122123 0.7019035852327766 0.03900113853056155 0.07204747184706303
1 0.6810906903231785 0.7694480900893984 0.06900201432330105 0.059439164273827
1 0.672390436343284 0.8144777599938127 0.08760255731479961 0.048632043496767585
1 0.6339893153285774 0.8757181110638165 0.03840112101470667 0.10086646058588823
1 0.7026913208939509 0.8581565398010946 0.04980145381594761 0.0639421312642685
1 0.8097944474740312 0.9013850229093325 0.05640164649035041 0.04593026330250274
1 0.8085944124423213 0.8446476388297705 0.052801541395221675 0.05133382369103243
1 0.8172946664222159 0.8077233095081507 0.04860141878423813 0.0549361972833855
1 0.7707933089434698 0.7906120349444729 0.04680136623667369 0.062140944468091736
1 0.7539928184995356 0.8477997157230793 0.04800140126838333 0.06304153786618018
1 0.7386923718452384 0.9004844295112442 0.05700166400620523 0.04052670291397291
1 0.8970969960309033 0.8333902213536668 0.04380127865739961 0.06844509825470978
1 0.9540986600371083 0.837442891645064 0.03780110349885178 0.06394213126426838
1 0.9210976966650951 0.9459643961147027 0.029400858276884687 0.07925221903176918
1 0.4233831672635457 0.9365081654347758 0.05400157642693124 0.07294806524515114
1 0.5277862150222793 0.927952528152937 0.03360098088786831 0.07564984543941623
1 0.5580870995729462 0.9275022314538929 0.028200823245175206 0.09095993320691692
1 0.5910880629449597 0.9320051984443343 0.02700078821346558 0.08375518602221078
1 0.47678472617462203 0.8514020893154325 0.05160150636351198 0.061240351070003654
1 0.5256861537167875 0.8428464520335937 0.029400858276884757 0.07294806524515127
1 0.5562870470253817 0.8410452652374172 0.035401033435432674 0.07294806524515127
1 0.5898880279132502 0.8640103968886684 0.030600893308594387 0.07024628505088652
1 0.4722845948057111 0.7676469032932217 0.05220152387936686 0.061240351070003536
1 0.4284833161483113 0.7906120349444731 0.029400858276884757 0.07655043883750455
1 0.3966823878080074 0.8095244963043271 0.036601068467142304 0.09095993320691703
1 0.3807819236378553 0.846448825625947 0.048001401268383245 0.06754450485662156
1 0.34178078510729404 0.8608583199953596 0.03600105095128748 0.09095993320691703
1 0.30937983925113527 0.8333902213536668 0.03720108598299708 0.09186052660500535
1 0.33848068877009263 0.7883605514492524 0.040201173562271035 0.057637977477650454
1 0.3717816609000335 0.7491847386324116 0.03600105095128748 0.06574331806044502
1 0.4217078457348829 0.6924473545528498 0.02160063057077255 0.08195399922603426
1 0.2394777986540521 0.9045370998026414 0.07980232960868726 0.03242136233117825
1 0.33398055740118165 0.9702804178630865 0.0384011210147066 0.05223441708912065
1 0.6303892102334487 0.6969503215432912 0.020400595539062916 0.09095993320691713
1 0.6582900247206964 0.6276046298904931 0.02580075318175595 0.05493619728338562
1 0.6186888686742802 0.5956335642583588 0.031800928340303944 0.0450296699044143
1 0.6669902787005909 0.5687058202813224 0.03360098088786837 0.045209785835639164
1 0.4584841919410508 0.6343590803761551 0.051001488847657234 0.03962610951588459
1 0.4116828257043772 0.6519206516388767 0.04860141878423805 0.03332195572926678
1 0.40868273812510325 0.6199495860067424 0.051001488847657234 0.04142729631206123
1 0.4098827731568127 0.5848264434812992 0.051001488847657234 0.04142729631206123
1 0.4875850414600082 0.5717678392090192 0.054001576426931305 0.051333823691032544
1 0.38918216885982254 0.5564577514415182 0.07440217196599416 0.035123142525443206
1 0.4872850327020809 0.4844102795944552 0.04140120859398052 0.03872551611779638
1 0.4992853830191767 0.4366788294957759 0.04620134872081904 0.05313501048720901
1 0.438083596401988 0.42542141201967243 0.04860141878423813 0.03782492271970807
1 0.3858820725226212 0.452439213962321 0.045001313689109326 0.03782492271970807
1 0.39308228271287865 0.4974688838667353 0.042601243625690136 0.03962610951588464
1 0.43118339496965796 0.4700007852250425 0.04080119107812583 0.04412907650632619
1 0.2589783679193328 0.6181483992105659 0.043201261141544996 0.043228483108237764
1 0.23857777238026992 0.6487685747455677 0.05280154139522164 0.048632043496767474
1 0.24577798257052735 0.5645630920243129 0.05160150636351206 0.0549361972833855
1 0.21247701044058645 0.5542062679462973 0.021000613054917697 0.09186052660500535
1 0.6675062972292192 0.5132325141776938 0.05037783375314863 0.02835538752362949
1 0.6618387909319898 0.47731568998109647 0.05163727959697732 0.043478260869565216
1 0.6114609571788413 0.5444234404536863 0.031486146095717885 0.034026465028355386
1 0.6158690176322419 0.5122873345935728 0.022670025188916875 0.026465028355387523
1 0.5232997481108312 0.7173913043478262 0.031486146095717885 0.0888468809073724
1 0.46788413098236775 0.6899810964083175 0.04911838790931989 0.08695652173913043
1 0.47040302267002504 0.9073724007561437 0.05163727959697732 0.04536862003780719
1 0.18324937027707805 0.6153119092627599 0.056675062972292176 0.03213610586011342
1 0.20465994962216624 0.6587901701323252 0.04911838790931989 0.05103969754253308
1 0.13161209068010077 0.8856332703213611 0.02392947103274559 0.08506616257088845
1 0.10138539042821158 0.8818525519848771 0.02392947103274559 0.09262759924385634
1 0.07178841309823679 0.9026465028355386 0.037783375314861464 0.09262759924385634
1 0.06234256926952141 0.8156899810964083 0.03904282115869018 0.05103969754253308
1 0.12846347607052896 0.8194706994328923 0.037783375314861464 0.043478260869565216
1 0.12909319899244331 0.7920604914933838 0.056675062972292176 0.041587901701323246
1 0.13790931989924435 0.7561436672967864 0.06423173803526448 0.05671077504725898
1 0.04156171284634762 0.7485822306238185 0.05037783375314863 0.030245746691871456
1 0.07241813602015112 0.7542533081285444 0.041561712846347604 0.04914933837429111
1 0.10516372795969772 0.7041587901701322 0.05163727959697732 0.062381852551984876
1 0.0894206549118388 0.782608695652174 0.027707808564231738 0.09073724007561439
1 0.17254408060453402 0.553875236294896 0.05289672544080605 0.04536862003780719
1 0.7934508816120907 0.9640831758034026 0.05037783375314863 0.04536862003780719
1 0.7267002518891688 0.9650283553875236 0.04785894206549118 0.05103969754253308
