1 0.49464285714285716 0.15178571428571427 0.09642857142857145 0.26785714285714285
1 0.5901785714285714 0.17500000000000002 0.13035714285714287 0.26071428571428573
1 0.2830357142857143 0.3303571428571429 0.2625 0.1821428571428571
1 0.8321428571428573 0.31339285714285714 0.22857142857142856 0.12321428571428575
1 0.6642857142857141 0.28660714285714284 0.17857142857142858 0.1625
1 0.7966656635177316 0.45460919691690593 0.30357142857142827 0.11428571428571443
1 0.7857142857142857 0.5696428571428571 0.30714285714285716 0.14285714285714282
1 0.8276785714285715 0.6116071428571429 0.14464285714285718 0.25535714285714284
1 0.65625 0.7482142857142858 0.10892857142857143 0.175
1 0.5053571428571428 0.8017857142857142 0.11785714285714283 0.26785714285714285
1 0.3875 0.7741071428571429 0.10714285714285714 0.27678571428571436
1 0.30000000000000004 0.7741071428571428 0.2 0.2874999999999999
1 0.21336150751899732 0.7374746932113243 0.23928571428571424 0.13928571428571465
1 0.2375 0.5107142857142857 0.1821428571428571 0.15357142857142858
1 0.5107142857142857 0.569642857142857 0.25714285714285706 0.22499999999999978
1 0.49910714285714286 0.3616071428571428 0.1625 0.16964285714285715
