0 0.04761904761904761 0.29856115107913667 0.09171075837742503 0.5179856115107914
0 0.11640211640211638 0.512589928057554 0.10229276895943562 0.26258992805755393
0 0.053791887125220456 0.7877697841726619 0.10052910052910052 0.4172661870503597
0 0.19841269841269835 0.7913669064748201 0.2592592592592592 0.3021582733812948
0 0.26278659611992944 0.9442446043165468 0.24691358024691357 0.11151079136690648
0 0.4559082892416225 0.8848920863309353 0.1675485008818342 0.23021582733812956
0 0.1821093713807388 0.1808955063240792 0.2437222902019871 0.33814335433299514
0 0.27336860670194 0.4730215827338129 0.2751322751322751 0.36330935251798563
0 0.41798941798941797 0.631294964028777 0.20105820105820105 0.4136690647482014
0 0.35361552028218696 0.17086330935251798 0.21340388007054675 0.3345323741007194
0 0.5784832451499117 0.1798561151079137 0.2186948853615521 0.3597122302158274
0 0.5388329615025715 0.7500815417657276 0.14964915620392444 0.5483682756784798
0 0.6763668430335097 0.8920863309352518 0.2627865961199294 0.21582733812949642
0 0.8474426807760136 0.8093525179856108 0.26631393298059847 0.37410071942445944
0 0.7848324514991181 0.44244604316546754 0.2716049382716049 0.3021582733812948
0 0.845679012345679 0.15287769784172667 0.2980599647266313 0.30575539568345333
