0 0.5370073201536204 0.19298298581729956 0.07307624702370902 0.08972579343866965
0 0.5284638125338905 0.11157490093911576 0.056184700469630144 0.09687017322350036
0 0.5289481634000084 0.03165700802972799 0.05715340220186447 0.061996910863040246
0 0.6325992487491541 0.021727815274319197 0.08912055936562092 0.03826371842328263
0 0.6190374244978634 0.04957799007607555 0.09880757668797006 0.06102820913080524
0 0.6200061262300987 0.20093763573779477 0.11527550613596572 0.07313698078374277
0 0.655363739456676 0.11327012897052702 0.04456027968281026 0.07023087558703776
1 0.5921559514283437 0.11932451479699584 0.15935143495265575 0.2150517845561708
0 0.6640454346775047 0.7189291403855286 0.1905235788871885 0.09666683058582898
0 0.75143899372458 0.6233863427134896 0.15736460793042042 0.12139555468918106
0 0.6764097967291802 0.6186092028298852 0.12083353823228764 0.09947691287030118
0 0.6696655992464475 0.795644386751609 0.14893436107700556 0.08936061664620298
0 0.8143848368967451 0.7905862386395595 0.17984526620619515 0.1264537028012306
0 0.877892696525807 0.7217392226699999 0.14387621296495626 0.08205440270657662
0 0.8925051244050605 0.6335026389375853 0.1731010687234631 0.09441876475825257
0 0.8135418122114079 0.6759348814331128 0.18377938140446035 0.11296530783576827
1 0.051826169413296645 0.08070502021147957 0.08284122574622878 0.048221012001536154
1 0.040493285719238464 0.13016246841818296 0.06985864559196862 0.07171329989972122
1 0.0774822206705242 0.3313924608092092 0.10818816795216443 0.07480439041263938
1 0.07470023920889711 0.37652238229782553 0.14713590841494362 0.03523843184727639
1 0.13126719559531447 0.04546658836420317 0.06738577318163383 0.06305824646354725
1 0.17361513562230457 0.10357909000708007 0.10633351364441306 0.07789548092555838
1 0.08582816505540544 0.1576731739831618 0.08655053436173153 0.08840518866948276
1 0.2644931967021228 0.228459146729007 0.05687606543770932 0.06429468266871487
1 0.18814326103302384 0.2732799591663322 0.046366357693784784 0.07604082661780698
1 0.2134902032389595 0.033411335363819135 0.08964162487465055 0.05254853871962272
1 0.2580019066249927 0.11007038008420969 0.06491290077129876 0.08840518866948269
1 0.1742333537248884 0.1892022972149354 0.0927327153875695 0.08840518866948271
1 0.2434737812142736 0.17961991662488697 0.038329522360195455 0.045748139591201144
1 0.25709535901798114 0.6386477943823309 0.033661975685687746 0.049370897672342054
1 0.2466227443602117 0.7041016359933904 0.05161502938472123 0.0546072050012268
1 0.21782305405134544 0.7463661165765316 0.0613396001383643 0.0673239513713754
1 0.12656169774792542 0.5608512283531859 0.05984351233011151 0.05385916109710041
1 0.26719395172368754 0.5679576454423867 0.06582786356312266 0.04862285376821557
1 0.2563473151138533 0.5275632746195613 0.08004069774152336 0.04563067815171009
1 0.28739113713510017 0.7014834823289481 0.025433492740297377 0.047874809864089256
1 0.2870171151830369 0.6465022553756578 0.02767762445267677 0.0486228537682155
1 0.1041203806241335 0.9221564340462316 0.0837809172621561 0.11819093685196949
1 0.1893973856945425 0.8163082216123496 0.07031612698788102 0.07256025870026007
1 0.13591224654950534 0.8249107265098033 0.05460720500122677 0.07929265383739786
1 0.09439580987049051 0.758334819042554 0.08378091726215614 0.040394370822825244
1 0.12917985141236776 0.6969952189041897 0.10547419048182169 0.04338654643933084
1 0.04315480243783251 0.6910108676711786 0.04563067815171004 0.04488263424758361
1 0.10225027086381763 0.6412659480467733 0.09799375144055762 0.053111117192973935
1 0.15386530024853878 0.7542205775698587 0.06807199527550183 0.047126765959962874
1 0.1605976953856763 0.5847886332852307 0.05311111719297398 0.047874809864089256
