1 0.5208333333333334 0.05446428571428571 0.06666666666666667 0.041071428571428564
1 0.609375 0.21160714285714285 0.035416666666666666 0.044642857142857144
1 0.6885416666666665 0.22142857142857142 0.035416666666666666 0.04642857142857143
1 0.5979166666666665 0.26339285714285715 0.04166666666666666 0.023214285714285715
1 0.6666666666666667 0.3071428571428572 0.04583333333333333 0.035714285714285705
1 0.58125 0.3169642857142857 0.0375 0.041071428571428564
1 0.5385416666666667 0.28660714285714295 0.03125 0.023214285714285715
1 0.5114583333333333 0.21607142857142855 0.035416666666666666 0.05357142857142857
1 0.49374999999999997 0.3580357142857143 0.05416666666666667 0.041071428571428564
1 0.5729166666666669 0.42142857142857143 0.0375 0.03214285714285713
1 0.6895833333333332 0.5482142857142859 0.04583333333333333 0.039285714285714285
1 0.7114583333333334 0.5321428571428573 0.039583333333333325 0.02857142857142857
1 0.8239583333333335 0.49464285714285716 0.04375 0.035714285714285705
1 0.7395833333333334 0.48928571428571427 0.05833333333333333 0.02857142857142857
1 0.7208333333333333 0.4419642857142857 0.0375 0.033928571428571426
1 0.64375 0.5089285714285714 0.0375 0.04642857142857143
1 0.5916666666666666 0.5249999999999999 0.03333333333333333 0.02857142857142857
1 0.25833333333333336 0.66875 0.05416666666666667 0.033928571428571426
1 0.2375 0.8053571428571429 0.05 0.035714285714285705
1 0.3177083333333333 0.7142857142857141 0.03125 0.025
1 0.35729166666666673 0.7053571428571427 0.022916666666666665 0.025
1 0.32187499999999997 0.8723214285714287 0.039583333333333325 0.023214285714285715
1 0.7333333333333334 0.6026785714285714 0.04166666666666666 0.030357142857142857
1 0.6104166666666667 0.5901785714285713 0.04583333333333333 0.0375
1 0.6000000000000002 0.35892857142857143 0.04166666666666666 0.014285714285714285
1 0.6250000000000001 0.3375 0.025 0.025
1 0.7677083333333332 0.3357142857142857 0.04375 0.039285714285714285
1 0.7385416666666667 0.3839285714285715 0.039583333333333325 0.03214285714285713
1 0.428125 0.34375 0.03125 0.0375
1 0.49270833333333336 0.24285714285714285 0.03125 0.02857142857142857
1 0.24375000000000002 0.36607142857142855 0.04166666666666666 0.02857142857142857
1 0.22395833333333331 0.44642857142857145 0.04375 0.025
1 0.14791666666666667 0.3723214285714286 0.0375 0.033928571428571426
1 0.13958333333333334 0.3955357142857142 0.029166666666666664 0.026785714285714284
1 0.08541666666666667 0.42142857142857143 0.02083333333333333 0.039285714285714285
1 0.051041666666666666 0.38303571428571426 0.039583333333333325 0.041071428571428564
1 0.140625 0.38035714285714284 0.26875 0.19642857142857142
1 0.24999999999999994 0.5223214285714286 0.225 0.08392857142857142
1 0.34791666666666665 0.22053571428571433 0.1625 0.18392857142857147
1 0.5614583333333334 0.12946428571428573 0.21875 0.24821428571428572
1 0.5708333333333333 0.27767857142857144 0.3458333333333334 0.19464285714285715
1 0.5614583333333332 0.4133928571428571 0.17708333333333354 0.1196428571428571
1 0.7150208748559073 0.5406253479907059 0.41041666666666576 0.1572465775288586
1 0.888591334719687 0.6380809907187089 0.3985043096783953 0.16984114759200306
1 0.32916666666666666 0.7901785714285714 0.2333333333333333 0.30892857142857144
