0 0.2471116816431322 0.196405648267009 0.26572528883183566 0.13350449293966624
0 0.1951219512195122 0.28048780487804875 0.29781771501925547 0.11424903722721437
0 0.579589216944801 0.6091142490372272 0.15019255455712452 0.21951219512195125
0 0.6020539152759948 0.05455712451861361 0.043645699614890884 0.03979460847240052
0 0.582798459563543 0.11810012836970475 0.06418485237483953 0.0410783055198973
0 0.600770218228498 0.15532734274711169 0.043645699614890884 0.03337612323491656
0 0.548780487804878 0.10077021822849808 0.04492939666238769 0.03209242618741977
0 0.5410783055198973 0.03979460847240052 0.055198973042362 0.03337612323491656
0 0.5622593068035945 0.01155327342747112 0.051347881899871634 0.02310654685494224
0 0.5205391527599487 0.07381258023106546 0.04236200256739409 0.037227214377406934
