1 0.8017857142857143 0.4135714285714286 0.35 0.3842857142857143
1 0.6763392857142857 0.6521428571428571 0.16517857142857142 0.21
1 0.44743035222383476 0.30588529354771143 0.20014168450800407 0.6117705870954229
1 0.48883928571428564 0.7057142857142857 0.08839285714285715 0.22571428571428565
1 0.40624999999999994 0.8292857142857143 0.14642857142857144 0.3414285714285714
1 0.2794642857142857 0.8178571428571428 0.15892857142857142 0.3642857142857142
1 0.10312500000000001 0.4321428571428572 0.16875 0.24142857142857144
1 0.11875000000000002 0.7742857142857142 0.12321428571428575 0.41714285714285715
1 0.060714285714285714 0.7807142857142857 0.10178571428571428 0.3814285714285715
1 0.4669642857142854 0.4207142857142858 0.2482142857142856 0.432857142857143
1 0.40223214285714287 0.425 0.10089285714285716 0.33285714285714285
1 0.2866071428571429 0.4128571428571427 0.10178571428571428 0.38857142857142846
