0 0.23582629674306393 0.3493212669683258 0.2569360675512666 0.2841628959276018
0 0.20808202653799757 0.15520361990950227 0.25934861278648974 0.31040723981900453
0 0.41556091676718926 0.14479638009049778 0.2014475271411339 0.28959276018099556
0 0.5910735826296741 0.16063348416289588 0.1785283474065137 0.2651583710407239
0 0.7720144752714115 0.19502262443438917 0.1785283474065139 0.22895927601809954
0 0.42943305186972247 0.36561085972850677 0.18817852834740653 0.23891402714932128
0 0.6061519903498189 0.3542986425339366 0.16043425814234039 0.24524886877828045
0 0.7490952955367912 0.3746606334841629 0.195416164053076 0.18642533936651584
0 0.24547647768395656 0.6452488687782805 0.23281061519903498 0.27330316742081445
0 0.30096501809408926 0.8669683257918552 0.307599517490953 0.25339366515837103
0 0.45416164053075997 0.8085972850678733 0.18938480096501809 0.2633484162895928
0 0.44270205066344986 0.6226244343891403 0.20506634499396864 0.23167420814479636
0 0.5977080820265378 0.6027149321266967 0.19662243667068716 0.1936651583710408
0 0.5983112183353438 0.7850678733031674 0.19059107358262967 0.2524886877828054
0 0.7551266586248494 0.7429864253393665 0.1785283474065139 0.2153846153846154
0 0.7593486127864897 0.5828054298642535 0.22557297949336547 0.17737556561085963
