0 0.0969191270860077 0.22721437740693198 0.12965340179717585 0.27471116816431324
0 0.20346598202824132 0.18934531450577666 0.13735558408215662 0.25802310654685495
0 0.6598202824133504 0.6970474967907573 0.1540436456996149 0.28754813863928114
0 0.051347881899871634 0.6623876765083438 0.08729139922978177 0.1540436456996149
0 0.12644415917843388 0.605263157894737 0.09627727856225927 0.18356867779204109
0 0.0706033376123235 0.5423620025673941 0.0949935815147625 0.09627727856225927
1 0.8208386767991139 0.3092080384145259 0.006928890952520449 0.007918732517166273
1 0.8099504195880101 0.30945549880568723 0.004949207823228871 0.007423811734843343
1 0.8035164494178126 0.30797073645871853 0.007918732517166313 0.01435270268736383
1 0.7906485090774175 0.30029946433271376 0.0108882572111036 0.018806989728269843
1 0.7745635836519236 0.29361803377135476 0.006433970170197593 0.01633238581665537
1 0.762685484876174 0.2911434298597403 0.009403494864134885 0.031180009286342094
1 0.7480853217976489 0.2740686628696006 0.005939049387874733 0.016827306598978263
1 0.7263088073754418 0.2710991381756632 0.02276635598685293 0.041573345715122764
1 0.7025526098239432 0.25352945040320063 0.0108882572111036 0.02722064302775897
1 0.6864676843984492 0.26021088096455963 0.017322227381301195 0.03464445476260232
1 0.6565249770679142 0.2233392826815044 0.025735880680790225 0.03909874180350833
1 0.6241076658257648 0.20453229295323452 0.025240959898467433 0.058895573096423924
1 0.6560300562855913 0.15578259589442986 0.03563429632724803 0.05840065231410103
1 0.6891897487012251 0.18894228831006343 0.02573588068079037 0.03959366258583119
1 0.7334851587191237 0.23323769832796212 0.014352702687363756 0.03810890023886254
1 0.7569938958794609 0.25352945040320063 0.018806989728269913 0.03414953398027942
1 0.7772856479546993 0.2691194550463717 0.014847623469686759 0.027715563810081837
1 0.7874315239923187 0.280997553822121 0.009403494864134885 0.0247460391161445
1 0.8040113702001355 0.28347215773373546 0.01682730659897819 0.021776514422207172
