0 0.5228310502283106 0.09178433889602053 0.13242009132420093 0.09627727856225927
0 0.5513698630136986 0.46020539152759954 0.1803652968036529 0.08087291399229782
0 0.2260273972602739 0.5391527599486523 0.1415525114155251 0.09242618741976896
0 0.8664383561643835 0.5879332477535302 0.13470319634703196 0.07188703465982028
1 0.319634703196347 0.8209242618741978 0.1232876712328767 0.07060333761232349
1 0.363013698630137 0.8453145057766369 0.1141552511415525 0.055198973042362
1 0.7328767123287673 0.7053915275994863 0.1095890410958904 0.07060333761232349
1 0.4098173515981734 0.18228498074454427 0.11643835616438356 0.06161745827984597
1 0.44406392694063923 0.38446726572528883 0.06621004566210047 0.057766367137355584
1 0.17237442922374427 0.3575096277278563 0.08447488584474887 0.04749679075738125
1 0.46347031963470314 0.6829268292682927 0.1050228310502283 0.07188703465982028
1 0.22146118721461183 0.6578947368421052 0.1141552511415525 0.0680359435173299
1 0.3664383561643835 0.5186136071887034 0.10273972602739725 0.04621309370988448
1 0.34018264840182644 0.42169448010269583 0.0684931506849315 0.03979460847240052
1 0.6426940639269408 0.42041078305519897 0.09360730593607305 0.04492939666238769
1 0.7728310502283106 0.38382541720154045 0.07077625570776255 0.05391527599486521
1 0.3801369863013699 0.8838254172015404 0.07534246575342465 0.06033376123234916
1 0.33333333333333337 0.901155327342747 0.0684931506849315 0.051347881899871634
1 0.5525114155251142 0.831193838254172 0.07762557077625569 0.055198973042362
1 0.6632420091324199 0.7785622593068036 0.08447488584474887 0.04492939666238769
1 0.4497716894977169 0.7259306803594352 0.1095890410958904 0.05006418485237484
1 0.5547945205479452 0.613607188703466 0.1095890410958904 0.051347881899871634
1 0.4646118721461187 0.5571245186136072 0.09360730593607305 0.04621309370988448
1 0.20433789954337897 0.5956354300385109 0.13470319634703196 0.043645699614890884
1 0.83675799086758 0.5154043645699615 0.11187214611872143 0.0680359435173299
1 0.8698630136986302 0.45699614890885754 0.136986301369863 0.05648267008985879
1 0.8481735159817352 0.3934531450577663 0.18949771689497716 0.08344030808729143
1 0.6563926940639269 0.4884467265725289 0.13013698630136986 0.13478818998716302
1 0.7785388127853882 0.7573812580231066 0.31050228310502276 0.18485237483953793
1 0.817351598173516 0.6277278562259307 0.3059360730593607 0.16688061617458286
1 0.31963470319634707 0.8061617458279846 0.3881278538812786 0.22593068035943517
1 0.16095890410958907 0.6084724005134788 0.3036529680365298 0.20025673940949937
1 0.18493150684931506 0.4249037227214377 0.273972602739726 0.189987163029525
1 0.2796803652968037 0.2894736842105263 0.3036529680365298 0.16302952503209242
1 0.613013698630137 0.32284980744544284 0.2990867579908676 0.20410783055198972
1 0.3858447488584475 0.14826700898587933 0.3972602739726028 0.15532734274711169
1 0.5353881278538812 0.6829268292682927 0.24885844748858446 0.20025673940949937
1 0.4018264840182647 0.5969191270860077 0.2100456621004566 0.17458279845956354
1 0.38926940639269403 0.44159178433889595 0.24429223744292236 0.1771501925545572
