2 0.7328431372549019 0.11339285714285716 0.12581699346405228 0.11964285714285718
2 0.7875816993464052 0.09107142857142858 0.11437908496732026 0.10357142857142858
2 0.6944444444444445 0.2294642857142857 0.10457516339869281 0.10535714285714287
2 0.7263071895424837 0.3107142857142857 0.10620915032679738 0.09285714285714286
2 0.7205882352941176 0.3883928571428572 0.11437908496732026 0.10892857142857143
2 0.6331699346405231 0.3053571428571429 0.10294117647058823 0.08928571428571429
2 0.5187908496732027 0.2642857142857143 0.12908496732026145 0.1392857142857143
2 0.42483660130718953 0.3125 0.1372549019607843 0.10357142857142858
2 0.4199346405228758 0.5169642857142858 0.13398692810457516 0.13750000000000004
2 0.26143790849673204 0.5026785714285714 0.12418300653594772 0.12321428571428575
2 0.23366013071895425 0.5366071428571428 0.12745098039215683 0.10892857142857143
2 0.11437908496732026 0.59375 0.13398692810457516 0.12678571428571425
2 0.26715686274509803 0.63125 0.12581699346405228 0.11607142857142858
2 0.9444444444444444 0.5198214258466449 0.1111111111111111 0.10749999455043248
2 0.9052287581699349 0.5580357142857143 0.13071895424836605 0.11964285714285718
2 0.8504901960784313 0.59375 0.11274509803921572 0.14464285714285718
2 0.8031045751633986 0.6330357142857143 0.08006535947712418 0.08392857142857142
2 0.8415032679738562 0.7285714285714285 0.11764705882352938 0.12142857142857143
2 0.5612745098039216 0.8160714285714286 0.13562091503267973 0.16785714285714284
2 0.761437908496732 0.8848214285714285 0.1568627450980392 0.14107142857142857
2 0.8970588235294118 0.2928571428571429 0.12418300653594772 0.10714285714285714
2 0.5849673202614378 0.09017857142857143 0.14052287581699346 0.1125
