0 0.34016887816646557 0.07511312217194571 0.2822677925211098 0.07782805429864253
0 0.44149577804583834 0.1339366515837104 0.19300361881785277 0.11040723981900452
0 0.28588661037394447 0.15339366515837102 0.2677925211097708 0.10588235294117647
0 0.4077201447527141 0.2832579185520362 0.27744270205066346 0.10678733031674208
0 0.5108564535585042 0.4040723981900453 0.23039806996381182 0.10407239819004525
0 0.3673100120627262 0.34479638009049773 0.24969843184559712 0.08325791855203618
0 0.25512665862484923 0.2914027149321267 0.17973462002412546 0.0760180995475113
0 0.23100120627261758 0.22850678733031674 0.22798552472858866 0.10407239819004525
0 0.34258142340168873 0.4828054298642534 0.19782870928829915 0.11312217194570136
0 0.19300361881785286 0.4882352941176471 0.18817852834740653 0.07692307692307693
0 0.2611580217129071 0.5742081447963803 0.21109770808202655 0.09683257918552038
0 0.11218335343787697 0.5574660633484162 0.21230398069963813 0.09411764705882353
0 0.20989143546441494 0.641628959276018 0.23401688781664656 0.07963800904977375
0 0.3823884197828709 0.6325791855203619 0.16646562123039807 0.11040723981900452
0 0.32629674306393225 0.7728506787330311 0.24728588661037382 0.09230769230769256
0 0.5126658624849216 0.728054298642534 0.19782870928829915 0.08778280542986425
0 0.5621230398069964 0.7950226244343892 0.25331724969843183 0.09683257918552038
0 0.6887816646562124 0.9 0.2870928829915561 0.09683257918552038
0 0.818455971049457 0.9520361990950227 0.22074788902291917 0.0669683257918552
0 0.10856453558504219 0.9434389140271493 0.18576598311218329 0.06606334841628961
0 0.08323281061519903 0.9778280542986423 0.14957780458383593 0.04072398190045248
0 0.16646562123039807 0.7972850678733032 0.1761158021712907 0.07058823529411765
0 0.13932448733413752 0.7389140271493211 0.21109770808202655 0.0733031674208145
0 0.3184559710494571 0.8389140271493213 0.20265379975874548 0.06153846153846154
0 0.08142340168878168 0.6280542986425339 0.08564535585042223 0.06153846153846154
0 0.5856453558504222 0.6619909502262443 0.18455971049457173 0.14027149321266968
