0 0.9285714285714282 0.024107142857142848 0.14285714285714268 0.048214285714285696
0 0.9178571428571428 0.04732142857142857 0.14523809523809525 0.044642857142857144
0 0.29761904761904767 0.1 0.28571428571428575 0.12142857142857143
0 0.46785714285714214 0.2053571428571428 0.2547619047619045 0.09285714285714271
0 0.5011904761904762 0.25625000000000003 0.21190476190476187 0.08750000000000004
0 0.43214285714285716 0.3232142857142857 0.1880952380952381 0.11071428571428571
0 0.6797619047619046 0.22589285714285715 0.28333333333333355 0.12678571428571428
0 0.769047619047619 0.19464285714285717 0.31904761904761897 0.125
0 0.7904761904761903 0.3589285714285716 0.25714285714285706 0.10714285714285716
0 0.6583333333333334 0.3687499999999999 0.18809523809523807 0.09821428571428578
0 0.886904761904762 0.4401785714285713 0.2261904761904759 0.0875
0 0.7309523809523807 0.42321428571428554 0.24285714285714252 0.10714285714285682
0 0.7857142857142859 0.5035714285714284 0.20952380952380953 0.08571428571428577
0 0.644047619047619 0.4875 0.17380952380952375 0.10714285714285714
0 0.48274050025083504 0.6644667095508476 0.25068975697281 0.09642857142857161
0 0.6285714285714284 0.6517857142857141 0.25714285714285695 0.08214285714285692
0 0.7511904761904761 0.7026785714285714 0.20714285714285716 0.08035714285714286
0 0.5904761904761904 0.7026785714285715 0.25714285714285706 0.12321428571428575
0 0.770238095238095 0.7723214285714286 0.20238095238095238 0.09464285714285714
0 0.5202380952380952 0.8026785714285715 0.21666666666666667 0.10178571428571428
0 0.5619047619047619 0.8776785714285714 0.20952380952380953 0.10535714285714287
0 0.6571428571428568 0.9089285714285711 0.257142857142857 0.11428571428571473
0 0.6976190476190474 0.8375 0.2047619047619047 0.1250000000000002
