2 0.2887700534759358 0.04642857142857143 0.11764705882352942 0.05357142857142857
2 0.39037433155080214 0.019642857142857142 0.11764705882352942 0.039285714285714285
2 0.5213903743315509 0.021428571428571422 0.12299465240641703 0.042857142857142844
2 0.5775401069518716 0.03749999999999999 0.010695187165775399 0.0035714285714285713
2 0.7647058823529411 0.21071428571428574 0.1925133689839572 0.1
2 0.43449197860962574 0.2375 0.16310160427807488 0.1
2 0.2580213903743316 0.2955357142857143 0.19518716577540107 0.13035714285714287
2 0.09491978609625669 0.36160714285714285 0.18983957219251338 0.12321428571428575
2 0.267379679144385 0.3964285714285715 0.20320855614973263 0.12142857142857165
2 0.16443850267379678 0.4705357142857143 0.19518716577540107 0.09107142857142855
2 0.2794117647058824 0.5321428571428571 0.16310160427807488 0.11428571428571428
2 0.17647058823529416 0.5482142857142855 0.15508021390374332 0.11785714285714283
2 0.33689839572192515 0.5937499999999998 0.1657754010695187 0.09464285714285714
2 0.45721925133689845 0.4401785714285714 0.18181818181818188 0.12678571428571425
2 0.570855614973262 0.5071428571428571 0.19518716577540107 0.11428571428571428
2 0.7419786096256684 0.44107142857142856 0.2005347593582888 0.125
2 0.7513368983957215 0.5517857142857142 0.19786096256684485 0.13214285714285687
2 0.79144385026738 0.6205357142857142 0.18181818181818188 0.09821428571428571
2 0.6323529411764708 0.6017857142857141 0.18983957219251338 0.11071428571428571
