1 0.531578947368421 0.5750350631136046 0.24385964912280683 0.3394109396914446
1 0.48070175438596496 0.2917251051893408 0.19473684210526315 0.2608695652173913
1 0.6043859649122807 0.4312762973352034 0.16842105263157894 0.29593267882187946
1 0.2754385964912281 0.4389901823281907 0.15087719298245614 0.3085553997194951
1 0.6956140350877194 0.18092566619915845 0.17543859649122806 0.25806451612903225
1 0.8960526315789474 0.26928471248246844 0.19035087719298247 0.3141654978962132
1 0.7219298245614034 0.4978962131837307 0.1912280701754386 0.3955119214586255
1 0.08245614035087719 0.7089761570827489 0.16491228070175437 0.3688639551192147
1 0.30921052631578944 0.7082748948106592 0.2780701754385964 0.3394109396914446
1 0.2087719298245614 0.3155680224403927 0.24736842105263157 0.3814866760168303
1 0.4714912280701753 0.24053295932678803 0.26578947368421085 0.338008415147265
