1 0.4306506849315069 0.9460847240051344 0.08732876712328767 0.05648267008985879
1 0.55736301369863 0.7612323491655967 0.08047945205479452 0.05648267008985879
1 0.5539383561643836 0.6829268292682927 0.05308219178082192 0.05648267008985879
1 0.41952054794520555 0.6495507060333761 0.0958904109589041 0.07188703465982028
2 0.3476027397260274 0.7156611039794609 0.05821917808219178 0.04492939666238769
2 0.2936643835616438 0.935173299101412 0.08047945205479452 0.04492939666238769
2 0.0839041095890411 0.7496790757381255 0.04452054794520548 0.025673940949935817
2 0.3647260273972603 0.4717586649550706 0.10273972602739725 0.08087291399229782
2 0.4426369863013698 0.32541720154043646 0.09417808219178082 0.0680359435173299
2 0.6652397260273972 0.20089858793324777 0.1934931506849315 0.0885750962772786
2 0.6618150684931507 0.2811296534017972 0.20034246575342465 0.09242618741976896
2 0.6934931506849316 0.37676508344030807 0.2191780821917808 0.1399229781771502
2 0.6404109589041097 0.47304236200256755 0.1986301369863014 0.15275994865211806
2 0.6241438356164383 0.5789473684210527 0.15924657534246575 0.1258023106546855
2 0.5085616438356165 0.5937098844672657 0.18835616438356165 0.13478818998716302
2 0.5993150684931509 0.6726572528883183 0.09246575342465753 0.07445442875481387
2 0.5256849315068493 0.8562259306803593 0.0410958904109589 0.04878048780487805
2 0.12414383561643837 0.6489088575096277 0.032534246575342464 0.019255455712451863
2 0.1934931506849315 0.7195121951219512 0.03767123287671233 0.024390243902439025
2 0.3741438356164384 0.890885750962773 0.018835616438356163 0.01797175866495507
2 0.2011986301369863 0.8228498074454429 0.03595890410958904 0.030808729139922986
1 0.2388698630136986 0.7779204107830554 0.11815068493150685 0.05391527599486521
1 0.2046232876712329 0.7304236200256738 0.10445205479452055 0.0693196405648267
1 0.2011986301369863 0.6643132220795893 0.10787671232876712 0.057766367137355584
1 0.28595890410958896 0.5847240051347882 0.09246575342465753 0.057766367137355584
1 0.09589041095890412 0.6046213093709885 0.08561643835616438 0.0693196405648267
1 0.2525684931506849 0.5070603337612324 0.06678082191780822 0.05391527599486521
1 0.13356164383561644 0.9197689345314505 0.1095890410958904 0.08087291399229782
1 0.3647260273972603 0.8908857509627728 0.11643835616438356 0.07958921694480103
1 0.5051369863013698 0.857509627727856 0.09246575342465753 0.07445442875481387
1 0.059075342465753425 0.7991014120667522 0.0976027397260274 0.04236200256739409
1 0.05821917808219178 0.9139922978177151 0.0958904109589041 0.059050064184852376
1 0.09246575342465753 0.9589216944801028 0.11643835616438356 0.0821566110397946
1 0.029965753424657526 0.8465982028241338 0.05993150684931505 0.052631578947368425
1 0.1344178082191781 0.714377406931964 0.08732876712328767 0.055198973042362
