2 0.237125748502994 0.2619808306709265 0.10778443113772455 0.11821086261980832
2 0.26167664670658686 0.65814696485623 0.08263473053892217 0.08945686900958466
2 0.30359281437125746 0.5023961661341851 0.07065868263473053 0.09424920127795527
2 0.2940119760479042 0.3953674121405751 0.08742514970059884 0.11022364217252399
2 0.31197604790419164 0.323482428115016 0.07784431137724551 0.039936102236421724
2 0.40898203592814364 0.3138977635782748 0.08023952095808383 0.05910543130990416
2 0.36107784431137735 0.40175718849840253 0.06107784431137724 0.09744408945686901
2 0.36706586826347304 0.5103833865814698 0.08982035928143713 0.09105431309904154
2 0.40059880239520973 0.42971246006389774 0.06107784431137724 0.07987220447284345
2 0.44790419161676637 0.3626198083067093 0.08862275449101796 0.07987220447284345
2 0.4622754491017964 0.44568690095846647 0.07904191616766469 0.0926517571884984
2 0.5443113772455089 0.18769968051118213 0.08742514970059884 0.07507987220447285
2 0.6161676646706586 0.1485623003194888 0.06826347305389222 0.09904153354632587
2 0.6724550898203593 0.10143769968051117 0.07784431137724551 0.09105431309904154
2 0.625748502994012 0.20686900958466453 0.08263473053892217 0.08466453674121405
2 0.522754491017964 0.4736421725239617 0.09700598802395209 0.09744408945686901
2 0.522754491017964 0.40894568690095845 0.06347305389221557 0.04792332268370607
2 0.5568862275449101 0.40255591054313095 0.0718562874251497 0.038338658146964855
2 0.49041916167664673 0.5247603833865815 0.08023952095808383 0.08466453674121405
2 0.4538922155688623 0.608626198083067 0.08622754491017964 0.08945686900958466
2 0.5383233532934132 0.6014376996805112 0.08982035928143713 0.09105431309904154
2 0.48622754491017967 0.6988817891373802 0.07425149700598803 0.10383386581469649
2 0.5353293413173653 0.7611821086261981 0.07664670658682635 0.0878594249201278
2 0.47604790419161674 0.7699680511182109 0.08502994011976048 0.08945686900958466
2 0.5886227544910179 0.8130990415335462 0.09700598802395209 0.060702875399361006
