2 0.16203143893591296 0.42934782608695654 0.094316807738815 0.12681159420289856
2 0.2666263603385731 0.838768115942029 0.05199516324062878 0.09420289855072465
2 0.23821039903264815 0.8903985507246377 0.04353083434099154 0.09963768115942029
2 0.20193470374848851 0.9030797101449275 0.05320435308343408 0.1105072463768116
2 0.1795646916565901 0.7980072463768115 0.07134220072551391 0.08514492753623189
2 0.4268440145102781 0.7998188405797102 0.05320435308343408 0.1177536231884058
2 0.46251511487303504 0.7907608695652173 0.054413542926239414 0.08876811594202899
2 0.5139056831922612 0.7690217391304348 0.06529625151148731 0.1105072463768116
2 0.466142684401451 0.7273550724637681 0.06650544135429262 0.05253623188405797
2 0.43772672309552596 0.5570652173913044 0.04836759371221282 0.1105072463768116
2 0.4117291414752116 0.5987318840579711 0.06892382103990326 0.09239130434782608
2 0.47218863361547764 0.6340579710144926 0.06892382103990326 0.08333333333333331
2 0.48790810157194686 0.5887681159420288 0.056831922611850064 0.050724637681159424
2 0.47762998790810157 0.453804347826087 0.07980652962515117 0.125
2 0.48428053204353083 0.05253623188405797 0.06408706166868199 0.10507246376811594
2 0.6051995163240629 0.5163043478260869 0.08101571946795644 0.12681159420289856
2 0.5816203143893591 0.6059782608695653 0.05078597339782345 0.08876811594202899
2 0.5399032648125757 0.5461956521739131 0.049576783555018135 0.125
2 0.6958887545344616 0.3704710144927536 0.05199516324062878 0.09239130434782608
2 0.8500604594921403 0.2780797101449275 0.09915356711003627 0.14673913043478262
2 0.7249093107617897 0.2454710144927536 0.056831922611850064 0.13586956521739127
2 0.6535671100362758 0.28351449275362317 0.06166868198307134 0.1177536231884058
2 0.6874244256348248 0.19202898550724637 0.054413542926239414 0.08333333333333331
2 0.814993954050786 0.13134057971014493 0.045949214026602174 0.08876811594202899
2 0.7938331318016927 0.04619565217391305 0.054413542926239414 0.08152173913043478
2 0.8464328899637243 0.04619565217391305 0.07496977025392987 0.08876811594202899
2 0.9540507859733978 0.07427536231884059 0.04836759371221282 0.057971014492753624
2 0.9721886336154776 0.1431159420289855 0.045949214026602174 0.057971014492753624
2 0.9933494558645708 0.2554347826086956 0.01330108827085852 0.10144927536231885
