2 0.36130136986301375 0.07830551989730423 0.0958904109589041 0.08729139922978177
2 0.4794520547945206 0.25866495507060333 0.0958904109589041 0.06546854942233633
2 0.5565068493150686 0.22657252888318358 0.08904109589041095 0.08087291399229782
2 0.5376712328767121 0.2888318356867779 0.07191780821917808 0.07188703465982028
2 0.9006849315068495 0.378048780487805 0.08561643835616438 0.04749679075738125
2 0.8501712328767123 0.4094993581514763 0.06678082191780822 0.04621309370988448
2 0.7311643835616438 0.5744544287548138 0.07876712328767123 0.052631578947368425
2 0.759417808219178 0.6059050064184852 0.056506849315068476 0.03594351732991014
2 0.7636986301369862 0.6360718870346598 0.06506849315068493 0.04236200256739409
2 0.7474315068493153 0.6816431322207959 0.05308219178082192 0.04878048780487805
2 0.6857876712328766 0.6103979460847241 0.05993150684931505 0.03979460847240052
2 0.6952054794520548 0.6508344030808729 0.04794520547945205 0.030808729139922986
2 0.7200342465753425 0.6322207958921695 0.05308219178082192 0.05006418485237484
2 0.7731164383561644 0.6745827984595636 0.05308219178082192 0.04236200256739409
2 0.788527397260274 0.7041078305519898 0.056506849315068476 0.04749679075738125
2 0.7414383561643835 0.7163029525032093 0.0547945205479452 0.04878048780487805
2 0.663527397260274 0.665596919127086 0.046232876712328765 0.037227214377406934
2 0.7071917808219177 0.7753530166880617 0.0410958904109589 0.03337612323491656
2 0.6506849315068493 0.7284980744544285 0.04452054794520548 0.026957637997432605
2 0.6070205479452055 0.7374839537869065 0.05308219178082192 0.03209242618741977
2 0.6523972602739725 0.7445442875481386 0.03767123287671233 0.030808729139922986
2 0.6412671232876712 0.7708600770218229 0.03595890410958904 0.029525032092426188
2 0.5976027397260274 0.7689345314505779 0.04452054794520548 0.028241335044929396
2 0.6181506849315068 0.8164313222079589 0.06506849315068493 0.04878048780487805
2 0.6926369863013698 0.8023106546854941 0.04280821917808219 0.03594351732991014
2 0.4708904109589041 0.7843388960205391 0.0547945205479452 0.038510911424903725
2 0.47859589041095885 0.8228498074454431 0.046232876712328765 0.03594351732991014
2 0.348458904109589 0.8157894736842103 0.039383561643835614 0.026957637997432605
2 0.3013698630136986 0.8793324775353016 0.0410958904109589 0.03337612323491656
2 0.33647260273972607 0.8575096277278562 0.03595890410958904 0.030808729139922986
2 0.35017123287671237 0.8408215661103979 0.03595890410958904 0.025673940949935817
