2 0.6910656620021528 0.6367061356297092 0.19590958019375673 0.1431646932185145
2 0.7728740581270185 0.7195909580193757 0.2131324004305705 0.1603875134553283
0 0.6663078579117331 0.16630785791173303 0.18083961248654468 0.1603875134553283
0 0.8030139935414425 0.19106566200215283 0.16576964477933268 0.18622174381054898
0 0.8218514531754575 0.08934337997847148 0.15392895586652314 0.1076426264800861
0 0.5828848223896663 0.23304628632938645 0.1302475780409042 0.1603875134553283
0 0.7884822389666308 0.282561894510226 0.11733046286329386 0.12809472551130247
0 0.8891280947255114 0.24650161463939718 0.12271259418729817 0.18514531754574812
2 0.1264800861141012 0.30785791173304633 0.13240043057050593 0.155005382131324
2 0.40635091496232506 0.1813778256189451 0.12594187298170076 0.14531754574811626
2 0.2890204520990312 0.1829924650161464 0.07642626480086114 0.08611410118406888
2 0.2513455328310011 0.2529601722282024 0.09364908503767494 0.10118406889128095
2 0.3369214208826696 0.3013993541442412 0.09472551130247578 0.14208826695371368
2 0.24111948331539287 0.3552206673842842 0.1442411194833154 0.12917115177610333
2 0.17761033369214208 0.43756727664155 0.11194833153928956 0.11948331539289558
2 0.27233584499461794 0.4494079655543595 0.1291711517761034 0.09580193756727681
2 0.37944025834230355 0.4461786867599569 0.1431646932185145 0.10656620021528525
2 0.4171151776103337 0.3557588805166846 0.09795479009687837 0.11948331539289558
2 0.4655543595263724 0.4176533907427341 0.04843918191603876 0.09472551130247578
2 0.4477933261571583 0.28094725511302465 0.09903121636167947 0.10333692142088263
2 0.043595263724434875 0.5828848223896663 0.03336921420882669 0.03336921420882669
2 0.0317545748116254 0.5968783638320775 0.02906350914962325 0.03767491926803014
2 0.0441334768568353 0.6184068891280947 0.03229278794402583 0.03336921420882669
2 0.13132400430570507 0.6453175457481163 0.012917115177610334 0.022604951560818085
2 0.14155005382131325 0.6404736275565124 0.00968783638320775 0.03013993541442411
2 0.15554359526372444 0.635091496232508 0.022604951560818085 0.02583423035522067
2 0.20075349838536063 0.6593110871905276 0.018299246501614644 0.022604951560818085
2 0.23735199138858987 0.6431646932185145 0.016146393972012917 0.013993541442411194
2 0.26803013993541447 0.6367061356297093 0.017222820236813777 0.024757804090419805
2 0.23896663078579117 0.6264800861141012 0.03444564047362755 0.012917115177610334
2 0.22497308934337998 0.5371367061356298 0.023681377825618945 0.015069967707212055
2 0.24111948331539287 0.5371367061356297 0.017222820236813777 0.023681377825618945
2 0.1969860064585576 0.538751345532831 0.017222820236813777 0.00968783638320775
2 0.19698600645855754 0.5269106566200216 0.012917115177610334 0.018299246501614644
2 0.20721205597416578 0.526372443487621 0.022604951560818085 0.0193756727664155
2 0.23735199138858992 0.6108719052744886 0.020452099031216354 0.016146393972012917
2 0.13939720129171154 0.6194833153928956 0.024757804090419805 0.02906350914962325
