2 0.3044925124792013 0.8561557788944724 0.21630615640599 0.16708542713567845
2 0.2612312811980033 0.6551507537688441 0.17637271214642264 0.114321608040201
2 0.1589018302828619 0.7035175879396985 0.1913477537437604 0.11306532663316583
2 0.31031613976705485 0.7537688442211055 0.19800332778702162 0.10552763819095479
2 0.35024958402662226 0.6821608040201005 0.15474209650582363 0.08040201005025124
2 0.5091514143094841 0.4585427135678392 0.13976705490848582 0.0628140703517588
2 0.6023294509151413 0.4660804020100503 0.10981697171381029 0.06532663316582915
2 0.5174708818635607 0.510678391959799 0.13976705490848582 0.061557788944723614
2 0.7995008319467554 0.28517587939698485 0.11480865224625621 0.05527638190954774
2 0.8086522462562395 0.33228643216080406 0.12312811980033278 0.061557788944723614
2 0.7687188019966722 0.3555276381909549 0.08985024958402663 0.06532663316582915
2 0.7628951747088186 0.29773869346733667 0.09484193011647254 0.06030150753768845
2 0.8918469217970049 0.23869346733668337 0.09317803660565724 0.0678391959798995
2 0.9076539101497504 0.30967336683417085 0.10482529118136438 0.06909547738693467
2 0.8826955074875207 0.33919597989949757 0.09151414309484193 0.06030150753768845
2 0.8718801996672212 0.2832914572864322 0.09650582362728785 0.056532663316582916
2 0.3044925124792013 0.1802763819095477 0.0632279534109817 0.038944723618090454
2 0.34941763727121466 0.19535175879396988 0.04991680532445923 0.038944723618090454
2 0.3236272878535773 0.15703517587939697 0.05823627287853576 0.032663316582914576
2 0.30865224625623966 0.2091708542713568 0.048252911813643926 0.03391959798994975
2 0.3011647254575707 0.4045226130653268 0.07986688851913477 0.04271356783919597
2 0.3386023294509152 0.4051507537688442 0.06821963394342762 0.04396984924623116
