0 0.5779742765273312 0.21900452488687783 0.3167202572347267 0.1375565610859729
0 0.3673633440514469 0.1855203619909503 0.1977491961414791 0.1085972850678733
0 0.2154340836012861 0.10678733031674201 0.37942122186495164 0.20452488687782788
0 0.5482315112540195 0.07692307692307691 0.3858520900321543 0.15384615384615383
0 0.8464630225080385 0.2615384615384614 0.30707395498392315 0.392760180995475
0 0.20418006430868169 0.3574660633484163 0.39228295819935693 0.3402714932126697
0 0.5651125401929262 0.4375565610859728 0.3971061093247588 0.3647058823529413
0 0.3657556270096463 0.5316742081447963 0.1977491961414791 0.2380090497737556
0 0.15836012861736337 0.5814479638009049 0.3070739549839228 0.2235294117647059
0 0.46382636655948545 0.7239819004524887 0.4260450160771704 0.2425339366515837
0 0.8319935691318328 0.5936651583710406 0.3360128617363341 0.3185520361990949
