2 0.5546471030185177 0.8313164108618654 0.13700446369381705 0.06641086186540729
2 0.09943872364873824 0.7619539551357734 0.11048747072082027 0.05755608028335298
2 0.15136783488752376 0.7331759149940967 0.11711671896406947 0.06198347107438025
2 0.180094577274937 0.8202479338842976 0.07734122950457416 0.05312868949232593
2 0.10827772130640384 0.7973730814639903 0.1281654660361515 0.036894923258559434
2 0.23754806204976353 0.48376623376623373 0.10385822247757102 0.05608028335301058
2 0.267379679144385 0.5213990554899646 0.07513148009015774 0.04279811097992916
2 0.20329694612630925 0.5273022432113341 0.08838997657665619 0.054604486422668276
2 0.1933530737614354 0.5686245572609209 0.13037521545056788 0.060507674144037675
2 0.37897202457241347 0.5236127508854782 0.11711671896406947 0.06493506493506497
2 0.43200601051840704 0.5605076741440378 0.1215362177929023 0.059031877213695357
2 0.3900207716444956 0.5811688311688311 0.08176072833340697 0.0442739079102716
2 0.540283731824811 0.5140200708382526 0.1259557166217351 0.05755608028335298
2 0.403279268130994 0.4166174734356552 0.10827772130640378 0.05460448642266822
2 0.4463693817121137 0.4512987012987013 0.11490696954965302 0.056080283353010685
2 0.49166924470765005 0.3974321133412043 0.13037521545056788 0.06936245572609206
2 0.6297785831086754 0.3037190082644628 0.10164847306315464 0.059031877213695384
2 0.7502099261943694 0.27641676505312873 0.13037521545056782 0.06345926800472255
2 0.7137490608564988 0.327331759149941 0.11490696954965302 0.06493506493506497
2 0.7270075573429974 0.15171192443919718 0.10606797189198744 0.05608028335301061
2 0.8794802669377295 0.1797520661157025 0.10606797189198744 0.053128689492325826
2 0.9651522517346534 0.1452184156938033 0.06969549653069347 0.06670601674770099
2 0.957418128784196 0.20277449597715633 0.07632474477394267 0.04545454995832025
