2 0.35688622754491023 0.737220447284345 0.10059880239520957 0.11341853035143773
2 0.36586826347305385 0.5910543130990416 0.13293413173652693 0.11501597444089456
2 0.6203592814371258 0.6932907348242812 0.1532934131736527 0.13099041533546324
2 0.7443113772455089 0.6261980830670928 0.10419161676646707 0.16293929712460062
2 0.8287425149700599 0.6078274760383386 0.1029940119760479 0.11980830670926518
2 0.8059880239520959 0.5263578274760382 0.1508982035928144 0.09105431309904154
2 0.3508982035928144 0.4217252396166134 0.11497005988023952 0.13738019169329074
2 0.40119760479041916 0.37859424920127793 0.08383233532934131 0.08945686900958466
2 0.3760479041916167 0.2755591054313099 0.09820359281437126 0.09105431309904154
2 0.2251497005988024 0.3242811501597444 0.11736526946107784 0.11821086261980832
2 0.23592814371257487 0.38418530351437696 0.1317365269461078 0.06869009584664537
2 0.22275449101796407 0.2404153354632588 0.12934131736526946 0.11022364217252399
2 0.2676646706586826 0.14776357827476036 0.15449101796407186 0.12619808306709265
2 0.6616766467065868 0.33706070287539935 0.11137724550898204 0.11182108626198083
2 0.6898203592814371 0.22843450479233227 0.09341317365269461 0.07028753993610223
2 0.6005988023952096 0.08146964856230031 0.10419161676646707 0.14057507987220447
2 0.6730538922155689 0.11900958466453673 0.1508982035928144 0.13578274760383383
2 0.5137724550898204 0.2404153354632588 0.11497005988023952 0.17731629392971246
2 0.5934131736526946 0.21725239616613415 0.14011976047904193 0.17891373801916932
