0 0.5677530017152658 0.37740693196405645 0.4219554030874786 0.35686777920410784
0 0.40480274442538594 0.2522464698331193 0.4322469982847341 0.25288831835686776
0 0.62778730703259 0.1668806161745828 0.3910806174957118 0.17458279845956354
0 0.7521440823327616 0.3363286264441592 0.3173241852487136 0.16944801026957637
0 0.05917667238421954 0.38446726572528883 0.11835334476843908 0.3119383825417201
0 0.30102915951972553 0.413992297817715 0.34133790737564323 0.2939666238767651
0 0.702401372212693 0.561617458279846 0.3962264150943396 0.21694480102695762
0 0.19039451114922812 0.5725288831835686 0.38078902229845624 0.1951219512195122
0 0.6140651801029159 0.7567394094993583 0.6312178387650086 0.28883183568677795
0 0.3421955403087479 0.8613607188703466 0.2933104631217839 0.2772785622593068
0 0.8567753001715266 0.689987163029525 0.2624356775300172 0.21694480102695762
0 0.17152658662092624 0.7073170731707318 0.34305317324185247 0.15917843388960207
