0 0.11410118406889128 0.05543595263724436 0.19806243272335844 0.09580193756727667
0 0.16254036598493005 0.13670613562970937 0.15931108719052745 0.08826695371367065
0 0.632400430570506 0.11948331539289558 0.1797631862217438 0.11410118406889128
0 0.7917115177610334 0.1905274488697524 0.12809472551130247 0.14208826695371368
0 0.6953713670613562 0.20182992465016145 0.17007534983853606 0.1603875134553283
0 0.5979547900968784 0.2158234660925726 0.14747039827771802 0.10656620021528525
0 0.7093649085037674 0.33745963401506995 0.1377825618945102 0.15608180839612487
0 0.6560818083961248 0.41872981700753487 0.15392895586652314 0.12271259418729817
0 0.6657696447793328 0.6496232508073198 0.2723358449946179 0.16684607104413351
2 0.07158234660925729 0.7798708288482239 0.05489773950484392 0.04628632938643703
2 0.06243272335844994 0.7158234660925725 0.04305705059203444 0.03444564047362755
2 0.08019375672766416 0.7470398277717976 0.04413347685683532 0.02798708288482239
2 0.09041980624327234 0.7222820236813781 0.02583423035522067 0.03229278794402583
2 0.037674919268030134 0.7335844994617869 0.04090419806243271 0.02906350914962325
2 0.12378902045209904 0.6501614639397201 0.023681377825618945 0.0193756727664155
2 0.147470398277718 0.6523143164693218 0.023681377825618945 0.0193756727664155
2 0.12970936490850377 0.6700753498385363 0.031216361679224973 0.020452099031216354
