2 0.904109589041096 0.3164313222079589 0.0821917808219178 0.057766367137355584
2 0.9152397260273972 0.39152759948652116 0.07705479452054795 0.0693196405648267
2 0.8518835616438356 0.38061617458279834 0.09417808219178082 0.09114249037227214
2 0.7859589041095891 0.37227214377406925 0.05821917808219178 0.07445442875481387
2 0.8142123287671232 0.4563543003851091 0.10445205479452055 0.0680359435173299
2 0.7354452054794521 0.7644415917843392 0.1113013698630137 0.07573812580231065
2 0.3450342465753424 0.7291399229781773 0.1113013698630137 0.07188703465982028
2 0.49914383561643844 0.7028241335044929 0.10102739726027397 0.06033376123234916
2 0.6095890410958905 0.7021822849807449 0.11301369863013695 0.07188703465982028
2 0.6815068493150686 0.70795892169448 0.07534246575342465 0.10141206675224644
2 0.6172945205479452 0.6405648267008986 0.0976027397260274 0.06418485237483953
2 0.4931506849315068 0.6238767650834404 0.0958904109589041 0.0821566110397946
2 0.6815068493150684 0.5847240051347882 0.11643835616438356 0.04749679075738125
2 0.6378424657534246 0.5462130937098846 0.08732876712328767 0.06290115532734275
2 0.5710616438356165 0.5988446726572529 0.11472602739726029 0.06033376123234916
2 0.5470890410958904 0.5430038510911426 0.1113013698630137 0.05391527599486521
2 0.5179794520547945 0.47625160462130944 0.125 0.07445442875481387
2 0.5856164383561644 0.48395378690629015 0.06164383561643835 0.059050064184852376
2 0.4803082191780822 0.569961489088575 0.07363013698630137 0.04878048780487805
2 0.3921232876712329 0.5436456996148908 0.11643835616438356 0.07573812580231065
2 0.461472602739726 0.5019255455712452 0.10102739726027397 0.07445442875481387
2 0.401541095890411 0.4672657252888318 0.11815068493150685 0.06418485237483953
2 0.3013698630136986 0.5186136071887034 0.0958904109589041 0.07958921694480103
2 0.6070205479452055 0.43709884467265736 0.04280821917808219 0.04749679075738125
2 0.5702054794520548 0.4120667522464699 0.04452054794520548 0.05648267008985879
2 0.24315068493150688 0.4711168164313222 0.0993150684931507 0.0821566110397946
2 0.22174657534246575 0.5198973042362003 0.09075342465753425 0.0821566110397946
2 0.1772260273972603 0.42169448010269583 0.0976027397260274 0.07060333761232349
2 0.4623287671232877 0.36906290115532736 0.11643835616438356 0.06290115532734275
