1 0.4922945205479452 0.7445442875481386 0.10445205479452055 0.08472400513478819
1 0.559931506849315 0.7060333761232347 0.10616438356164384 0.06418485237483953
1 0.529109589041096 0.7939666238767651 0.1198630136986301 0.07060333761232349
1 0.3570205479452055 0.7560975609756098 0.10445205479452055 0.07702182284980745
1 0.2825342465753425 0.7849807445442878 0.136986301369863 0.10911424903722722
1 0.20291095890410957 0.9345314505776636 0.11815068493150685 0.07702182284980745
1 0.42123287671232873 0.9364569961489089 0.10616438356164384 0.057766367137355584
1 0.113013698630137 0.733632862644416 0.14726027397260275 0.07573812580231065
1 0.0839041095890411 0.6335044929396664 0.10273972602739725 0.0680359435173299
1 0.30736301369863006 0.5693196405648266 0.06335616438356165 0.052631578947368425
1 0.28852739726027393 0.6662387676508343 0.056506849315068476 0.07188703465982028
1 0.3921232876712329 0.978818998716303 0.0993150684931507 0.04236200256739409
1 0.5179794520547945 0.5609756097560976 0.09075342465753425 0.07188703465982028
1 0.5839041095890412 0.5545571245186136 0.10273972602739725 0.06675224646983312
1 0.4280821917808219 0.5718870346598203 0.07534246575342465 0.06546854942233633
1 0.6070205479452055 0.5885750962772786 0.10445205479452055 0.06546854942233633
1 0.5821917808219178 0.46405648267008986 0.0547945205479452 0.07060333761232349
1 0.6335616438356163 0.43132220795892173 0.09246575342465753 0.059050064184852376
1 0.7046232876712328 0.4525032092426187 0.08732876712328767 0.04236200256739409
1 0.6832191780821917 0.401155327342747 0.0821917808219178 0.04492939666238769
1 0.4571917808219178 0.4088575096277278 0.07191780821917808 0.057766367137355584
1 0.5077054794520548 0.4268292682926829 0.0702054794520548 0.055198973042362
1 0.39126712328767127 0.41014120667522463 0.08047945205479452 0.055198973042362
1 0.4460616438356165 0.285622593068036 0.08732876712328767 0.06033376123234916
1 0.449486301369863 0.3382541720154044 0.04965753424657535 0.03209242618741977
1 0.1232876712328767 0.47368421052631576 0.0958904109589041 0.0949935815147625
1 0.2791095890410959 0.45378690629011553 0.07534246575342465 0.057766367137355584
1 0.19092465753424656 0.2958921694480103 0.0976027397260274 0.0680359435173299
1 0.15325342465753422 0.3337612323491656 0.08047945205479452 0.07188703465982028
1 0.48630136986301375 0.17137355584082153 0.07876712328767123 0.07060333761232349
1 0.464041095890411 0.026957637997432605 0.07876712328767123 0.04878048780487805
1 0.6952054794520548 0.1534017971758665 0.08561643835616438 0.07060333761232349
1 0.7534246575342466 0.15917843388960207 0.08561643835616438 0.06675224646983312
1 0.6943493150684933 0.06611039794608473 0.09417808219178082 0.057766367137355584
1 0.857876712328767 0.04043645699614892 0.09246575342465753 0.03465982028241335
1 0.8373287671232876 0.0969191270860077 0.1095890410958904 0.057766367137355584
1 0.8202054794520548 0.2297817715019255 0.0684931506849315 0.06418485237483953
1 0.6994863013698631 0.2958921694480103 0.10102739726027397 0.04236200256739409
1 0.7208904109589043 0.251604621309371 0.08561643835616438 0.043645699614890884
1 0.226027397260274 0.09820282413350451 0.13013698630136986 0.10654685494223363
1 0.4974315068493151 0.08793324775353017 0.0702054794520548 0.05006418485237484
1 0.29452054794520555 0.3729139922978176 0.10273972602739725 0.03979460847240052
