1 0.21352074966532797 0.675 0.11914323962516735 0.1821428571428571
1 0.282463186077644 0.6749999999999996 0.10977242302543505 0.1999999999999999
1 0.38018741633199465 0.7053571428571429 0.13386880856760375 0.23214285714285715
1 0.4698795180722891 0.6401785714285715 0.15528781793842034 0.1875
1 0.5742971887550202 0.5883928571428572 0.12315930388219545 0.17321428571428568
1 0.6680053547523428 0.5660714285714286 0.07764390896921017 0.1
1 0.5930388219544847 0.5044642857142856 0.1526104417670683 0.19107142857142853
1 0.9350736278447122 0.2955357142857143 0.07095046854083 0.10535714285714287
1 0.4725568942436412 0.3589285714285714 0.09906291834002674 0.11785714285714283
1 0.33601070950468537 0.4401785714285714 0.0856760374832664 0.11964285714285718
1 0.6706827309236947 0.28125 0.31593038821954483 0.43392857142857144
1 0.8661311914323961 0.25 0.2570281124497992 0.5
