0 0.5570687418936446 0.5852534562211982 0.3852140077821013 0.40552995391705066
0 0.27431906614785967 0.48847926267281117 0.18547341115434487 0.4423963133640555
0 0.4046692607003894 0.8052995391705067 0.2749675745784701 0.38940092165898543
0 0.7289234760051881 0.8421658986175111 0.40466926070038894 0.3156682027649763
0 0.42607003891050577 0.15783410138248835 0.22178988326848226 0.3156682027649767
0 0.6556420233463032 0.21082949308755747 0.3359273670557712 0.42165898617511494
0 0.9260700389105055 0.5737327188940087 0.1478599221789873 0.414746543778802
0 0.8923476005188058 0.2569124423963133 0.21530479896238625 0.38479262672811065
0 0.4896238651102457 0.3755760368663591 0.30220492866407206 0.24884792626728064
0 0.7743190661478581 0.5668202764976953 0.19195849546044097 0.313364055299539
