2 0.31164383561643844 0.17843388960205392 0.5102739726027399 0.35686777920410784
2 0.690068493150685 0.386392811296534 0.5513698630136985 0.31065468549422337
2 0.5967465753424657 0.684852374839538 0.4811643835616437 0.33761232349165593
2 0.2696917808219178 0.5442875481386393 0.37157534246575336 0.28241335044929394
2 0.3047945205479452 0.8645699614890886 0.3698630136986301 0.24005134788189988
2 0.6866438356164382 0.17201540436456997 0.3732876712328767 0.18741976893453147
2 0.11215753424657533 0.413992297817715 0.21746575342465754 0.3119383825417201
2 0.8398972602739727 0.1007702182284981 0.3030821917808219 0.2015404364569962
2 0.8450342465753425 0.8947368421052632 0.3099315068493151 0.20539152759948653
2 0.13613013698630141 0.8003851091142491 0.26883561643835624 0.24005134788189988
2 0.8553082191780823 0.5243902439024392 0.2893835616438356 0.3299101412066752
