0 0.30238095238095236 0.13124999999999998 0.28571428571428575 0.25535714285714284
0 0.46190476190476193 0.1732142857142857 0.18571428571428578 0.25
0 0.6154761904761904 0.21875 0.15952380952380948 0.24464285714285708
0 0.7583333333333326 0.2607142857142857 0.1785714285714285 0.21428571428571433
0 0.7511904761904762 0.4205357142857143 0.20238095238095238 0.19107142857142853
0 0.6095238095238096 0.39999999999999997 0.15714285714285714 0.19642857142857142
0 0.4369047619047619 0.3633928571428572 0.1833333333333333 0.23392857142857143
0 0.2595238095238095 0.3303571428571428 0.20476190476190476 0.2821428571428571
0 0.24880952380952376 0.6383928571428571 0.24047619047619048 0.2696428571428571
0 0.4511904761904762 0.636607142857143 0.17380952380952375 0.2375
0 0.6130952380952384 0.6366071428571428 0.18809523809523807 0.23035714285714307
0 0.7416666666666668 0.6258928571428573 0.20238095238095238 0.18035714285714285
0 0.7416666666666667 0.7999999999999999 0.1833333333333333 0.20714285714285716
0 0.5904761904761903 0.8321428571428577 0.23809523809523814 0.23571428571428565
0 0.41547619047619055 0.8598214285714278 0.23095238095238077 0.26964285714285696
0 0.2226190476190476 0.8607142857142858 0.2642857142857143 0.2785714285714286
