1 0.7160377358490564 0.3674623115577889 0.2886792452830188 0.20728643216080403
1 0.5207547169811321 0.4899497487437186 0.3320754716981132 0.23869346733668348
1 0.5849056603773585 0.22989949748743718 0.3056603773584905 0.15577889447236182
1 0.6433962264150943 0.16331658291457285 0.33584905660377357 0.19597989949748743
1 0.41509433962264153 0.17148241206030151 0.3660377358490566 0.3128140703517588
1 0.3311320754716981 0.35050251256281406 0.3415094339622641 0.17085427135678388
1 0.28773584905660377 0.5414572864321608 0.3075471698113207 0.1934673366834171
1 0.46509433962264146 0.6526381909547738 0.2622641509433962 0.13442211055276382
1 0.8754716981132076 0.8743718592964826 0.2490566037735849 0.22613065326633167
1 0.7056603773584905 0.9239949748743719 0.3169811320754717 0.15201005025125627
1 0.49999999999999944 0.818467336683417 0.4188679245283016 0.23241206030150777
1 0.30000000000000004 0.7273869346733668 0.4037735849056604 0.15326633165829145
1 0.9433962264150944 0.460427135678392 0.11320754716981134 0.19472361809045233
