2 0.7212055974165767 0.3848547717842324 0.03659849300322929 0.035269709543568464
2 0.6264800861141011 0.2946058091286307 0.023681377825618945 0.026970954356846474
2 0.6673842841765336 0.3049792531120332 0.02152852529601722 0.016597510373443983
2 0.7621097954790096 0.3184647302904564 0.03013993541442411 0.024896265560165977
2 0.5990312163616793 0.11618257261410787 0.024757804090419805 0.020746887966804975
2 0.49515608180839615 0.1519709543568465 0.04090419806243271 0.04253112033195021
2 0.6706135629709362 0.035269709543568464 0.03013993541442411 0.022821576763485476
2 0.7540365984930033 0.09958506224066391 0.024757804090419805 0.024896265560165977
2 0.7443487621097955 0.17790456431535268 0.03336921420882669 0.019709543568464726
2 0.9440258342303552 0.6338174273858921 0.012917115177610334 0.014522821576763484
2 0.9467168998923574 0.645228215767635 0.018299246501614644 0.008298755186721992
2 0.9090419806243273 0.6856846473029046 0.016146393972012917 0.01867219917012448
1 0.3299246501614639 0.27645228215767637 0.3799784714747039 0.23962655601659752
1 0.7029063509149622 0.1545643153526971 0.3595263724434876 0.3091286307053942
1 0.5296017222820237 0.43931535269709543 0.3638320775026911 0.42842323651452285
1 0.8180839612486543 0.5285269709543569 0.3509149623250806 0.45954356846473027
1 0.7368137782561895 0.8309128630705394 0.49192680301399355 0.29460580912863077
2 0.5532831001076426 0.6768672199170125 0.03659849300322929 0.021784232365145227
2 0.5532831001076426 0.6721991701244814 0.03444564047362755 0.02904564315352697
