1 0.8783783783783784 0.4020100502512563 0.13873873873873874 0.0829145728643216
1 0.7954954954954955 0.4327889447236181 0.10990990990990991 0.07914572864321608
1 0.5360360360360361 0.5175879396984921 0.11711711711711707 0.0854271356783919
1 0.6180180180180178 0.4685929648241206 0.07207207207207207 0.0904522613065327
1 0.6594594594594596 0.532035175879397 0.1153153153153153 0.05402010050251256
1 0.7261261261261261 0.42525125628140714 0.04684684684684685 0.059045226130653265
1 0.7702702702702704 0.48178391959798994 0.0990990990990991 0.056532663316582916
1 0.5423423423423424 0.6193467336683417 0.1045045045045045 0.0904522613065327
1 0.4648648648648649 0.6984924623115578 0.15855855855855855 0.16834170854271358
1 0.36216216216216224 0.6023869346733669 0.1081081081081081 0.16959798994974876
1 0.4261261261261261 0.5439698492462313 0.13513513513513514 0.10301507537688442
1 0.6135135135135134 0.5722361809045224 0.1387387387387385 0.07663316582914527
1 0.709009009009009 0.5062814070351759 0.08828828828828829 0.06030150753768845
1 0.6909909909909909 0.4648241206030151 0.04504504504504505 0.04522613065326635
