0 0.4196891191709839 0.4409620991253641 0.44559585492227904 0.37755102040816274
0 0.781088082901554 0.3367346938775508 0.4378238341968905 0.33236151603498515
0 0.1541450777202072 0.2663802297891922 0.3082901554404144 0.3994169096209912
0 0.4287564766839377 0.06997084548104957 0.4015544041450776 0.13994169096209913
0 0.5156708396976433 0.7321596450994756 0.39921732706367913 0.18291103050076113
0 0.19542550098423203 0.5960837462716861 0.39085100196846406 0.2737840689102621
0 0.43768545994065283 0.2274247491638796 0.3175074183976262 0.20066889632107024
0 0.761127596439168 0.11287625418060204 0.35311572700296706 0.22575250836120409
0 0.8471810089020755 0.6028428093645471 0.3056379821958478 0.18561872909698934
0 0.6394658753709197 0.4991638795986621 0.21661721068249185 0.2826086956521745
