1 0.7330210772833723 0.17053571428571426 0.12177985948477751 0.08035714285714286
1 0.7470725995316159 0.12142857142857141 0.10772833723653395 0.060714285714285714
1 0.7330210772833726 0.25535714285714284 0.08430913348946137 0.05357142857142857
1 0.8185011709601874 0.3026785714285715 0.0585480093676815 0.055357142857142855
1 0.7400468384074944 0.33035714285714285 0.06557377049180328 0.039285714285714285
1 0.598360655737705 0.32142857142857134 0.12880562060889927 0.05714285714285698
1 0.6065573770491802 0.35714285714285715 0.10772833723653395 0.075
1 0.8688524590163934 0.43303571428571425 0.10772833723653395 0.07321428571428572
1 0.7798594847775178 0.5901785714285714 0.1358313817330211 0.10535714285714287
1 0.433255269320843 0.5348214285714286 0.10772833723653395 0.09107142857142855
1 0.3231850117096019 0.7214285714285714 0.15456674473067922 0.10357142857142858
1 0.6920374707259953 0.7232142857142857 0.13348946135831383 0.10714285714285714
1 0.5796252927400469 0.4401785714285714 0.5175644028103045 0.7375
