2 0.589041095890411 0.3414634146341463 0.1232876712328767 0.12323491655969195
2 0.2662671232876712 0.3440308087291399 0.10445205479452055 0.07702182284980745
2 0.401541095890411 0.36200256739409503 0.10102739726027397 0.08729139922978177
2 0.3022260273972603 0.6322207958921695 0.14554794520547945 0.10141206675224644
2 0.39297945205479456 0.8209242618741978 0.13184931506849315 0.09370988446726573
2 0.37328767123287676 0.745186136071887 0.13013698630136986 0.09627727856225927
2 0.4657534246575342 0.8055198973042361 0.10273972602739725 0.10397946084724005
2 0.7654109589041096 0.6957637997432604 0.09246575342465753 0.08729139922978177
2 0.6421232876712328 0.6534017971758665 0.14726027397260275 0.12323491655969195
2 0.8595890410958904 0.689987163029525 0.18493150684931506 0.1245186136071887
2 0.9246575342465754 0.5917843388960204 0.10616438356164384 0.0949935815147625
2 0.7816780821917808 0.5879332477535302 0.2071917808219178 0.1258023106546855
2 0.7337328767123288 0.511553273427471 0.1386986301369863 0.10654685494223363
2 0.7046232876712328 0.3774069319640565 0.1386986301369863 0.10526315789473685
2 0.8450342465753424 0.2913992297817715 0.13527397260273977 0.11296534017971759
2 0.6797945205479452 0.22400513478818998 0.14383561643835616 0.11938382541720154
2 0.7534246575342466 0.22593068035943517 0.11643835616438356 0.14890885750962773
2 0.610445205479452 0.23684210526315788 0.10787671232876712 0.14249037227214376
