2 0.04144385026737968 0.15107142584664476 0.08288770053475936 0.06642856597900389
2 0.040106951871657755 0.20017856870378764 0.08021390374331551 0.07821429116385324
2 0.12165775401069517 0.18035714285714283 0.10962566844919783 0.04642857142857143
2 0.2794117647058823 0.15178571428571425 0.12032085561497326 0.06785714285714285
2 0.25133689839572193 0.26875 0.12834224598930483 0.058928571428571414
2 0.3663101604278075 0.29821428571428577 0.11229946524064172 0.06785714285714285
2 0.286096256684492 0.33125 0.11229946524064172 0.058928571428571414
2 0.5080213903743316 0.38839285714285715 0.11229946524064172 0.06964285714285715
2 0.5989304812834225 0.41071428571428564 0.08021390374331551 0.05714285714285714
2 0.5467914438502671 0.4562499999999998 0.11497326203208554 0.0625000000000001
2 0.46122994652406424 0.5125000000000001 0.12032085561497326 0.05714285714285714
2 0.6149732620320857 0.5258928571428572 0.10695187165775401 0.058928571428571414
2 0.5641711229946524 0.5642857142857143 0.11764705882352942 0.060714285714285714
2 0.608288770053476 0.580357142857143 0.09358288770053473 0.05357142857142857
2 0.7713903743315508 0.4803571428571429 0.11497326203208556 0.06428571428571427
2 0.7981283422459893 0.5267857142857143 0.10427807486631016 0.04642857142857143
2 0.8101604278074866 0.5651785714285714 0.10695187165775401 0.04821428571428572
2 0.7352941176470589 0.5232142857142857 0.09090909090909094 0.04642857142857143
2 0.8529411764705881 0.7339285714285715 0.11764705882352942 0.060714285714285714
2 0.8943850267379679 0.7669642857142858 0.12566844919786097 0.058928571428571414
2 0.4371657754010695 0.8410714285714285 0.11497326203208556 0.07142857142857141
2 0.9037433155080212 0.7946428571428572 0.08556149732620319 0.05357142857142857
2 0.8141711229946522 0.8178571428571427 0.08288770053475936 0.05357142857142857
