1 0.12307692307692306 0.4017857142857143 0.08205128205128204 0.05357142857142857
1 0.25111853042135973 0.4309527424844933 0.0593421311082176 0.041327555593223
1 0.18743429215888235 0.45161652028110477 0.08250003593093665 0.04031956643241261
1 0.16572375638758324 0.4188568725547695 0.07092108351957711 0.051407447201326104
1 0.28513170312972835 0.46774434685406985 0.07236845257099705 0.04435152307565389
1 0.23519747085574036 0.47228029807771615 0.07960529782809676 0.055439403844567386
1 0.28947381028398816 0.5050399458040515 0.08105266687951666 0.05039945804051576
1 0.367631739060665 0.45766445524596666 0.06947371446815716 0.05241543636213644
1 0.32203961394093683 0.5332636423067403 0.08250003593093665 0.06854326293510157
1 0.3748685843177647 0.5665272846134809 0.10421057170223579 0.060479349648619014
1 0.46750020360864086 0.5030239674824307 0.10131583359939585 0.07055924125672206
1 0.5854607812993661 0.5433435339148436 0.08539477403377647 0.07459119789996334
1 0.4624344119286711 0.6330545692269615 0.11434215506217534 0.07257521957834265
1 0.4675002036086409 0.5781191599627994 0.11000004790791555 0.051407447201326104
1 0.6491450195618435 0.5750951924803684 0.09697372644513612 0.06753527377429121
1 0.6440792278818737 0.6330545692269615 0.07526319067383688 0.0846710895080666
1 0.5746055134137162 0.6547263361843831 0.08684214308519644 0.07963114370401497
1 0.5188818049340489 0.7152056858330025 0.11144741695933544 0.07761516538239438
