2 0.3346253229974161 0.5452488687782807 0.08010335917312661 0.05520361990950226
2 0.36369509043927634 0.47737556561085975 0.06330749354005166 0.04253393665158371
2 0.42118863049095595 0.45248868778280543 0.04392764857881135 0.04343891402714932
2 0.19573643410852706 0.37420814479638004 0.050387596899224806 0.047963800904977386
2 0.14534883720930233 0.2927601809954751 0.04521963824289407 0.03529411764705882
2 0.12532299741602068 0.3190045248868778 0.05426356589147287 0.03529411764705882
2 0.09366925064599481 0.40814479638009055 0.060723514211886306 0.036199095022624445
2 0.584625322997416 0.39140271493212664 0.05813953488372093 0.0497737556561086
2 0.39857881136950896 0.3764705882352941 0.07881136950904394 0.039819004524886875
2 0.4967700258397933 0.5330316742081447 0.0736434108527132 0.03800904977375565
2 0.4102067183462533 0.7380090497737557 0.0710594315245478 0.05520361990950226
2 0.742894056847545 0.22171945701357465 0.04134366925064601 0.04162895927601809
2 0.7390180878552971 0.3158371040723982 0.05684754521963824 0.03800904977375565
2 0.6208010335917313 0.5171945701357467 0.05297157622739018 0.03891402714932127
2 0.7254521963824291 0.5248868778280543 0.04263565891472867 0.04886877828054299
2 0.6479328165374676 0.634841628959276 0.05813953488372093 0.03891402714932127
1 0.2835917312661499 0.234841628959276 0.39405684754521964 0.3285067873303167
1 0.6020671834625324 0.24886877828054302 0.4806201550387597 0.3873303167420815
1 0.6731266149870802 0.5742081447963802 0.5245478036175711 0.516742081447964
1 0.30749354005167967 0.6334841628959276 0.5090439276485789 0.5067873303167421
