2 0.3449101796407186 0.49121405750798725 0.10059880239520957 0.18370607028753994
2 0.17844311377245511 0.6565495207667732 0.12455089820359282 0.13099041533546324
2 0.3982035928143713 0.6517571884984025 0.11616766467065869 0.1757188498402556
2 0.5508982035928144 0.6477635782747604 0.11497005988023952 0.17412140575079874
2 0.719760479041916 0.7004792332268371 0.12215568862275449 0.19329073482428114
1 0.4239520958083833 0.2611821086261981 0.02155688622754491 0.036741214057507986
1 0.5263473053892216 0.2012779552715655 0.015568862275449102 0.022364217252396165
1 0.5616766467065869 0.18290734824281152 0.03832335329341317 0.011182108626198083
1 0.5736526946107784 0.15814696485623003 0.03832335329341317 0.019169329073482427
1 0.5550898203592814 0.12220447284345047 0.029940119760479042 0.0463258785942492
1 0.532934131736527 0.026357827476038338 0.033532934131736525 0.030351437699680503
1 0.5041916167664671 0.01996805111821086 0.03832335329341317 0.023961661341853034
1 0.5 0.079073482428115 0.025149700598802394 0.03354632587859425
1 0.4676646706586826 0.06150159744408946 0.015568862275449102 0.027156549520766772
1 0.4251497005988024 0.21485623003194887 0.03592814371257485 0.03354632587859425
1 0.47065868263473043 0.20686900958466453 0.026347305389221556 0.023961661341853034
1 0.39401197604790417 0.09025559105431309 0.04311377245508982 0.052715654952076675
1 0.39101796407185624 0.14297124600638975 0.017964071856287425 0.036741214057507986
1 0.3544910179640719 0.10063897763578275 0.026347305389221556 0.0415335463258786
1 0.38383233532934136 0.19488817891373802 0.037125748502994015 0.038338658146964855
