1 0.4310077519379845 0.9064070351758794 0.10232558139534884 0.08417085427135679
1 0.43410852713178294 0.8530150753768844 0.10542635658914726 0.07537688442211053
1 0.441860465116279 0.7839195979899489 0.12093023255813963 0.08542713567839186
1 0.5255813953488372 0.7418341708542712 0.09612403100775194 0.11683417085427136
1 0.4255813953488372 0.7173366834170855 0.11627906976744186 0.07035175879396985
1 0.23720930232558135 0.2255025125628141 0.14883720930232558 0.09673366834170855
1 0.3813953488372093 0.1972361809045226 0.15193798449612403 0.14572864321608037
1 0.31317829457364343 0.32851758793969843 0.21085271317829452 0.12437185929648241
1 0.5930232558139533 0.36494974874371855 0.2868217054263566 0.16457286432160803
1 0.6155038759689923 0.5251256281407035 0.15503875968992248 0.11809045226130653
1 0.48527131782945737 0.528894472361809 0.13333333333333333 0.10301507537688442
1 0.3790697674418605 0.4516331658291458 0.1720930232558139 0.15452261306532672
1 0.35658914728682173 0.5609296482412061 0.17674418604651163 0.12437185929648241
1 0.5356589147286822 0.6287688442211056 0.1596899224806202 0.12939698492462312
1 0.41705426356589154 0.6394472361809045 0.1674418604651163 0.135678391959799
