2 0.46408839779005523 0.7384105960264901 0.1480662983425414 0.22516556291390727
2 0.3740331491712708 0.7831125827814569 0.12486187845303867 0.19536423841059603
2 0.5585635359116022 0.7359271523178808 0.11823204419889503 0.19039735099337748
2 0.7806629834254146 0.7367549668874173 0.16685082872928178 0.2549668874172186
2 0.7486187845303865 0.4279801324503311 0.1005524861878453 0.20364238410596028
2 0.958011049723757 0.277317880794702 0.06629834254143646 0.15397350993377482
2 0.9701657458563535 0.39486754966887416 0.05966850828729282 0.14072847682119205
2 0.9718232044198895 0.5554635761589404 0.056353591160221 0.16390728476821192
2 0.7060773480662984 0.25413907284768217 0.13480662983425415 0.22350993377483444
2 0.5640883977900552 0.4561258278145695 0.11160220994475138 0.1870860927152318
2 0.5027624309392266 0.5711920529801324 0.1569060773480663 0.18543046357615892
2 0.3718232044198895 0.6125827814569537 0.11602209944751381 0.17218543046357618
2 0.3955801104972376 0.3278145695364239 0.10165745856353592 0.17218543046357618
2 0.4646408839779006 0.27980132450331124 0.10497237569060774 0.18874172185430463
2 0.4480662983425414 0.18460264900662252 0.1138121546961326 0.19701986754966888
2 0.5309392265193371 0.14155629139072848 0.09834254143646412 0.17715231788079466
2 0.6033149171270717 0.2715231788079471 0.12596685082872947 0.20198675496688742
2 0.6375690607734807 0.10099337748344371 0.13922651933701657 0.19867549668874174
