0 0.15962099125364432 0.6268221574344023 0.17346938775510204 0.17784256559766765
0 0.19752186588921272 0.7434402332361514 0.24927113702623882 0.18950437317784208
0 0.600583090379008 0.6632653061224489 0.18367346938775492 0.1457725947521865
0 0.7325072886297376 0.6049562682215742 0.1880466472303207 0.15451895043731775
0 0.6486880466472298 0.8330903790087472 0.14285714285714232 0.21428571428571483
0 0.7718658892128283 0.8950437317784254 0.12973760932944592 0.18950437317784258
0 0.8177842565597669 0.6683673469387755 0.08746355685131217 0.16763848396501463
0 0.7346938775510204 0.7361516034985423 0.2303206997084548 0.17492711370262393
0 0.7602040816326527 0.19387755102040816 0.25218658892128315 0.358600583090379
0 0.7864431486880469 0.416180758017493 0.1938775510204087 0.17055393586005801
0 0.9322157434402317 0.20481049562682216 0.13556851311953347 0.37755102040816324
1 0.9380466472303214 0.4285714285714286 0.1151603498542275 0.13411078717201186
1 0.12687832831592194 0.06040498640884136 0.14629359320080448 0.04617705429024443
1 0.2503819493470231 0.05672282525223773 0.05015780338313279 0.0332394966864412
1 0.20818574626820732 0.10518874005891778 0.04657506403108301 0.06090594187338416
1 0.1637005541517012 0.13534318285437333 0.04040489716974588 0.07583382178164128
1 0.29277726614804744 0.10817433240552946 0.025476979496194412 0.04378855850908421
