2 0.18095238095238095 0.20982142857142855 0.273015873015873 0.12678571428571425
2 0.3253968253968254 0.26785714285714285 0.28253968253968254 0.10357142857142858
2 0.7047619047619048 0.29375 0.30476190476190473 0.1767857142857143
2 0.473015873015873 0.35 0.019047619047619046 0.014285714285714285
2 0.5809523809523809 0.4330357142857145 0.32380952380952394 0.16964285714285676
2 0.2920634920634921 0.5473214285714286 0.24126984126984127 0.12678571428571425
2 0.4841269841269841 0.5616071428571429 0.24444444444444438 0.13392857142857142
2 0.4428571428571429 0.4580357142857142 0.18095238095238095 0.13392857142857142
2 0.5999999999999996 0.6178571428571421 0.22222222222222218 0.14285714285714252
2 0.43333333333333335 0.6419642857142857 0.19365079365079368 0.08035714285714286
2 0.8507936507936507 0.6026785714285714 0.2539682539682539 0.13749999999999987
2 0.8206349206349206 0.7339285714285713 0.2507936507936508 0.13214285714285728
