2 0.11933701657458563 0.40579710144927544 0.12596685082872924 0.13768115942028986
2 0.22099447513812154 0.4667874396135266 0.13259668508287292 0.13405797101449277
2 0.27071823204419887 0.5181159420289855 0.10607734806629834 0.13768115942028986
2 0.2618784530386741 0.3568840579710145 0.12375690607734807 0.1171497584541063
2 0.4331491712707182 0.4716183574879227 0.1723756906077348 0.1316425120772947
2 0.43646408839779 0.6672705314009661 0.1524861878453039 0.1292270531400966
2 0.49226519337016583 0.7427536231884057 0.14696132596685083 0.15217391304347827
2 0.4977900552486188 0.8019323671497582 0.1270718232044199 0.1111111111111111
2 0.6861878453038677 0.7620772946859903 0.13922651933701657 0.13285024154589373
2 0.7182320441988951 0.8635265700483091 0.13480662983425415 0.11352657004830918
2 0.5839779005524862 0.8961352657004831 0.1292817679558011 0.09178743961352658
2 0.7950276243093923 0.9142512077294686 0.13812154696132597 0.1111111111111111
2 0.9044198895027624 0.44021739130434784 0.11160220994475138 0.10265700483091787
2 0.949171270718232 0.501207729468599 0.0861878453038674 0.11594202898550725
2 0.829281767955801 0.3882850241545895 0.14475138121546963 0.12681159420289856
2 0.7845303867403315 0.35567632850241543 0.07734806629834254 0.06642512077294686
2 0.8386740331491712 0.2596618357487922 0.12154696132596685 0.13768115942028986
2 0.7712707182320442 0.12016908212560388 0.143646408839779 0.10990338164251208
2 0.5475138121546962 0.18357487922705315 0.16685082872928178 0.16183574879227053
