1 0.7532923927866633 0.9653272431924605 0.06273006517207211 0.06934551361507879
1 0.4752599852867162 0.7823985607250971 0.08718415837474437 0.06057769005455167
1 0.1988224099521609 0.8214552293129003 0.06591972950285552 0.03347714450383131
1 0.2381616033651553 0.9493857458096838 0.06379328661566663 0.04065081832608069
1 0.22115006026764422 0.9788775159678209 0.10206925858506656 0.04224496806435843
1 0.2806904611089331 0.9358354730343234 0.07229905816442213 0.04862156701746922
1 0.304612943589808 0.9059451654416173 0.09250026559271655 0.05420109110144102
1 0.36415334443109687 0.9127203018292971 0.056350736510505504 0.048621567017469086
1 0.3083342186423886 0.9736965293184184 0.06804617239004439 0.041447893195219555
1 0.38275971969399963 0.9808702031406678 0.05741395795409994 0.03825959371866422
1 0.37053267309266347 0.9529725827208084 0.0499714078489388 0.02710054555072051
1 0.4465530063096664 0.9788775159678207 0.06591972950285552 0.034274219372970025
1 0.49865085704579387 0.9621389437159052 0.07442550105161105 0.04224496806435843
1 0.2647421394550164 0.7995356704115822 0.07867838682598881 0.018332721990193247
1 0.26208408584603027 0.829824515438858 0.09462670847990547 0.027897620419859232
1 0.3423573048374107 0.7991371329770129 0.04890818640534441 0.031882994765553424
1 0.3322567011232638 0.8473601625599124 0.06485650805926067 0.045433267540914174
1 0.3572424050477329 0.863700197377259 0.00637932866156666 0.00956489842966613
1 0.39870804134791626 0.7776161115102641 0.0637932866156666 0.06376598953110701
1 0.5821137403679577 0.7608775392583486 0.10738536580303877 0.10361973298804882
1 0.5693550830448244 0.7967459083695964 0.10313248002866103 0.046230342410052624
1 0.564038975826852 0.8565265235550092 0.0776151653823944 0.09564898429666059
1 0.4858921997226606 0.8804387696291743 0.09781637281068876 0.07811333717560606
1 0.42582018815957456 0.8816343819328826 0.0967531513670943 0.09166360995096623
1 0.6655766236901215 0.8405850261722324 0.0999428156978777 0.04941864188660782
1 0.6778036702914576 0.7560950900435156 0.11163825157741654 0.07492503769905087
1 0.07708355466059715 0.5903035172626374 0.14566133777243873 0.06217183979282941
1 0.2232765031548331 0.6026581777342894 0.08718415837474434 0.0374625188495255
1 0.1764947596366776 0.5512468486748342 0.0808048297131777 0.027100545550720435
1 0.2514518714100859 0.5333126641192104 0.07761516538239438 0.037462518849525436
1 0.4848289782790662 0.6464972955369254 0.09356348703631098 0.12832905393135302
1 0.602314947796252 0.6341426350652735 0.07548872249520555 0.14825592565982398
1 0.6629185700811355 0.5934918167391926 0.09675315136709434 0.13869102723015786
1 0.7995425255830213 0.5903035172626373 0.07655194393879992 0.06695428900766247
1 0.25623636790626086 0.2794443182984904 0.1020692585850666 0.04941864188660799
1 0.33810441906303296 0.2718721070416714 0.08505771548755545 0.054998165970579806
1 0.2992968363718358 0.522552153385836 0.09462670847990547 0.04941864188660795
1 0.2264661674856164 0.4791115730177694 0.07229905816442213 0.05659231570885748
1 0.29132267554487745 0.4735320489337975 0.09143704414912211 0.04065081832608077
1 0.40934025578386063 0.6134186884676636 0.04252885774377775 0.044636192671775016
1 0.36627978731828575 0.6472943704060641 0.039339193412994404 0.02630347068158164
1 0.3104606615295775 0.657656343704869 0.08293127260036663 0.03746251884952536
1 0.309397440085983 0.6150128382059412 0.07229905816442217 0.047824492148330344
1 0.36787461948367745 0.5914991295663456 0.0637932866156666 0.05021571675574682
1 0.3753171695888385 0.5293272897735162 0.10206925858506656 0.021521021466748655
1 0.46250132796358284 0.5094004180450452 0.03827597196939996 0.039056668587803094
1 0.4013660949569024 0.47751742327949165 0.0925002655927166 0.05818646544713515
1 0.43379434898653296 0.45480078950903485 0.0999428156978777 0.04941864188660795
1 0.5337371646844106 0.48190133505975524 0.0850577154875555 0.07173673822249546
1 0.46515938157256903 0.5691810332304581 0.08186805115677215 0.03268006963469237
1 0.7426601783507186 0.48349548479803306 0.10525892291584991 0.07333088796077313
1 0.8675886979730657 0.5277331400352385 0.08718415837474437 0.07412796282991184
1 0.810706350740763 0.39741139893103844 0.0988795942542832 0.07651918743732844
1 0.5730763580974049 0.42012803270149535 0.06591972950285546 0.04543326754091376
1 0.4874870318880523 0.4029909230150104 0.10100603714147217 0.05898354031627401
1 0.40030287351330784 0.37668745233342876 0.11163825157741657 0.05898354031627401
1 0.3359779761758442 0.38386112615567825 0.0808048297131777 0.07651918743732844
1 0.32002965452192744 0.3412176206567504 0.07867838682598885 0.05818646544713516
1 0.25304670357547754 0.3320512596616538 0.036149529082211085 0.020723946597609816
1 0.234971939034372 0.3228848986665571 0.08505771548755547 0.039056668587803094
1 0.11695435879538878 0.30136387719980845 0.13609234478008875 0.07412796282991196
1 0.42316213455058843 0.3109287756294745 0.07655194393879987 0.06296891466196824
1 0.5560648149998939 0.360745954950652 0.0999428156978777 0.0828957863904392
1 0.6767404488478632 0.3954187117581913 0.13077623756211657 0.08050456178302264
1 0.7655194393879993 0.28900921672815644 0.08931060126193324 0.09724313403493824
1 0.6039097799616439 0.28980629159729526 0.06166684372847773 0.08289578639043911
1 0.5151307894215066 0.2866179921207403 0.14778778065962744 0.09405483455838402
1 0.5959356191346855 0.5508483112402648 0.047844964961749926 0.039056668587803094
1 0.5528751506691105 0.6225850494627602 0.03402308619502223 0.13311150314618594
1 0.4518691135276384 0.21082630288722268 0.09568992992349985 0.12992320366963062
1 0.534800386128005 0.12514075445479758 0.13821878766727766 0.10521388272632663
1 0.6868410525620103 0.1574222866549205 0.0850577154875555 0.04543326754091379
1 0.7373440711327462 0.17057402199571134 0.15841999509557209 0.09405483455838289
1 0.8909795697321435 0.18930528142047404 0.07867838682598881 0.05659231570885753
1 0.9683490459033522 0.0773162623064673 0.06330190819329534 0.07970748691388381
1 0.8553616513717296 0.04025228089151133 0.0988795942542832 0.07572211256818963
1 0.7022577634941299 0.05420109110144102 0.07761516538239462 0.05738939057799631
1 0.6336799803822882 0.05579524083971867 0.07867838682598889 0.04941864188660797
1 0.4715387102341356 0.06097622748912112 0.13715556622368322 0.07412796282991195
1 0.5884930690295243 0.22158681362059704 0.1499142235468165 0.04463619267177492
1 0.31737160091294137 0.42922481703126436 0.12439690890054989 0.035868369111247696
