0 0.7268145161290324 0.12195121951219516 0.11088709677419355 0.06675224646983312
0 0.47983870967741943 0.5744544287548139 0.10483870967741936 0.052631578947368425
1 0.7046370967741935 0.4473684210526316 0.28830645161290325 0.21951219512195125
1 0.5060483870967741 0.5718870346598203 0.45564516129032256 0.23234916559691915
1 0.4929435483870968 0.14184852374839538 0.2600806451612903 0.17843388960205392
1 0.6965725806451613 0.1540436456996149 0.3084677419354839 0.16944801026957637
1 0.21471774193548385 0.28562259306803595 0.26411290322580644 0.12195121951219512
1 0.22782258064516128 0.44608472400513477 0.1814516129032258 0.16046213093709885
1 0.1743951612903226 0.08985879332477537 0.17540322580645162 0.11553273427471117
1 0.6320564516129032 0.7721437740693194 0.3689516129032258 0.196405648267009
1 0.784274193548387 0.646341463414634 0.2056451612903226 0.11424903722721437
1 0.3629032258064516 0.8414634146341462 0.2701612903225806 0.18613607188703465
1 0.6875 0.9024390243902439 0.3024193548387097 0.12323491655969195
