2 0.4844827586206897 0.26256281407035176 0.13218390804597702 0.1608040201005025
2 0.5770114942528736 0.3234924623115578 0.15402298850574714 0.13693467336683418
2 0.5816091954022988 0.5157035175879398 0.1632183908045977 0.1620603015075377
2 0.7683908045977014 0.5395728643216081 0.13448275862068962 0.157035175879397
2 0.8810344827586208 0.5835427135678392 0.14137931034482762 0.12939698492462312
2 0.7436781609195402 0.6394472361809046 0.15632183908045977 0.13819095477386933
2 0.7488505747126437 0.5119346733668342 0.13908045977011493 0.13944723618090452
2 0.09137931034482757 0.5527638190954774 0.13448275862068962 0.1432160804020101
2 0.45229885057471264 0.800251256281407 0.15977011494252874 0.17336683417085427
2 0.24827586206896557 0.8844221105527639 0.17701149425287363 0.14824120603015076
2 0.15804597701149425 0.7324120603015076 0.11379310344827585 0.1432160804020101
2 0.1517241379310345 0.5998743718592966 0.12873563218390804 0.13442211055276382
2 0.2655172413793103 0.11118090452261306 0.11954022988505747 0.14195979899497488
2 0.2074712643678161 0.08668341708542715 0.13908045977011493 0.1256281407035176
2 0.07298850574712654 0.5226130653266328 0.11609195402298855 0.10552763819095576
