2 0.7319034852546916 0.5946428571428573 0.26273458445040215 0.15714285714285714
2 0.8083109919571048 0.6491071428571428 0.1581769436997319 0.06607142857142859
2 0.74798927613941 0.5151785714285715 0.24128686327077747 0.13035714285714287
2 0.4436997319034853 0.20982142857142855 0.30831099195710454 0.12678571428571425
2 0.6876675603217159 0.2625 0.31367292225201066 0.11071428571428571
2 0.2667560321715817 0.3017857142857142 0.2386058981233244 0.11428571428571428
2 0.40482573726541554 0.3142857142857143 0.19839142091152817 0.09642857142857145
2 0.5482573726541554 0.36785714285714277 0.21715817694369974 0.1
2 0.5013404825737261 0.46071428571428585 0.2520107238605901 0.15357142857142841
2 0.31635388739946385 0.3946428571428571 0.21447721179624665 0.11785714285714283
2 0.2386058981233244 0.4875 0.1554959785522788 0.10714285714285714
2 0.3954423592493297 0.5348214285714284 0.31367292225201066 0.14107142857142857
2 0.4839142091152816 0.6714285714285715 0.2975871313672924 0.16785714285714295
2 0.13672922252010725 0.5848214285714285 0.2037533512064343 0.10178571428571428
2 0.18900804289544237 0.632142857142857 0.21715817694369974 0.125
