2 0.30222602739726023 0.6187419768934531 0.4811643835616437 0.26957637997432604
2 0.6506849315068493 0.8042362002567394 0.4863013698630138 0.34017971758664955
2 0.30136986301369867 0.8427471116816432 0.4143835616438356 0.19383825417201547
2 0.41609589041095885 0.2984595635430038 0.4623287671232877 0.3350449293966623
2 0.7157534246575343 0.45956354300385116 0.4075342465753425 0.26700898587933247
2 0.8767123287671234 0.5892169448010269 0.2363013698630137 0.31322207958921694
2 0.8715753424657534 0.20667522464698332 0.2328767123287671 0.2336328626444159
2 0.6763698630136986 0.13735558408215662 0.3904109589041096 0.2644415917843389
2 0.3921232876712329 0.07637997432605906 0.2945205479452055 0.1399229781771502
2 0.12071917808219182 0.45635430038510916 0.23801369863013705 0.32220795892169446
