0 0.6816431322207959 0.6181001283697046 0.48010269576379977 0.7329910141206674
0 0.2612323491655969 0.40757381258023107 0.43517329910141206 0.6559691912708601
0 0.5141206675224648 0.19255455712451855 0.33247753530166885 0.3851091142490371
0 0.7323491655969191 0.10590500641848527 0.26572528883183566 0.21181001283697054
0 0.8112965340179715 0.31065468549422337 0.27471116816431324 0.2849807445442875
0 0.3254172015404365 0.8151476251604621 0.10654685494223363 0.15661103979460847
0 0.37740693196405645 0.8523748395378691 0.07958921694480103 0.11296534017971759
0 0.2092426187419769 0.7670089858793322 0.110397946084724 0.09627727856225927
0 0.04685494223363287 0.6373555840821566 0.09114249037227214 0.21694480102695762
0 0.11103979460847238 0.7092426187419767 0.07060333761232349 0.09114249037227214
0 0.9172015404364572 0.34531450577663675 0.15789473684210525 0.22593068035943517
