0 0.09567198177676538 0.6322207958921695 0.19134396355353075 0.18356867779204109
0 0.3189066059225512 0.49486521181001286 0.3052391799544419 0.18870346598202828
0 0.2722095671981777 0.6033376123234916 0.2938496583143508 0.13093709884467267
0 0.4977220956719817 0.5622593068035944 0.18906605922551253 0.10526315789473685
0 0.1070615034168565 0.36585365853658536 0.214123006833713 0.10526315789473685
0 0.6036446469248291 0.3523748395378691 0.09567198177676538 0.057766367137355584
0 0.9430523917995444 0.5231065468549422 0.11389521640091116 0.07830551989730423
0 0.6947608200455582 0.06482670089858793 0.0683371298405467 0.026957637997432605
1 0.2984054669703873 0.282413350449294 0.17767653758542137 0.10012836970474968
1 0.4943052391799545 0.4216944801026958 0.24601366742596809 0.12195121951219512
1 0.7482915717539865 0.5648267008985879 0.1617312072892939 0.0693196405648267
1 0.5854214123006835 0.46341463414634143 0.1275626423690205 0.04621309370988448
1 0.5341685649202733 0.5532734274711169 0.17995444191343965 0.07958921694480103
1 0.1355353075170843 0.24582798459563546 0.1617312072892939 0.07060333761232349
1 0.6378132118451024 0.20218228498074453 0.14578587699316628 0.07573812580231065
1 0.46697038724373585 0.1951219512195122 0.09567198177676538 0.06418485237483953
1 0.7744874715261959 0.22593068035943514 0.11389521640091116 0.08985879332477538
1 0.9077448747152619 0.028883183568677792 0.18451025056947612 0.05006418485237484
1 0.33029612756264237 0.09691912708600771 0.20045558086560358 0.08087291399229782
1 0.8963553530751709 0.20410783055198972 0.12984054669703873 0.06675224646983312
1 0.6138952164009112 0.12323491655969193 0.14350797266514806 0.07702182284980745
1 0.45216400911161725 0.11553273427471117 0.13439635535307518 0.06675224646983312
1 0.4544419134396355 0.300385109114249 0.11617312072892938 0.07445442875481387
1 0.712984054669704 0.07509627727856226 0.13211845102505695 0.07830551989730423
1 0.9521640091116175 0.10718870346598203 0.09567198177676538 0.057766367137355584
