0 0.09223744292237443 0.5267857142857144 0.08767123287671233 0.11525974025974026
0 0.46757990867579907 0.538961038961039 0.07488584474885843 0.11363636363636363
0 0.5369863013698628 0.23051948051948049 0.0821917808219178 0.12987012987012983
0 0.5885844748858448 0.8790584415584415 0.053881278538812784 0.10876623376623376
1 0.5095890410958904 0.8538961038961039 0.058447488584474884 0.10389610389610389
1 0.4616438356164383 0.8725649350649349 0.052054794520547946 0.09577922077922078
1 0.38767123287671235 0.7686688311688311 0.03744292237442921 0.05357142857142856
1 0.38858447488584474 0.8368506493506495 0.044748858447488576 0.0698051948051948
1 0.4041095890410959 0.8668831168831168 0.05570776255707763 0.07142857142857144
1 0.6616438356164381 0.9115259740259742 0.057534246575342465 0.08603896103896105
1 0.5780821917808219 0.7353896103896105 0.049315068493150684 0.1103896103896104
1 0.6356164383561643 0.8474025974025976 0.062100456621004566 0.09090909090909091
1 0.6228310502283105 0.7564935064935063 0.062100456621004566 0.08766233766233766
1 0.5310502283105023 0.7248376623376623 0.053881278538812784 0.08279220779220779
1 0.5164383561643836 0.6574675324675324 0.06301369863013699 0.08441558441558442
1 0.4611872146118721 0.7767857142857142 0.07488584474885843 0.10551948051948049
1 0.44429223744292234 0.6582792207792206 0.08310502283105023 0.150974025974026
1 0.3666666666666667 0.637987012987013 0.057534246575342465 0.1525974025974026
1 0.38219178082191774 0.4642857142857143 0.053881278538812784 0.08766233766233766
1 0.31643835616438354 0.6566558441558442 0.09041095890410959 0.1314935064935065
1 0.24383561643835616 0.4740259740259741 0.03287671232876712 0.058441558441558426
1 0.2310502283105023 0.5259740259740261 0.043835616438356165 0.07142857142857144
1 0.18493150684931506 0.40340909090909094 0.0721461187214612 0.08928571428571429
1 0.17077625570776253 0.5170454545454547 0.06027397260273973 0.09577922077922078
1 0.2310502283105023 0.5746753246753246 0.08767123287671233 0.13636363636363635
1 0.33607305936073056 0.5316558441558442 0.10593607305936073 0.125
1 0.136986301369863 0.41233766233766234 0.07488584474885843 0.1461038961038961
1 0.15388127853881278 0.2954545454545454 0.06666666666666667 0.08116883116883117
1 0.22374429223744294 0.3043831168831169 0.07671232876712328 0.16396103896103897
1 0.2762557077625571 0.36769480519480524 0.108675799086758 0.1542207792207792
1 0.2908675799086758 0.21428571428571427 0.09041095890410959 0.14935064935064934
1 0.35707762557077627 0.3709415584415584 0.04018264840182648 0.08928571428571429
1 0.4365296803652969 0.36201298701298695 0.09863013698630137 0.11688311688311685
1 0.4031963470319635 0.47808441558441556 0.06666666666666667 0.09253246753246752
1 0.3726027397260274 0.2142857142857143 0.06575342465753424 0.17857142857142858
1 0.4420091324200914 0.18262987012987011 0.1004566210045662 0.23214285714285715
1 0.38721461187214606 0.10957792207792208 0.058447488584474884 0.0762987012987013
1 0.7073059360730594 0.7540584415584416 0.0867579908675799 0.125
1 0.717351598173516 0.8417207792207794 0.09041095890410959 0.12175324675324677
1 0.7949771689497718 0.7857142857142857 0.08493150684931507 0.19480519480519484
1 0.6949771689497717 0.6753246753246753 0.07671232876712328 0.09415584415584416
1 0.7776255707762557 0.6655844155844156 0.06118721461187215 0.09740259740259742
1 0.8168949771689498 0.5803571428571428 0.07031963470319633 0.1542207792207792
1 0.6123287671232878 0.5584415584415585 0.057534246575342465 0.12337662337662338
1 0.6497716894977168 0.6047077922077922 0.07945205479452054 0.10227272727272728
1 0.6899543378995435 0.49756493506493504 0.053881278538812784 0.08279220779220779
1 0.8712328767123287 0.36688311688311687 0.06027397260273973 0.10714285714285712
1 0.8187214611872146 0.32305194805194803 0.07031963470319633 0.1103896103896104
1 0.880365296803653 0.38879870129870125 0.1223744292237443 0.2224025974025974
1 0.7625570776255708 0.34090909090909094 0.058447488584474884 0.11363636363636363
1 0.7885844748858447 0.4407467532467533 0.07397260273972603 0.1185064935064935
1 0.7260273972602741 0.4375 0.052968036529680365 0.10876623376623376
1 0.7242009132420093 0.5844155844155844 0.08767123287671233 0.12337662337662338
1 0.5703196347031962 0.45211038961038974 0.0684931506849315 0.09902597402597403
1 0.5283105022831052 0.37743506493506496 0.06666666666666667 0.09253246753246752
1 0.6013698630136987 0.21753246753246752 0.0721461187214612 0.1331168831168831
1 0.6684931506849315 0.2207792207792208 0.06757990867579909 0.09090909090909091
1 0.5835616438356164 0.34009740259740256 0.0639269406392694 0.09577922077922078
1 0.6255707762557077 0.4521103896103896 0.0730593607305936 0.12824675324675325
1 0.654337899543379 0.3538961038961039 0.07397260273972603 0.14935064935064934
1 0.7931506849315071 0.2069805194805195 0.0958904109589041 0.15746753246753248
1 0.7132420091324201 0.2605519480519481 0.07853881278538813 0.2581168831168832
1 0.5616438356164383 0.11282467532467531 0.08036529680365297 0.10227272727272728
1 0.6269406392694064 0.11607142857142858 0.05936073059360729 0.07305194805194805
1 0.6378995433789953 0.05113636363636364 0.0867579908675799 0.09577922077922078
1 0.5031963470319635 0.43100649350649356 0.062100456621004566 0.09577922077922078
1 0.5972602739726027 0.6883116883116882 0.049315068493150684 0.09740259740259742
1 0.8397260273972603 0.5657467532467533 0.04657534246575343 0.07305194805194805
